0.000000
34 2306 34 2306
171 7621 171 7621
222 6895 222 6895
534 9628 534 9628
741 3324 741 3324
749 3886 749 3886
759 5080 759 5080
1217 1982 1217 1982
1323 4692 1323 4692
1441 7992 1441 7992
2028 3265 2028 3265
2484 4040 2484 4040
3512 7492 3512 7492
3772 7903 3772 7903
3823 50 3823 50
4058 372 4058 372
4803 9145 4803 9145
4822 4692 4822 4692
5157 973 5157 973
5549 8140 5549 8140
5728 4066 5728 4066
5906 7205 5906 7205
6176 1802 6176 1802
6454 5910 6454 5910
7078 1134 7078 1134
7148 7495 7148 7495
7216 7407 7216 7407
7765 6179 7765 6179
7932 9726 7932 9726
8010 3752 8010 3752
8072 8750 8072 8750
8889 6955 8889 6955
9187 1638 9187 1638
9416 125 9416 125
