0.000000
89 9236 89 9236
1083 2609 1083 2609
1083 2609 1083 2609
1205 3520 1205 3520
1264 4169 1264 4169
1264 4169 1264 4169
1291 5621 1291 5621
1356 4165 1356 4165
1356 4165 1356 4165
1548 5225 1548 5225
1548 5225 1548 5225
1624 6314 1624 6314
2069 2357 2069 2357
2349 154 2349 154
2478 4333 2478 4333
3020 5500 3020 5500
3133 2438 3133 2438
3144 3805 3144 3805
3320 7965 3320 7965
3478 4544 3478 4544
3478 4544 3478 4544
3992 3548 3992 3548
4232 6981 4232 6981
4454 8916 4454 8916
4570 6700 4570 6700
5107 1499 5107 1499
5340 2516 5340 2516
5584 6392 5584 6392
5909 3517 5909 3517
6173 5012 6173 5012
6210 1211 6210 1211
6265 1016 6265 1016
6265 3951 6265 3951
6344 8800 6344 8800
7087 8524 7087 8524
7136 8527 7136 8527
7235 8219 7235 8219
7288 4983 7288 4983
7445 4414 7445 4414
7455 1747 7455 1747
7682 6518 7682 6518
7821 214 7821 214
7829 2685 7829 2685
7928 2450 7928 2450
7946 1828 7946 1828
7982 1606 7982 1606
8649 737 8649 737
8725 9173 8725 9173
9573 658 9573 658
9573 658 9573 658
9623 3254 9623 3254
9972 4262 9972 4262
9972 4262 9972 4262
