87 8353
1827 4446
7724 7528
5486 6979
9716 6759
7142 8095
9367 3783
8174 2647
1003 1085
64 4429
3734 2928
9487 6309
7591 3863
4062 1175
7076 9201
3190 7288
6468 5539
2816 3599
3661 6827
1571 3476
1922 9378
5622 87
5652 4619
553 318
4994 9936
2555 2988
9327 5272
1699 2657
237 8119
6121 9171
2042 9750
9172 1026
3594 8128
818 729
9784 5982
7068 3630
7825 9
2167 8224
7740 1163
8197 2623
2823 944
9795 5659
7509 5658
8042 8415
2595 1526
7470 1270
1918 5191
8038 6619
1576 8660
9869 2791
4582 3372
514 2726
5998 8267
4447 7552
1649 8184
2830 5707
6547 9089
3237 4674
6977 4470
8243 3911
1239 2191
7169 1183
8298 85
326 3402
817 2437
1285 4429
5081 3324
3342 4910
3983 471
4388 4824
4467 2847
823 1705
59 2043
207 9919
5207 3085
4747 2100
8369 1189
7663 2274
8869 4365
2029 4161
2230 9326
2779 436
5786 332
6473 1208
2233 8528
8468 4024
9635 2463
5322 356
1635 1599
1858 8884
9824 1602
6659 8975
8657 723
929 8064
6889 2371
9616 289
8874 3075
8739 3928
132 9794
4374 5331
