9038 8466
8004 7261
2575 2968
1459 1457
2729 5182
6465 6828
2798 2874
9291 2854
6359 6031
9663 3525
8088 7780
8635 7543
4962 7645
4163 5015
6857 434
9064 399
4338 7902
7995 7609
5027 5287
4220 8301
1447 5058
2471 3462
7015 6131
4799 9023
6328 4701
5252 7457
6195 2697
8617 8272
1152 1260
629 875
9914 2170
1202 3843
7676 5081
159 5171
4227 1655
7793 5794
4018 7098
849 1050
94 5290
4803 4596
4622 7994
6503 3351
252 9069
749 8481
2637 4450
2153 4357
4646 7660
1472 108
4761 904
4961 5042
1040 9867
4592 9443
3105 652
3682 8247
2353 3889
7719 9703
7857 770
8761 3695
9222 1030
4087 8615
7240 1952
6860 1632
2471 2599
8115 1128
3875 4977
8000 5545
5414 745
6618 937
2736 5811
8184 3088
2721 5036
8895 8142
4925 4576
5848 1039
9070 5689
7865 9454
6078 1094
6385 2431
8043 3236
2025 4704
2333 4003
1237 5229
9429 689
5935 9605
761 4781
3881 4538
4458 4385
604 111
6897 1361
4031 2640
2498 9794
4179 159
6580 2735
7697 7108
1985 5089
2059 148
9767 9777
9421 9057
697 4312
9990 102
