9327 1577
7362 1513
2587 1639
5446 8509
1705 1510
3868 2579
9266 9309
2021 5841
4970 2441
8369 1140
7515 7248
9186 7864
967 7730
2579 1856
3034 8511
6324 9493
3886 3543
1263 3177
1090 971
1047 1352
3074 3662
7598 1792
599 3806
1016 4063
6542 3116
8476 2103
6172 7454
5619 650
1415 4972
596 3656
634 6724
2815 8367
2828 5624
5216 7655
2003 3901
3859 4422
1606 5226
4500 7715
4776 142
8668 7072
6747 8565
6646 9128
6238 8386
820 8537
7255 6142
5269 8373
743 9092
101 7895
3439 3325
4791 3532
7859 6117
9046 8549
5103 5817
7358 2201
6138 2349
4842 8578
2340 6456
1898 8854
2404 3990
7945 8690
4997 5572
7054 4358
4499 330
5028 1239
4098 1197
7594 8045
6241 6433
7689 7171
2339 2509
5477 1676
4141 2417
7037 8341
7547 4209
2610 5088
9920 7246
4166 7162
3668 3414
6812 9821
9658 3946
7088 3675
2859 3017
3920 4752
5526 6509
5271 2731
3872 705
8598 837
6341 6195
6029 983
6688 8154
477 7475
398 7040
5089 4135
3462 5771
3680 8639
3908 7570
9555 6605
3235 3724
859 7678
9943 1288
3011 9137
