6654 4313
8293 1118
7530 6449
8175 9777
141 9205
4640 6019
514 1004
5304 7738
342 7978
695 2564
5590 4595
2478 4421
8275 3859
8724 4518
4273 9810
3633 9548
8286 7668
8702 4777
6002 8577
8188 7980
3617 4745
3125 661
8398 1420
413 590
5878 7889
5226 2486
4289 2961
5206 5084
3513 6437
8941 4826
2351 1720
3327 8715
1405 5529
2519 4809
5663 3896
2095 6861
8512 4955
2478 4938
9461 5509
9011 7825
8442 2531
3258 5368
6346 1251
8753 4208
5211 4012
5969 3643
7551 8803
3597 1356
5629 4454
472 1843
5295 3004
8685 1212
799 5943
6108 1191
169 4734
9379 6779
1280 4548
4845 7742
1579 4926
6486 9490
364 1219
1113 3159
1752 5847
4191 3620
8933 1995
2977 6004
4841 2805
5987 3660
4178 6766
2366 6513
9292 106
1378 7236
1061 4725
9696 3481
9523 4993
1383 5987
9384 8520
7827 2056
496 7796
1311 84
7503 8757
4421 2559
2085 9348
6340 9572
1017 1232
4198 5540
3461 710
3897 9200
6299 6174
3535 6379
2595 7441
1180 5260
1177 8290
348 8206
440 7251
5015 5328
5292 3106
8911 6679
8430 2354
3283 563
