7591 1977
57 4178
4956 6091
9130 9049
3053 278
8822 4307
6880 9846
5626 1291
3078 8709
2543 2781
4720 6209
6371 6637
2649 9405
375 6478
7046 9063
7838 9735
4500 4035
9224 5174
2546 9193
3744 5129
8212 3768
4142 3870
2666 3926
726 4537
5058 5238
318 4766
7886 8948
5925 3996
6199 2225
5927 8128
5386 5980
2728 9415
223 5768
6823 6727
6430 7752
8864 3575
7906 9254
5995 3338
3359 2553
367 3049
2117 9184
5880 8905
5032 5282
1104 1189
2398 3674
8077 2164
8319 796
520 1793
476 2777
7757 3146
2356 6148
4363 7406
6618 1251
2004 908
5250 6277
9247 2945
2539 4740
9449 980
8037 9225
695 526
3619 9774
4636 9529
9596 2778
3581 2339
6563 103
3614 6241
6105 6721
1987 3968
2325 5416
4847 2217
713 2601
7750 1080
3793 8371
2530 9987
23 8924
9355 4444
7982 6492
7241 1877
471 7813
3494 8091
7852 2758
3547 6642
428 1105
2113 7503
5860 7924
344 4182
3688 3142
745 4598
9651 5114
2754 2567
4668 9165
4486 5856
8090 7875
2226 8699
4915 5125
4799 6074
2598 4850
8060 4671
9748 7819
9804 744
