912 4669
2062 5677
9821 1313
194 3984
1265 1711
9097 4585
9803 5208
8014 9478
733 1731
2286 9092
6427 6367
9989 496
8638 6386
8417 3003
7815 5449
9679 5598
1649 5134
3823 6042
7925 3102
2483 5473
9930 9544
6766 4465
6096 9962
76 2801
9999 4994
1861 6688
7406 3929
9267 7212
8887 4560
486 6917
9659 5405
503 168
2668 7666
879 4478
3275 8745
583 7115
1587 3243
7112 6133
5085 3148
7466 9832
3469 2326
4883 3545
8770 2319
4779 1911
227 6622
4782 7746
5302 8840
4502 8652
4828 8688
7294 8490
3244 7214
6837 678
2651 2138
7240 7442
8940 4835
7722 7852
766 3230
5510 1492
3439 2886
7523 60
7603 9186
2579 2878
6755 2147
9809 7368
2965 2110
7330 3540
835 686
9430 9935
9151 1527
7862 1179
9040 8710
2580 574
6628 3613
9119 5748
6298 5174
2583 1555
4569 7304
6518 8587
6337 1172
3988 7550
6016 8809
4358 6943
6912 4648
384 3772
8840 7421
9398 5626
2102 8447
6568 9801
4169 988
7856 4231
1550 5337
2714 6466
1358 2056
4421 1200
11 2630
4921 3201
3076 2509
3941 1307
600 1025
2811 8670
