1116 9381
6759 5828
574 2641
7732 2993
9939 5187
6538 8995
9012 6148
1788 2560
5856 1405
95 900
3945 6945
828 8750
5347 5783
6122 9668
779 8019
8269 9598
941 7692
7340 1702
6295 2825
8139 4228
4936 519
7906 2294
1578 4042
2792 9947
4279 9141
2167 7119
6599 495
1710 7681
6547 4549
4869 1937
1149 8991
252 5169
4860 2048
7145 9873
4474 2917
2613 3021
1474 5051
6685 1896
1558 2857
6334 8358
7651 3207
6903 2210
6738 9530
9705 8818
2990 3040
7963 835
664 3449
3341 6353
3553 4415
9303 9250
3179 2983
4006 4773
9146 8962
6504 5619
230 734
9418 5236
4528 5306
4914 9423
5221 8451
2173 477
2419 7901
2350 9300
6854 2842
895 6445
9272 752
4667 2027
6078 3154
4867 1531
6760 4215
7346 3158
5593 2455
4437 8625
7114 8456
3306 5484
8688 2024
7662 8953
9312 3699
1095 7347
482 551
1750 9437
5145 53
8327 5483
6292 766
1412 9655
7035 9513
8782 8356
7008 906
134 8899
1945 3432
6187 104
4650 2791
3670 5855
527 6292
440 4809
4672 4516
8973 995
6049 1133
9406 8391
7953 9750
2486 802
