3167 4953
5125 3331
4806 318
2642 8909
8215 344
9106 5234
712 5338
3283 1284
4507 5259
1664 8516
2596 6115
9189 7608
2504 6147
1275 9990
8700 3626
90 209
5575 7725
4294 1874
60 1630
7213 6602
2518 2955
4952 8990
5723 6195
9832 4329
3069 1659
6379 5198
6164 8566
9715 9438
3211 3627
3892 1334
740 7699
8200 1931
1937 4830
7254 2684
4414 2602
9682 6277
9100 9464
2029 965
1279 8530
7804 2004
6210 8171
9913 7536
7068 4753
7494 5393
9602 5545
7933 5362
5081 4665
6311 5451
3305 1879
7845 8869
556 8023
12 7309
8191 131
2782 9519
1275 7976
5292 4781
4103 3826
6647 3727
9480 7964
3996 9925
5499 2897
3209 3104
9448 1096
9922 8902
6502 6560
2572 5334
5556 4968
1215 5433
6554 8599
901 1316
8485 9433
1283 8103
7076 6588
2835 1274
241 3235
4345 6258
5825 2239
802 8231
7048 6803
2645 377
2040 8958
6435 3065
7534 1366
7798 1779
5911 8088
550 7019
3025 7756
3261 5787
1399 3978
9957 9754
3720 7573
3491 2640
2209 7204
1386 4186
6814 258
576 9265
4419 9515
4689 2490
6684 4094
7492 2948
