6015 823
5474 9072
6587 7127
9312 3374
9373 8426
5662 8246
2377 6195
1560 2996
2802 7436
4489 3527
2362 6486
2869 7210
7688 4186
3655 6857
9256 4342
2687 1383
4676 4858
6622 354
5066 7665
2302 2641
3525 5562
4521 1128
2693 1257
1919 5414
9153 3751
4964 4523
499 8594
4685 711
5563 6453
6495 7752
1488 5132
4470 7745
5095 1755
8847 5530
4428 9345
955 5138
5632 9643
4250 6960
1803 323
7331 9188
446 9448
9930 9454
9475 6177
6640 9467
9711 768
3029 7954
259 2214
1111 9409
9853 6762
4567 1964
9213 3053
3394 7941
4765 4750
476 4619
1285 6976
5167 3807
1763 3683
1993 6472
8415 8436
8166 4288
2190 46
8468 1936
3290 7991
5554 851
8508 6420
33 8804
8545 8018
2698 3704
142 4876
1559 2991
6276 1901
1192 8158
7751 1808
843 4270
2840 2200
2455 6894
1082 2763
392 180
8089 6921
981 9535
7027 9147
5069 2681
2358 8909
4153 1529
3231 8709
8618 1979
4636 3658
1599 3006
1032 5909
3314 621
3597 9715
6717 1293
1518 6681
2777 5884
8633 2074
7870 1654
7353 6076
6555 8568
5077 1486
9380 1248
