1559 1095
3933 5337
1358 4342
9148 5616
8981 6145
4658 9562
1669 1222
929 9913
6460 2405
9255 2700
7108 3942
9936 4665
4824 6021
3980 4680
3607 963
5808 4286
2829 7198
6662 135
789 9252
8374 6229
1497 3426
830 5011
8701 754
7431 1745
5757 3153
155 9159
7438 1633
1071 1757
6710 363
5537 993
6928 6355
6889 3321
1670 1340
8105 964
5962 8098
2327 5301
512 3909
4010 284
7954 382
8730 928
1756 1461
3776 4283
9108 3481
8497 5379
1932 7365
3789 6108
5636 7896
2656 9272
9713 9811
297 1814
5146 4472
7186 7397
3197 8399
2346 1211
7166 7313
2372 5988
4204 4133
4865 6954
5528 4486
7467 5362
6231 6853
9279 8040
858 7977
7042 1598
7318 3888
1130 8885
4769 9458
6869 1125
3425 9789
5254 1121
7999 6612
6891 546
198 9542
3292 5945
1657 8461
6207 3797
9490 576
4351 5048
7906 8312
9051 9379
7032 6288
8012 8855
615 2733
5717 9450
5741 8120
7907 6286
9633 1677
8004 936
189 7734
1219 300
1067 5653
8830 4636
5357 3974
6802 2443
7408 5757
5335 2406
282 6838
4105 2653
6768 3318
4619 7618
