9551 7799
1471 8492
6929 8989
9483 2478
9844 7774
1156 773
4670 2699
1628 7287
1785 9721
3396 4582
4587 595
6085 9807
4499 6798
3422 9937
4046 8974
2437 7219
9685 3989
7427 3599
3594 5035
7920 465
1015 1364
2849 7659
5699 7176
1922 7003
2438 5632
760 2297
6802 3121
5687 7672
5741 3167
6201 7752
311 6182
3073 8215
283 2862
1254 4950
9467 7717
3621 9544
683 1849
2552 7737
7798 2142
7088 636
8872 5293
6465 2991
28 213
9586 7236
8511 7754
2023 295
7426 304
2096 6869
6462 9314
3410 6588
9769 7017
907 8381
5348 2449
6362 2287
1171 1775
5213 9623
4124 4293
8749 4536
3176 7017
3604 8114
9315 935
7064 2127
2161 80
3354 6157
7594 4658
1578 859
1573 427
7445 1307
5625 5577
8997 4444
7045 1003
2143 3209
5024 7993
6690 8770
1418 219
9075 3787
3063 6725
9787 736
2933 7884
4285 1549
8986 8046
5004 4747
9485 77
3004 9626
8806 5422
2888 1984
4671 5435
9816 2443
215 1654
9845 8496
2347 5895
5665 8105
2389 6766
7977 4979
9670 2109
3712 3005
7930 6062
8338 2779
1937 5643
6190 1187
5159 3671
6661 8404
5574 3700
7219 3063
4013 8261
8717 66
3935 3982
3549 8499
7756 9214
8678 1413
7037 8773
3299 2885
5416 5488
5821 467
9330 7250
3432 2313
1456 7432
5731 593
5306 6356
8066 855
1448 5064
4479 1887
4832 9444
495 9877
885 8272
3777 1362
8373 1239
6059 2758
5793 1179
3746 5700
5755 8763
5935 3297
3571 9305
5473 587
9288 5120
6069 1490
147 550
7701 6752
88 2037
2119 2826
3291 8161
6301 1223
6231 6113
7687 3686
3698 6856
8194 9475
4800 565
861 2799
1171 5224
6981 9541
2651 7150
3676 1177
5039 6243
1175 9995
9857 9713
4035 437
7713 7685
2804 3494
9776 8963
4041 632
9857 8020
2979 9094
1643 4449
5503 7635
4476 6763
8637 4272
5586 3588
5382 1151
6439 1002
5191 8572
5198 1136
834 6099
1433 5710
544 3747
2191 9661
4950 7490
4505 4156
3880 3141
715 4737
1110 6526
7336 8855
7096 470
5984 5154
8604 6162
7737 7203
5644 5562
3236 8613
9156 6689
1703 2893
3276 654
2386 8674
5808 3850
6709 6412
6650 1715
5346 6140
3017 1877
5252 6198
4340 6900
7069 6965
4246 5093
733 1222
9857 3618
3544 895
1100 6200
1894 8880
4857 9926
5866 8331
7813 9715
2902 6215
6278 385
1394 8193
8156 911
8245 7042
1849 4589
1438 5812
5988 9827
4942 6964
1975 5165
3165 5622
2004 3086
4007 999
2766 214
8563 6139
6093 658
5593 7890
161 2833
6294 7658
8460 8928
8451 4331
2641 9008
3392 53
1036 8187
1585 6444
1333 4144
4137 6902
9049 109
1925 9646
8659 964
1860 7060
2108 6154
7614 9202
3184 4142
2356 4640
9315 6777
391 6740
7648 5863
3686 8946
8961 7037
7913 5942
2339 4571
6377 5461
7557 4836
9855 5532
9431 349
210 9107
185 6157
9942 7005
2550 1253
3318 1936
2707 3897
3907 3827
427 7766
8375 4558
7498 1911
2752 2022
8856 3942
7246 7774
5867 4081
3518 6055
2951 5254
5988 4423
4962 3580
172 8383
8435 6891
5335 481
1336 643
3457 3397
8856 9898
3169 3072
5772 3008
8558 1504
3909 889
6260 8747
2120 7809
9250 4579
3249 534
8965 2230
5170 7086
3895 1068
4507 7033
8198 2907
9815 716
6841 2575
4062 3729
3934 3449
402 2544
1820 7385
391 4004
3954 55
8531 2564
6959 1299
2151 6240
6689 6620
8739 4990
5457 3219
2153 3481
4024 3724
2263 3925
2380 118
9681 818
3416 9551
9893 6870
342 1014
9672 8565
2661 8739
2739 3742
379 3877
136 8062
6810 1626
6962 2245
1922 8613
6243 9884
9982 7836
9297 1727
3857 9604
6372 6675
3839 7287
7787 2133
9699 5239
5043 9500
4780 2262
9649 949
8251 2231
8694 9524
8958 1284
5038 932
253 5105
3176 4867
1941 1038
7791 2101
9759 1663
1021 171
9125 1990
3292 8869
8351 4804
3737 6984
1615 4500
8389 1730
4756 5329
2732 7067
8341 5385
8305 6460
6083 6667
7884 5670
1410 7892
2250 3195
2828 3214
1689 2213
5639 8587
2757 344
4405 7384
4390 3859
5815 5939
4894 9177
5435 4222
572 1547
6951 7713
2226 9827
8987 6838
8451 9399
9649 8928
4424 3387
7043 4747
1319 954
180 6112
5686 7173
6405 7037
8042 120
6064 939
9719 9487
2005 531
9065 9492
7940 4927
8899 3811
1646 6
3709 89
2847 2378
7550 1185
9732 9348
2309 4957
7660 4412
2381 3939
1721 5516
7779 2779
7480 6058
1611 1253
1012 3883
1774 3619
6336 8093
8417 1404
6708 4065
8716 9324
1585 7368
9104 9056
8463 6976
7532 8442
9832 6815
1622 562
3510 6805
6520 3710
8911 1821
4677 4382
389 4148
2700 566
9979 3418
8157 1346
2463 3790
4034 3728
3711 5490
3838 5033
5309 7843
4579 1876
7561 108
1354 4357
2820 4092
8758 5761
9503 3417
7704 1581
8965 8530
2110 1446
6011 2902
7830 3341
8027 5109
4426 4677
3549 4663
2592 2611
3426 4787
1931 171
2034 5555
7277 9988
9884 3812
5097 1877
6209 4778
3447 2307
295 2787
1740 3701
8044 5001
398 9203
6084 9100
4560 3137
3360 9279
5704 5471
3914 5076
8997 4718
6510 6983
6001 4186
3457 1686
4754 8455
2574 2859
4622 7257
8918 3999
4664 1670
7433 6043
5272 9300
843 3645
1696 1485
3767 654
6367 3870
35 4015
9372 6858
1992 5334
2249 7035
2422 2235
8184 7821
7443 6318
6435 5171
5463 9777
7646 1473
1197 5974
6667 2239
9705 1388
969 6903
1183 7622
1231 2818
597 3858
4678 2634
2043 1145
3393 9353
706 2068
1852 9892
1817 9411
2116 8318
1733 8554
4510 7586
6791 6532
2746 4369
413 4068
2069 5855
2296 3079
8051 446
6332 9477
5496 7186
5969 4715
3072 1001
2069 3398
4441 9349
8319 792
1435 9300
2721 8540
7401 2417
9210 6671
452 7566
5264 782
6282 3260
1654 7650
1937 8440
7587 5234
1175 1311
5042 536
7181 4996
6338 7510
1121 5711
5952 8231
9596 4734
2331 7301
2677 8926
8375 3319
61 4638
7525 2473
5815 9520
7338 7498
9463 8230
1169 4494
3815 9222
3701 8479
2676 7725
7781 3812
44 9796
3360 5909
3171 3853
196 287
3001 3515
5048 5940
3253 8636
8823 8570
4306 5970
4101 1177
1470 2901
1400 2399
7656 8893
5290 6166
1942 7788
9733 167
3055 8500
5492 9986
2875 7557
3445 1515
6155 9636
8587 9226
7943 5576
9562 358
2489 9729
2217 1481
9820 6077
9703 4575
254 520
6594 3420
8632 4764
2120 4189
5248 322
1194 5473
9542 3946
830 5329
994 7667
1747 9608
8427 1432
3266 8989
8637 7714
6935 1498
5984 2296
9275 3668
6098 6671
9744 3799
4449 4227
5927 6911
173 5110
3946 1914
6976 2899
6700 591
5180 7941
1967 76
8231 4572
3384 4850
4175 4816
8323 2061
4248 5087
6625 4205
888 1891
2638 7974
5064 7186
5808 7015
4185 4736
5732 6191
3270 1896
3848 2542
9275 9859
4232 1229
7229 8093
480 6727
7841 8953
8734 9091
1887 1709
4734 2535
488 7505
7323 7741
7908 6705
6904 4699
1643 2372
2440 6952
6787 2956
3320 6444
1173 3141
5266 7672
230 9633
6067 1421
3468 9460
4953 9256
9532 8954
7096 1869
9383 6695
581 277
6522 5665
6444 3943
6761 3905
4242 1063
6507 545
2079 9137
2487 1297
9991 1722
11 9367
8397 3377
1182 945
9863 8418
7610 3569
8970 2541
979 2441
5565 9469
2038 1488
5836 9059
2440 4362
9132 3956
7704 2311
7162 8337
3226 6187
9472 492
8892 5899
8335 5169
1633 8540
4467 8128
637 2050
7968 2114
3654 8630
3235 1216
3890 8369
4856 2047
8640 7096
4779 849
5041 276
9039 7909
4639 76
2984 7678
5646 2814
1202 5108
4613 783
114 7426
3235 6698
8252 8644
4779 34
7288 7063
4764 3174
4876 1574
9121 5587
3911 4794
575 8832
5170 8237
698 3949
4209 8984
9958 9161
6960 7351
8427 4451
8078 9464
9491 7291
8666 654
9706 3854
5982 5708
4798 3918
7157 5126
6332 542
8659 8589
7571 332
96 3201
8861 2661
1163 1558
6557 8908
2197 8315
8446 4459
4629 6404
9628 2575
7067 1021
2025 1798
2279 8300
3645 5066
4503 2464
718 1084
3829 7478
5975 6097
9017 9839
3528 3447
6773 1399
2727 5601
8843 342
9897 4555
9322 6281
6265 6157
3606 9283
6615 3510
6815 3417
4007 5588
983 5807
3993 3308
1282 824
8504 1345
8319 7283
4674 9085
7328 6367
2845 1396
6126 5267
9683 4448
1772 4564
4646 2885
9013 5608
1231 4022
3727 3071
631 3525
3297 8645
8622 9400
7787 3128
8566 3673
497 2240
6407 5498
5400 1250
7124 3985
6167 2934
260 2950
4656 5057
3760 521
609 7788
3933 2171
3689 608
1518 6881
593 2149
3978 3237
4155 4396
9256 9754
7681 5664
3884 4343
9078 6878
4310 4650
9356 1764
1820 2248
3602 2692
7349 6147
6428 9577
1208 6542
4754 2040
4533 9213
5488 7347
3058 6225
3908 129
663 1989
1809 2104
2347 5086
8293 719
8730 6702
775 7944
4563 2263
9301 1749
5893 3141
754 2152
803 9335
177 2973
756 4852
7572 613
3582 5437
7147 8392
1778 2689
3338 1274
3952 217
150 3758
7449 813
6868 9422
1896 9533
7763 7445
9240 8180
9407 1801
6468 1257
7674 4237
5681 4335
7347 4164
3577 7199
5251 6431
1019 5050
2127 7220
506 5106
9192 9844
8187 2359
2583 4690
6562 4453
2433 629
6880 2279
668 1448
8104 5950
3431 5189
1628 4863
7658 2262
3355 5416
5617 5253
9380 8367
6904 2427
3360 2948
2375 375
5347 3119
6349 2723
5487 7314
4539 6545
9695 8484
8641 9708
8283 8528
591 2632
6356 2422
1697 3404
2455 9487
9407 4404
4871 1069
413 3149
5332 2550
8767 9191
128 8268
3216 8959
8411 2798
818 2371
7489 5547
1379 2043
5711 2536
5462 9930
5867 7400
4679 9039
4200 1913
8659 738
8646 5679
9813 4657
6769 5083
7573 6853
9279 6910
6907 6517
5000 4353
4000 4040
6714 445
3529 3175
508 8638
3136 5077
8773 4131
5272 5583
2012 1030
7179 3879
351 9311
8047 9485
9202 9220
5417 7309
8998 9550
6942 4255
7452 2671
982 772
2742 1275
429 623
7761 5066
5669 4605
2765 9486
9100 3866
8963 2680
6979 8565
3354 279
1546 7960
2194 6886
9979 8485
5714 6366
3647 4539
8721 743
9240 34
3074 4599
7341 4576
8918 9320
3625 4022
1173 7342
896 7429
2610 3695
7628 7207
8955 4957
3699 6708
3961 6625
3883 3881
5681 6813
561 3394
2547 1879
8462 4318
6090 3779
2120 40
3071 9834
4958 1394
515 4612
3275 3366
7701 7325
4603 5342
1088 5995
9368 5491
7675 8895
4079 2966
7111 6813
7255 7262
1752 4991
6572 9956
1428 2286
6713 4948
4242 3876
7912 4953
9069 6402
8328 1681
619 5347
6366 8203
8970 204
7697 6192
9477 180
9364 3604
7013 6496
6634 9648
3054 671
3197 2169
1803 854
414 896
3021 7596
8148 7496
5631 1618
2204 4134
4244 9716
4805 1582
8527 5471
373 5212
7283 9042
2524 6162
1959 1744
6540 6423
7472 2769
3100 4598
298 740
5044 4150
7189 1822
6954 9084
2986 6878
9443 4247
4874 7420
6971 4532
6820 197
3337 7265
1929 7130
3246 2992
4314 9571
2713 3223
2920 1772
4225 9675
3484 3562
8680 2608
1556 5473
8631 7565
3645 4926
8400 5257
2182 5312
5515 9268
2995 173
357 353
181 2450
9800 7034
9465 427
326 1418
2815 4995
627 4495
4649 9409
9128 6453
6931 7550
4381 2389
151 7032
4 1102
368 2419
1352 3489
6722 5634
7338 1178
3860 2367
3127 482
7945 334
9964 2647
5218 2439
8942 7443
4225 9377
5826 2128
8552 7217
9695 4600
4684 2930
8552 9476
2408 290
6858 5646
3010 9095
336 7538
6548 5152
7879 2878
7998 3608
8200 516
4975 8772
1468 5584
8053 9484
4202 9207
9943 1115
2090 2191
1689 5135
1461 4374
3696 6967
1134 8997
5671 8456
1009 3884
4563 4384
7548 1021
951 7631
2578 3053
9027 5087
7564 2123
3495 3879
5976 4355
5770 4878
8683 4273
3408 8120
6439 289
1436 1311
8889 9700
5659 2554
9218 3351
2590 9747
6649 4867
9190 5498
353 5185
4786 2771
4446 6704
1753 2798
6875 6227
1067 110
5408 2567
9531 736
9319 6936
7648 3310
2218 6703
6513 5136
3043 895
3053 9927
8113 9301
9683 5203
236 6260
4864 5737
5285 4246
2240 9194
1653 415
156 8545
4293 5709
8548 8776
463 8635
4717 1579
9750 5316
3388 1142
3273 1917
9408 9107
7392 8941
2599 7637
8332 2991
3428 9825
8071 4342
8647 2830
6735 2973
302 3996
5086 9793
6222 4866
1469 7514
9483 9350
7442 7827
200 611
3960 2870
4591 2004
9877 8063
2081 2649
1486 395
1734 6468
379 1979
8511 9110
757 5818
2684 5374
4541 9496
5682 5396
9977 559
539 8902
2340 3084
5772 7867
9415 3778
4329 2797
2811 5864
3127 9897
5752 7569
5285 7886
8471 6077
7131 398
4574 725
4109 4543
3129 2738
9163 7473
7071 1047
599 193
5902 4284
534 3022
9857 1439
8106 5422
988 2035
377 162
3089 4449
9558 8816
809 14
1062 743
1832 8100
5003 2967
261 2627
635 5269
2135 5476
6149 4526
8670 4447
6326 1939
9863 8178
7172 7688
7858 8291
2934 9959
9739 6672
1736 7252
8046 3627
6277 2841
7080 542
5942 3713
504 4751
3127 1631
465 2290
4786 8111
4758 1836
6594 1239
5893 7946
2049 5803
1997 8525
9304 8844
4442 3212
8135 2955
1491 1712
181 5803
4148 4430
3582 929
9234 4199
2107 9449
1736 543
854 9737
4228 1767
6865 2343
9168 2475
3907 7446
9897 7227
5439 2055
6627 3271
2758 7167
998 7979
483 1173
2938 4165
7743 8949
443 1162
2304 2368
2002 9932
7574 664
1217 9757
9593 1933
1362 198
8367 7279
3041 7210
8765 1082
985 6535
4424 3022
3302 7645
1414 7906
4840 1329
1988 2325
4039 7302
1700 3580
6850 3486
3504 5860
7768 9460
9534 3567
6796 5250
5999 3998
3913 5366
2806 6157
1414 5225
4411 502
7405 8961
5718 1665
8165 8079
2868 2907
766 8392
6886 5007
777 4522
8017 4684
7160 3243
1928 7194
4350 8761
4676 7302
237 7129
5830 6342
7404 4840
5051 3951
6337 135
2985 7380
7965 3956
7760 5082
9267 2491
4991 3511
5303 4720
2355 5843
7638 6591
5242 2877
5761 9770
8085 8758
8668 5999
7797 9811
3805 2845
4380 5459
249 905
3962 1466
3929 5470
919 7287
9949 4470
2083 2849
7933 5407
6409 6547
9966 1668
4148 2422
5628 3554
9759 7416
164 7285
5632 4333
9206 2652
4533 1510
9568 3334
3875 5596
7727 1885
7862 3251
1493 1218
8166 222
8651 1303
2079 2818
6092 8593
2832 5292
551 8811
8783 2260
3706 5270
3183 6387
283 9828
6119 5641
1963 199
193 1135
2176 6083
1785 5469
8660 4975
7431 3677
8365 7666
8750 2715
2068 6471
109 4835
2242 9325
8081 5264
1799 3404
9724 1924
5752 8151
5944 6063
6351 5086
7438 9919
5133 467
5904 6469
6257 7620
582 2364
9459 8497
6488 5821
9909 7077
7648 195
9018 7112
2114 5813
4744 8640
8130 583
8757 3605
9162 8749
7055 5260
7631 2087
9766 5997
6110 2929
1332 4774
5921 7031
8488 8799
2591 9259
4610 9789
2115 3535
4660 6260
7804 3431
7953 7640
7528 7955
6599 2396
7459 5828
7282 1073
2843 9487
9869 7786
8748 8488
6305 9089
3850 8423
1564 1116
9088 2167
2339 2730
7549 9839
6930 6038
7144 4830
9418 5763
8450 7922
6716 6137
8155 8461
5096 484
9248 1984
7216 7000
561 1519
4083 9513
400 668
1152 6770
5152 1252
2323 9460
5207 5263
6062 2750
950 6975
3886 2553
7488 8124
3656 8022
6632 9600
3903 8603
3907 3335
602 8327
8074 9940
1790 2030
2976 1012
5378 1758
3364 2453
5968 8090
3042 3003
4553 3231
5372 738
309 3994
7393 5036
1278 6835
5536 8872
3523 7645
6712 2479
9484 6097
9423 8171
1110 564
2871 5664
2585 480
9140 6980
2583 7630
5250 4423
2644 4972
3758 3549
7747 1618
2503 873
3833 6749
937 5379
8291 6131
6883 1152
667 5838
727 7680
3922 3334
217 6912
1809 9127
8163 9340
4580 7535
7122 6259
5256 2957
2215 4229
2030 7177
3505 5476
4772 2257
1423 1993
5809 4754
9602 5811
8483 927
4274 4093
5822 4331
568 117
4984 9470
6808 8351
5674 9320
1309 5213
329 364
427 9953
1362 4730
8517 4535
405 1291
1342 5414
780 8140
345 8235
4383 3903
540 2344
3142 5463
173 4191
9913 1983
6457 9560
7917 1240
6056 2663
2893 7029
8507 5488
990 6965
7155 9762
9090 2067
4596 3125
8858 9483
4374 3570
4732 1251
3487 9214
8533 6009
1731 5177
4417 2051
5434 9867
8286 9912
3413 3367
7481 34
6791 1958
1219 6820
3606 8284
3862 9694
8670 4532
8231 111
1935 3965
2683 1597
1341 8197
4862 9378
2817 4588
8507 5365
6946 8251
29 6534
1111 6720
6346 4311
1513 6518
1200 6860
8937 9988
3969 4443
3245 2890
4561 2709
4196 5712
9314 8767
2928 7243
7834 3168
4164 6531
1130 5222
549 4736
8446 2990
2404 9141
2158 9795
8305 2656
9771 80
4747 9221
4369 9072
2746 3682
6845 9813
8105 6246
9667 1748
371 3770
4402 1760
512 3626
8481 6018
1807 1430
2640 6351
63 5111
5651 6903
5253 7626
2783 5661
7696 4507
1753 8486
5479 2370
9421 3081
2435 4842
7998 9534
4034 9210
9624 1184
1045 4189
7756 7131
601 4794
9012 5106
5296 9870
8416 9850
3389 9645
404 8662
4297 994
2662 4959
5058 7905
1059 182
3475 9834
6235 8792
8689 3058
3426 7576
9643 2404
4347 1217
7841 3932
1849 9862
605 8409
7420 9603
7603 3747
2432 3661
8413 2237
1736 9603
5300 3620
1132 2758
2229 7066
725 1966
6442 6670
8069 4367
1572 4426
7392 3631
4460 788
176 6486
9859 3390
3782 2913
4530 20
635 2692
7643 2997
4122 4630
79 7271
3149 7557
6487 5502
2442 2370
6925 6240
1186 4384
2079 6947
2996 5562
1687 430
8013 6779
1167 2048
5120 7319
5996 970
7649 5348
7814 9413
7329 8980
7476 2640
2055 7723
3132 9743
8899 1619
5171 9195
5284 6613
327 1398
38 9195
2298 6425
152 7448
6198 2378
4680 5266
5717 5035
9765 8846
7948 5540
8775 8141
8218 5014
7295 4888
9781 6758
8936 4020
4822 4262
631 6325
9127 884
9787 1403
9075 4016
3631 1777
6881 8287
2368 6662
6127 6013
1006 6432
9593 5082
9990 9800
931 6682
2888 9399
8614 6311
7571 9263
8708 3742
2226 8233
5868 6406
7462 9092
876 8091
4234 7629
7187 8147
3372 543
7923 6578
3524 2316
5139 4102
7893 9853
8522 660
5545 8622
1371 5438
918 229
7280 7930
7510 8009
9589 6541
4377 165
4267 1638
6512 785
7550 8159
8571 5257
3978 4499
9664 3707
9676 6698
5060 5959
5389 7100
2881 6264
9460 7483
3842 8858
3857 8108
2780 1410
7396 8008
5187 967
9616 9588
9626 9287
4813 9446
3180 5148
6083 4282
2805 9051
4568 3474
4293 6528
1677 7605
7918 2223
3434 9834
5045 3118
796 1467
8294 6903
1604 5146
1916 2507
6789 3589
5663 2613
2409 1592
8811 8879
5867 7791
1993 2753
3207 4649
8953 2125
7136 4293
5347 7607
2638 6140
740 912
647 4822
2506 9404
3184 6444
5292 710
8694 3728
736 6271
7585 9375
3523 436
64 762
320 4003
6047 6752
1555 4777
9756 5186
2062 1124
3598 9188
2601 2303
5466 864
6740 9833
4037 4603
448 8290
8981 2464
938 6800
6468 1942
3266 3791
5066 5096
8880 2423
1119 1039
7448 3226
2473 4805
8295 2008
3582 6052
4423 4703
5280 4624
4283 2701
5197 8037
8 3839
8123 8283
5333 5648
2351 479
4431 6151
1620 8118
3231 8050
7513 5416
8573 790
9078 820
5055 4149
1884 2491
7180 1955
4878 7175
6877 4994
8819 1908
2415 3661
2426 4561
8873 9253
7543 5966
2413 9345
9916 6276
3648 5550
4083 5709
2011 6816
6252 2628
4048 6724
6222 8415
3792 2668
3966 7895
3737 8484
434 2281
1502 6631
1308 2924
6897 4921
8385 2960
582 929
8660 5544
4224 576
1431 6041
1666 1027
8046 1535
142 8849
5516 1492
7292 1641
3917 910
8559 865
7087 7544
5868 685
6050 933
4147 7800
2821 9011
4272 8933
2139 586
4731 7427
6642 5635
3111 9584
8013 2030
7790 4741
153 1560
6042 1457
587 498
9743 5552
2897 2524
6670 7946
5544 2272
1511 912
697 565
5553 5862
6007 2853
8802 6340
4811 2746
9400 6175
6636 4594
9535 6826
2750 7068
8366 4428
5030 9110
3631 2317
5665 5662
6973 8459
8935 5296
6056 8118
5809 2744
5687 7583
3942 8010
2324 8759
5062 2904
4666 1547
6950 7798
4918 7990
4849 6072
8309 18
1143 580
8554 2245
5034 1471
3785 9784
5370 4854
8572 5508
5108 2316
2747 9057
2421 569
8861 5211
105 982
2474 1898
4175 4899
6801 9665
1450 1116
5502 5784
8042 6667
547 3451
7080 3654
3803 2518
7261 6851
6707 3584
6808 8326
9198 3606
2375 5526
7009 7608
3617 6695
6149 7129
5744 2585
3278 3272
7167 2932
379 5059
9200 1518
2171 8913
9511 455
7833 449
1341 3655
4570 7316
3903 3333
2558 5670
9956 7796
8626 5343
8009 2676
8266 6436
9980 4237
3499 5611
9074 9377
2270 7866
2638 5141
6619 9486
2603 7508
9407 8962
2827 5028
6437 6540
2613 1748
2310 3403
5442 5496
2717 8212
3294 2963
6790 5387
7397 4674
4734 5462
3868 8402
2156 2041
8109 2959
2936 1817
7074 2991
3966 7536
8271 6547
2635 3337
8201 2826
6008 5368
6473 259
3849 3417
8391 7463
5415 3421
2746 6295
5454 9026
8025 1715
5080 9031
3768 5437
3653 2233
4574 9337
986 6659
7895 555
1460 6250
5052 6550
3971 2019
4073 1292
2424 3159
4772 2019
5792 7726
7471 6242
6794 369
8740 4918
6176 5660
5740 9665
311 6691
9971 4634
6644 6122
9681 3070
728 1298
2744 9722
3024 1588
4991 3912
3417 9181
8475 3396
9650 4311
9522 3784
7145 2802
4080 467
5039 5157
8561 2417
467 9757
5323 9790
5484 2368
9291 8473
1158 7770
5007 4072
6187 9739
7748 6246
6138 2207
8354 7634
6233 2909
7127 1893
1533 3954
9722 6502
6055 5438
5358 6664
4357 9780
1608 7986
7492 8191
6228 4020
7429 5285
5824 9278
1669 3537
718 1361
7078 5239
2724 308
5506 327
3980 5737
8436 1309
7642 871
5060 4187
7293 3119
7228 9251
3135 971
5035 9904
7407 7708
5856 2611
9780 604
5744 2077
6418 9181
3728 1297
6269 5305
4630 9034
5834 9248
7734 9079
1358 2359
1715 6397
858 661
2362 2224
7635 5789
9441 3909
3555 5724
9886 4036
2804 548
1518 5827
6837 6435
1397 6608
9118 629
2696 3013
7689 7912
6615 267
3048 4605
173 29
3546 9721
3441 8129
6666 9271
1767 6382
1294 2590
368 978
2326 3322
5399 3397
7644 8821
5761 9191
9556 362
2046 2986
5759 3391
7999 7782
231 3827
6465 6929
1540 4579
7983 8990
5458 5323
8317 981
366 6391
4634 9322
7058 9542
95 8339
3630 2469
8928 9690
3621 8272
5457 8591
1302 7599
3990 9893
9960 8424
9166 3253
7229 5876
4533 2810
3655 3842
2276 3835
840 2478
2732 486
2333 8423
6996 4355
4472 5456
3808 3726
7566 5497
6960 3595
3252 1533
7208 4610
9061 6485
8331 3507
8968 1650
8479 662
3401 815
6802 239
8563 2799
5637 1045
9480 4233
7093 3654
1418 6212
585 9350
9474 7395
8047 2677
5736 8172
1512 3324
9080 8540
7129 7196
1824 2282
2956 6758
6647 865
5858 2191
1363 5852
3707 1981
9901 7588
5028 3324
8915 4561
9410 3048
9745 3643
4250 24
5166 4034
7292 7503
3443 9886
6338 8532
7228 1464
7022 3869
1631 1249
3934 3086
3507 3736
8473 6352
8373 2872
1125 4259
882 918
5472 86
5603 3723
7786 9832
283 1719
2072 1966
1090 9452
5476 1103
6022 1022
6509 3709
890 5444
6386 8557
2123 4267
3303 4014
12 8719
5693 522
3883 9696
7495 6902
2492 7229
4002 1235
4952 1027
4749 2387
3139 9900
8700 4407
7716 7198
1962 4746
2785 2055
8973 9742
6940 7635
6315 4503
7665 7261
8974 6445
2508 4747
5749 8312
3807 4069
2111 8781
2998 2513
9909 8079
7372 7422
8164 3929
3583 4861
4921 5928
7097 1212
4135 3570
5521 5895
1936 5618
6897 3405
5058 6174
9958 1980
3943 6957
7980 9107
3748 5018
5324 2061
5708 4328
6915 9135
9592 1086
4235 8310
4735 5457
5390 4782
762 7244
657 3636
6919 925
7693 6345
43 655
5328 536
1359 9750
2498 3290
3670 7168
1593 2528
4361 5632
2688 1929
9130 6716
9588 1130
6158 5852
9350 6389
1642 6842
3914 7391
9789 5580
4713 5810
8541 7650
4230 9084
7464 2527
600 9823
1632 2285
9141 1189
1762 8741
8098 2901
5743 3322
1491 7757
544 2154
8874 1728
5666 5254
9124 3800
1451 96
9694 8802
1652 1828
4268 5239
7365 6697
4334 9848
8232 6979
9745 4533
9761 5622
19 92
2657 4470
2861 6030
56 3477
1465 4085
6708 6947
8988 4704
4964 3979
1095 2847
2852 4535
9159 399
3823 5485
865 7850
1542 2202
7231 7891
6204 1220
5951 8268
8813 47
2050 1031
809 7784
2942 5444
1651 6676
714 2125
7395 8355
9436 4303
4727 6725
7839 1167
919 7865
7804 4332
2108 1337
5821 6650
9648 6391
9009 3337
8590 622
7081 7243
2932 4378
3999 227
8672 7293
4697 3096
892 1014
9870 9390
1475 3513
9001 5241
8303 9960
2672 6018
7354 325
5986 2057
4834 8882
9844 8371
723 6050
5384 2876
3076 584
1542 3695
7091 3265
1612 6294
9885 4913
5901 239
7463 1626
2217 7824
7518 6151
9703 8238
9360 7431
8501 925
7355 9156
4632 6138
2363 3384
7553 5715
4228 2840
4323 9550
6109 6295
462 3241
8198 4294
5841 8762
7116 5290
7314 8765
1022 459
4788 4023
701 1447
7436 3791
2992 2859
5688 7021
4822 3065
3317 2985
3001 4661
3082 7463
5161 9501
8925 7830
3189 2216
8874 7332
4435 2394
1197 5824
7891 7058
4436 3593
115 3430
7384 3352
2132 2431
7269 7890
2414 6943
9528 5173
5596 5814
2957 6997
848 9344
2628 3341
5073 7553
4448 7839
7651 1314
1343 8916
4 2230
1190 795
545 6842
427 8738
4054 4996
8966 2841
9397 9868
5400 4212
2281 9813
7173 420
8590 2586
5166 9362
8099 9048
7827 2294
1214 8879
3933 3658
5673 8126
6703 9533
8622 358
403 3900
7604 156
8071 7810
7996 8297
7380 8409
6015 3023
1728 2989
8969 644
773 6684
4115 5567
3188 4296
8025 4586
3179 1416
2598 2379
2196 408
8167 6555
8699 8880
2607 6745
3962 6355
6652 2677
2598 1472
2968 7504
286 1966
8649 8233
9490 1709
9997 7006
3821 2849
4217 387
3196 9386
5368 5976
560 3896
4211 149
5278 7941
6382 1838
6340 725
3370 225
7681 7977
9383 8495
535 2620
1380 9836
1974 5174
5531 7632
5877 6415
7205 5048
4415 2025
8449 6152
3843 7989
881 4537
8225 1123
4404 5750
3555 216
3595 7432
4245 9144
4050 7689
7669 9764
2294 4477
4569 1740
3991 9651
2238 5614
3348 747
293 590
8221 4501
2393 846
6423 4926
4121 9144
547 6836
1753 7751
2677 6991
4479 2095
7371 5994
8316 9313
5349 2888
4780 6928
6991 4886
6849 2852
1579 923
4594 3812
1139 787
7062 7738
2805 9319
1488 5080
2916 7169
1695 2476
6721 9361
1385 9923
7674 1987
7137 1357
7184 9507
5305 783
314 3616
1211 5718
5722 9289
1739 599
757 1795
4791 601
9275 4072
9291 259
8341 2939
4575 1473
6084 9184
9779 5398
7804 3933
4291 1156
8349 330
2488 901
900 1206
9681 7520
797 9939
862 544
1051 54
5309 4548
7739 3548
9347 8773
2312 6929
6020 1664
3915 9923
1668 3782
4034 3116
4358 4362
5687 2501
1611 8124
5001 4913
7092 7762
9653 1119
6471 8542
2572 6916
8007 3320
6127 5454
6500 853
1261 8002
1670 7016
7635 7329
1926 2576
9378 3625
3444 4690
3660 705
5145 9294
4945 7880
5083 5016
9643 7729
9736 1903
6407 5578
1704 814
7005 9774
711 2428
2116 2318
8673 6804
7501 4731
5889 4400
1264 2635
1141 4162
9674 5555
9192 4739
6020 1645
2110 4567
5304 7443
9430 6870
994 9930
4074 5896
9471 6470
5556 5715
1104 1181
8816 7709
4105 7510
343 7739
5807 2263
2165 7940
1927 2744
115 3756
1585 441
5285 7613
1752 1672
3288 3313
3308 5629
4585 1467
3199 3388
8814 3524
5085 5705
8121 2051
838 4104
874 7920
47 8174
6969 8703
5254 3142
1012 1975
5803 3312
1268 7448
2568 4652
1532 3322
9766 3812
6305 2916
8819 5155
9749 5146
9460 6341
4500 6814
7252 316
4338 4652
8970 4905
1345 9730
7224 1539
9769 1295
2819 6585
8534 4734
1048 820
3262 6652
8416 103
2945 1492
4564 8540
6732 6171
2302 7627
207 9777
5686 5837
3282 8920
897 1441
8824 6549
8097 8172
9715 5146
7008 1415
8393 4560
6523 1132
5485 7381
2490 6474
2970 9734
2792 5257
2076 9942
1972 3685
5992 7657
9606 5251
2704 5204
2089 4563
28 1751
714 2476
9103 2417
7735 9405
4903 6032
6301 4643
5913 4453
2139 5137
7534 3610
1760 5019
6001 5940
8071 7549
9595 505
8030 3081
7680 8674
7080 5165
2156 5002
3636 216
8320 5165
5920 3818
2399 19
7559 4057
9165 7122
7034 4279
3447 4860
6968 8833
9914 6332
7498 8915
5798 8238
178 435
5869 404
5157 6803
7088 2490
6209 4241
2187 848
1539 3607
3290 422
8503 6590
9643 504
1743 2193
998 922
5663 4112
7615 7201
1405 9626
2583 6446
5973 4128
8284 3112
6148 1242
136 5494
164 5552
4810 5442
8482 4724
213 4901
6660 6833
9354 8922
7731 2361
1013 7163
28 6106
1407 5946
3905 2521
7381 162
775 7098
3385 5169
9966 3784
1062 9524
7398 9942
3567 9657
3585 987
4961 8395
2712 6222
6791 2523
6547 3581
1504 2585
8406 2701
7 1200
9288 9125
4491 2338
4706 144
7608 2287
9810 9609
8944 9747
716 5602
1902 7262
3119 8321
7515 5169
3855 4458
3316 8071
3444 2313
4717 1180
5829 9531
2711 1778
7972 7708
1067 7179
4922 2022
603 7090
8230 6538
7865 8435
8818 411
2458 9160
139 5274
8199 1981
1248 1529
2888 2195
6997 433
264 7906
685 1035
8901 1373
7595 5405
2824 4231
3958 3295
8398 1227
7941 1819
5256 3631
9438 1726
2128 4966
3844 1700
4909 7300
6390 2160
5740 1401
583 1198
9566 5554
6832 663
2682 6418
2715 7369
2681 8573
2825 5763
4243 5868
5435 8991
1429 7084
9557 700
5395 465
6376 8707
7417 2379
4929 4161
2691 5188
6717 5415
5400 5873
6055 4898
5763 3709
2605 1583
2738 7492
1063 853
9844 2517
4968 1819
497 7986
6998 4795
1238 9615
4231 5366
2586 4343
1844 482
4828 621
6466 130
4278 5474
4792 991
6120 6746
7953 6594
2544 2511
4999 7431
1769 2668
7387 2730
818 6639
7172 3946
2268 5076
9563 9867
6169 8573
5611 7050
6452 9475
4777 9905
5003 3927
5153 5312
1937 4530
755 9009
2162 6573
7882 9947
5454 529
7801 6609
5241 5083
5081 350
4880 1582
6006 843
7289 7
6173 9761
897 1963
4118 995
9709 9882
3392 2901
263 1525
9990 294
6077 1593
9551 7232
8244 3347
5978 1508
2713 5678
8721 2354
707 216
9295 6340
2601 1538
6494 9643
2162 8008
6879 7675
9299 187
2859 9407
6324 6385
7221 1713
6059 4253
1310 6399
7617 2875
477 4790
9458 8570
8949 8923
1508 4860
8316 5265
2323 6487
7602 7584
2700 4610
7928 9302
1121 4544
1456 8135
3879 5852
8600 1401
4856 616
2468 1309
5686 1019
964 8686
6214 6973
374 7333
6551 151
759 7152
519 4192
1992 2424
8121 1981
185 5374
652 9175
9530 6668
5679 7019
9978 4379
488 7953
5332 5744
9849 7956
9504 1953
4694 297
4188 9454
5434 6572
2961 3087
5182 3087
1035 817
4093 1099
6659 939
277 2624
3672 1127
1879 7540
8780 5577
5851 9218
5033 883
1003 1216
7775 2997
1834 3889
684 4591
1785 4226
9018 5722
7715 9963
2651 754
9927 8891
7221 3203
527 1230
473 8483
2628 2431
4373 1636
7924 3957
2992 3188
5280 2807
4043 1944
7919 5866
980 5970
7724 2565
6203 1860
3293 1843
1225 8217
666 4814
6797 9929
6652 3986
41 1444
3697 2584
7591 1673
9481 5804
3045 495
7028 5302
3440 3876
2898 7484
4900 4312
8086 7089
7263 6891
3777 9609
1854 2084
203 4767
5736 9822
1438 809
1639 4968
6847 2369
5507 615
1493 280
3340 9232
779 4308
338 8692
6306 2668
4802 3293
1909 6044
8204 2700
1002 2934
4621 3588
2762 1443
7183 4737
5478 8114
6968 9848
7910 3231
162 1374
6826 4949
4963 7688
8529 6248
7574 1681
8616 4962
2014 7217
6306 4068
243 6933
1870 3011
8866 3823
8612 8318
2059 271
886 9046
2282 3977
8261 8303
9073 5572
2226 2126
4655 4195
3866 6457
6897 6949
7515 319
5852 3034
6381 7285
9793 7430
9427 1822
9702 7535
6929 6616
8937 4372
2462 4825
46 6910
4604 5465
9196 6015
6415 8300
3322 8714
411 4702
4494 6493
3670 121
9465 9833
8632 8427
7239 7950
538 2857
1446 2589
5672 1890
3665 4359
7609 2631
1233 735
4459 750
5182 5524
5960 9143
8404 4419
5892 2502
7569 6836
188 9859
5798 4074
4524 7866
7047 8447
9181 1818
1041 576
5002 6253
2317 192
7775 1509
543 7554
6440 3587
9409 2113
4783 8550
3943 3537
8266 9435
2762 5294
2986 9964
8090 6435
1749 8456
4194 8368
8960 4734
1448 9028
103 851
8078 6483
4296 8668
4553 5811
2683 6761
2118 2809
8229 3794
2657 39
9117 1300
1554 4315
2427 7871
6992 2918
3577 801
3025 2915
3115 3406
4221 6784
585 8438
8038 5223
7543 6494
876 9957
5464 4426
449 9670
4167 3571
3396 3864
1457 6022
4277 429
1758 4041
3829 1246
9910 9789
9683 2612
173 230
5288 1288
7506 5073
8431 7938
1871 583
9887 3695
9639 7626
7348 7964
9206 6535
9964 710
2331 1094
4692 4914
2121 397
4496 7418
7070 9974
5536 438
7508 2960
4166 3780
415 8050
8111 8530
4898 5310
6011 4650
4237 2965
2679 4376
3644 2665
349 3119
577 9199
7240 6582
5589 6362
2884 8335
9537 7375
750 7638
4189 5183
6286 4583
616 5052
3039 3458
5399 2296
3204 8211
5322 718
8991 6105
143 6555
8941 2034
8130 458
2968 3083
3449 8027
2425 1767
261 5235
7587 6993
7902 7711
6226 3225
4271 2007
4441 4932
9794 7047
5450 4747
5214 1742
5195 8544
4541 958
5230 4402
9552 4762
7533 6638
1313 3543
4559 9368
9592 1342
2585 116
1392 7263
5861 1576
6238 8326
5786 3460
3870 1106
8943 9974
7485 1382
9483 3197
283 3833
6023 172
757 6703
7974 6861
9984 4189
490 8825
4268 2328
6270 9668
699 635
2600 7542
5593 7873
9668 3144
6550 6348
9618 3948
9169 6438
8542 8973
4064 9328
6985 6560
9890 5485
6883 2997
3371 5382
3965 3063
8518 7779
4074 9807
8256 9512
6206 9949
4684 4259
3439 9663
9373 8515
2873 6050
9669 6545
8294 7348
601 7457
4828 4065
5648 7076
3974 8008
2625 359
8506 9909
702 8515
633 5975
8059 5216
8138 6418
8345 8127
1214 7570
2869 1821
2871 1812
2561 3918
2699 8326
1518 9656
4729 9498
3994 7792
9066 8153
5219 3761
1802 9110
5199 1765
1852 8867
9234 8646
49 4270
3121 2332
3636 5701
3047 7150
5539 135
1702 5883
6333 8434
1250 9649
6873 2594
5690 6377
520 7899
9545 9426
7756 9944
8446 2689
6013 4469
412 3152
3157 2233
7173 4401
8223 5313
6542 6878
2818 2187
2647 1064
1608 3193
2447 2934
140 3988
3329 4374
1005 5243
1675 2431
5635 4742
4258 5580
435 518
9911 6013
1770 9924
3909 3549
820 2871
2510 9607
2310 5341
2638 9298
335 8685
9833 7138
6253 7216
461 4303
3829 7054
1178 4582
8844 9679
2738 7592
2939 2881
3871 3395
135 4401
2378 2256
6149 811
8429 7029
6390 1066
7834 9357
3821 9169
9565 6068
2574 8533
2355 6951
3421 458
7795 3005
3016 7830
7528 2275
2067 4497
9552 4613
8301 3722
1679 3796
7694 9263
3810 6935
4875 5968
3762 3686
8056 8591
5774 8747
9842 4992
2108 405
8969 8294
6525 2203
4017 1267
5094 2688
6921 2051
8678 436
8955 8843
130 2349
8302 1940
9036 4615
3741 7907
9588 224
6316 2039
6358 2935
5008 1227
8217 1903
9666 7757
1020 1094
6084 2797
6549 8565
5561 4475
4524 790
2155 3447
8964 4415
5584 5052
611 6844
9394 9316
4847 2335
7322 2956
7823 7427
2451 3846
8903 3136
3897 2211
4368 418
3775 4937
6891 1975
6797 1326
9068 7348
9691 6569
4729 5134
6937 6623
9553 2881
6023 9980
410 5646
6225 6868
2381 2505
827 2791
3060 2852
9932 2046
2766 2534
1439 293
8177 6895
13 1286
7742 689
7879 9572
2462 9725
1833 2036
7246 290
5560 123
6126 1479
8903 9957
6874 9749
7952 5288
6778 7213
5622 1956
6778 4513
6180 6259
8639 7810
4720 7647
4022 2562
1935 7156
5079 3315
3451 9969
5158 5453
1364 6459
3314 4840
9807 2790
3674 4515
6994 3663
7284 7110
4996 9629
1136 7732
7162 7684
8154 3156
9661 5243
9749 2348
7880 9127
273 33
9915 6133
3483 1775
1480 7223
4490 7502
9037 408
7466 3585
4423 2605
7285 4610
5767 2221
830 6494
4272 1561
8226 2238
5491 1647
6348 3248
2332 6059
6863 6111
4558 8503
2165 2787
1316 2877
2058 4349
9273 8946
6051 1903
4055 6988
716 7042
3442 6896
4796 6435
2758 5549
7699 8116
753 9848
1174 692
7589 6786
1702 9435
6772 4987
6405 3915
7135 6515
5054 3902
2683 261
4798 6653
5650 5747
8665 9810
9541 7732
4182 3597
5957 3176
677 5240
7432 3049
9835 1488
8004 2237
8249 4943
2888 1093
7785 9788
4419 516
6005 7149
1358 6849
7422 4337
3846 7260
9457 4834
3706 5796
2186 6751
8109 1948
9340 8540
9755 875
4900 7323
337 2973
5322 5938
4602 6780
6596 2219
3487 8616
6928 3826
8840 5767
5445 3616
32 1092
2214 4243
3402 8767
5973 7099
9543 6980
6810 8054
9268 2625
616 7328
212 7799
1074 2332
9921 234
2489 3614
3754 942
5261 6324
8060 8078
9679 2694
7664 7937
131 7477
2846 2084
8120 1576
6672 7438
5482 7959
4182 7697
2597 8122
7633 2201
1152 8963
2325 4500
7713 7637
2060 3128
284 44
2419 4843
476 9521
2762 1436
9469 5190
9394 6572
7924 9768
8618 1852
5548 8756
3605 5135
9976 610
8245 4455
8024 8077
3346 9944
1276 9975
692 6835
1800 1736
8193 8492
8429 3249
3262 9389
7639 5593
8960 859
7151 2570
3796 8736
2534 1610
8322 6971
5711 9025
3651 3253
1329 9276
9952 2368
627 6837
102 7485
8691 2381
2898 2431
2375 4991
6496 5545
2329 5072
1418 4786
8313 77
7446 2537
2300 8835
1876 5214
9248 269
1756 3191
5933 1320
1687 9790
8741 7375
7782 8539
7526 40
7003 2785
6075 847
6236 9903
2346 976
6327 4961
488 9088
8048 4625
8389 105
9255 9117
1596 5863
8049 3488
8301 9320
3599 6476
8354 593
6513 1627
3734 8307
2268 7019
1864 4228
6743 5613
1371 8059
9668 2391
9242 1017
4979 2812
2090 7606
917 5035
7263 347
8179 1573
2450 653
5330 7867
8622 7974
1408 4390
7937 6311
4490 6166
4603 7580
6658 5101
3808 4713
3703 106
9435 9141
8276 6169
8292 6352
522 7040
1227 3310
3114 7391
701 7348
73 1870
461 3393
6777 6908
5547 4511
2595 7119
166 6465
2031 5604
9802 25
1245 1307
9201 7444
37 7030
4332 4852
6447 1240
9735 2183
2361 5692
1864 5359
7379 2788
2984 6041
8536 5934
3566 1026
8572 2412
8945 6560
6168 4488
3030 3363
1681 8174
3627 9369
4809 7571
4414 129
2099 9333
8290 6374
8470 2497
2533 680
8508 7097
7525 6921
6509 2652
5574 9520
2797 7910
8132 3288
6261 652
7285 1687
8940 2771
2741 4512
3045 2021
3754 9312
8195 6913
9272 5482
2637 4711
5427 729
7221 7623
1714 8905
602 5470
1491 9183
3212 6273
6315 4860
4668 9097
4803 9048
6488 236
3561 7370
8000 5109
7555 1303
1047 8979
3008 9559
8806 7829
5373 6280
1928 7533
441 3818
8725 9097
8658 2327
1528 9085
4910 4654
3972 4682
4223 27
5164 7372
8357 3472
8988 5734
1248 3152
817 9830
7322 8168
839 6133
4903 9914
6169 1761
5068 6649
1230 2469
5966 4148
992 1993
9922 8206
6941 1791
2878 7900
4534 7576
7305 3849
2945 7766
7809 8636
2915 7416
1118 7097
912 3525
6010 8631
7395 2731
527 9912
6493 4178
6888 7669
1406 6774
7360 1182
1293 9081
5606 8777
6442 1363
5855 5683
1874 2862
1173 9404
2538 5718
6605 4369
4532 690
534 8219
7496 69
6553 557
3666 515
7313 20
1148 1741
6214 7363
1391 1636
4357 6458
1048 5759
8333 3253
3528 5411
4384 3950
8674 9183
1997 4226
627 2078
7396 5179
9242 4091
5320 923
555 7731
3678 5178
4146 2894
1715 447
3036 4972
771 9193
6710 1993
4916 2796
5117 5451
7824 9291
5419 4435
9736 6231
828 6780
2069 1602
451 9398
6946 2957
6106 9782
5174 4601
4465 1277
5954 5773
6768 238
2576 4065
6657 1996
5412 7794
5694 4868
411 6853
6001 285
1302 4702
8117 3859
6430 6628
5601 4392
8850 3597
6586 4484
5457 4054
5120 7908
6859 5715
2728 1376
1455 5994
6854 7649
5554 9398
4769 1522
271 2809
4754 1635
4729 8843
4014 6025
8014 6139
6244 2265
797 6039
9013 6249
2197 3229
3029 9335
8040 9123
6408 4269
5000 1369
2111 2125
4836 3696
2261 1135
3032 9287
6960 2354
1279 445
6234 3506
5830 5277
5038 9022
5578 8746
5709 7635
8546 9536
5271 7280
2042 5336
4011 5906
3452 2240
7289 750
8554 4700
3358 5133
6533 5474
3140 4134
6934 44
99 6884
8543 5668
5976 6175
4778 1830
687 47
8077 4322
5668 3840
5977 5757
6782 9985
5763 9098
6114 9702
9910 7540
1210 3094
8865 5402
3166 3427
7610 3986
5429 8963
7807 4763
4086 9998
9117 4712
5614 6576
9131 4958
8347 4866
6606 4674
5033 8250
6638 9591
3318 3745
656 6059
6809 337
7854 4929
1872 2157
4252 2838
4593 7605
1491 862
9241 7826
9618 5929
4139 9553
5288 4975
6283 8290
3698 1180
9121 6688
3246 9018
1946 2902
7964 7436
4930 9592
8094 227
9564 4993
8228 4453
5687 1807
4297 3720
7299 6822
7285 744
7569 2028
10000 9111
6234 1434
3784 8964
1304 7047
5597 7493
3523 4437
4517 4948
5217 7773
789 2454
4580 9676
5168 2360
4244 7932
742 4169
7801 284
8140 2106
5797 5470
5321 4482
3938 6501
4619 1137
6355 266
4720 230
5691 2550
693 6050
2215 2951
1869 8252
1499 2259
1721 9027
4032 5312
499 9009
626 3211
2977 9074
6541 5055
5795 7163
8471 6882
9474 5961
6659 4908
3116 2913
7163 3619
2050 2947
1991 787
9696 6538
4297 3778
3511 5018
8151 9325
6320 6889
5549 1350
3082 9314
2613 9773
4009 1243
5474 9576
5003 8299
4575 5393
5949 7843
4635 388
9527 971
9324 3383
2447 328
6408 532
6193 5738
1480 3607
2670 8611
7971 5737
5751 7828
4426 5833
8949 9831
702 4213
7931 6474
899 7294
4061 7076
5661 1226
4756 9305
7852 5499
4507 5602
3862 2615
3583 7665
3861 5300
3275 6660
4580 6582
7378 2546
576 8907
6307 9161
2332 6267
79 3814
9610 4567
3522 6938
5539 9761
1219 9681
2123 4278
7340 8886
9856 3877
6877 2834
6726 1897
4038 5778
1059 5571
1391 9831
4842 8079
5346 7364
397 2576
5454 7866
2552 7988
6127 7930
7980 7756
8610 9082
9472 8965
7704 9707
2668 1419
783 9738
1679 1255
198 9470
3325 5623
9570 4579
2545 1677
1552 9959
1974 1808
2009 6288
2629 5675
3470 4482
8387 1307
2536 1451
5832 4792
632 2555
7796 2826
7486 7581
7426 3525
5618 3471
8102 163
3140 7718
2635 2829
2434 7858
8604 6469
9521 9343
4046 6257
661 6355
1507 7450
7105 9871
3497 2748
3646 3173
5855 1224
7840 4290
3668 7704
6486 9154
1460 6545
1626 7742
5818 392
9683 7
5032 2064
6564 4697
5554 8979
9102 3004
8837 4297
96 8275
4291 5019
3152 8776
5259 6775
1771 8315
5546 9192
7586 4753
7549 7976
2490 1769
9854 7421
701 9914
5894 9112
4332 6485
2717 5866
4024 3490
9665 9175
9031 3587
3006 5767
9814 5173
9080 7692
3085 6795
143 9463
926 8015
524 4149
3208 5336
2477 7321
475 676
7638 6752
2103 9242
5107 1162
3024 3442
7086 8708
3027 5991
5510 5846
6653 9879
5663 8073
3879 4904
8593 7910
4330 5331
3453 3116
995 7049
4023 7930
17 9550
6618 2654
5824 3593
143 1760
8773 8442
4861 5966
8161 2568
6213 1080
2177 1240
6927 4876
4609 2115
188 9829
3242 3951
3387 2658
9763 5262
3789 8369
5071 3307
7560 2004
4863 8318
3187 8544
9456 6011
606 3620
4632 8286
3155 351
1171 9769
2330 6869
9628 2762
7024 5750
113 9965
9283 281
8858 5596
4229 5363
6913 796
7291 4525
1930 2801
7455 9147
5485 415
5673 1906
1266 4914
1238 5317
87 6232
55 8161
5375 4431
8385 2963
1942 7028
2658 7700
5257 6932
8941 5843
8718 6060
9725 4141
4483 2187
58 9028
7551 4288
1858 7714
2830 916
4921 3055
9496 7033
7816 9889
2980 5473
652 2999
3510 691
2044 6624
9937 5106
9951 5860
7983 7695
2197 7302
1982 1299
4681 1243
773 2664
7589 7697
7391 7588
8167 7837
8242 3748
1284 924
6816 3078
2361 4599
207 9095
7097 2913
9206 8119
4351 9343
6426 698
5937 6860
9932 1579
6588 8931
7220 4244
6863 1655
7120 8874
6147 734
6034 3372
3768 8209
5227 9642
750 6181
4633 112
6041 7014
8505 7690
3104 7595
1421 4428
7640 4189
408 2495
1160 9259
3507 8840
196 3929
6067 2577
6746 2259
5240 5829
635 9101
6667 4340
5093 3466
8918 4934
2605 2952
2352 9347
8111 7034
2314 6824
8875 3060
5854 2997
6448 2864
2758 9814
7112 7257
483 296
4036 3378
4862 5465
1426 1111
3183 9987
6545 4509
5159 3523
6439 2381
1982 5388
1967 747
1842 9320
6137 7606
9982 1868
1502 6955
3174 4383
6108 9946
1844 7940
9381 3286
3122 8799
601 7161
205 127
3227 7410
8627 5986
1141 279
1689 1470
6972 3366
415 2859
5926 5188
5696 399
3600 581
7665 5777
4841 2886
4981 9154
3605 7038
494 2527
2674 3126
5798 9151
6624 298
5712 8453
5742 2494
9463 915
3842 3140
4370 6608
8920 8439
1263 1741
384 7268
3547 7819
3845 4347
5066 952
4863 1964
9179 3351
9767 5183
5911 4695
5884 6757
2021 9074
7203 540
6117 9241
3266 830
2681 5395
7638 2652
2125 5038
1095 3190
3597 7582
4754 1830
7650 1095
9709 8644
8137 4158
5545 7346
3426 8980
3970 4232
8418 7127
5015 285
2849 602
3812 7686
9156 3482
4820 5730
1209 9471
7030 4719
3252 9919
8782 8496
7636 9487
7831 4065
11 8826
5594 6950
818 8193
6938 928
93 2260
7382 1147
6546 9699
1904 7103
9453 2980
7291 3700
3855 3275
6046 9862
6722 2848
239 1511
6383 9228
8051 2833
2434 920
8660 9513
5488 7811
9750 4254
6141 3587
1332 9811
8397 5277
2441 4048
2476 9387
6078 2869
1939 5885
2932 536
3371 2328
2091 8906
3821 4091
7785 4208
7396 6379
2738 9021
4529 3999
167 9073
1985 3992
4602 1084
3280 5202
1363 5893
1521 1517
631 9846
8161 5962
6430 4323
1642 9683
1045 6962
7522 8007
4682 7055
6650 4076
8416 1632
2761 9545
4050 4869
4853 8464
7659 7388
9730 7412
1922 2014
7326 9422
9562 9097
9608 8304
896 102
6940 121
9196 6114
7245 108
7170 2648
4987 3443
393 3856
535 4882
4174 7010
5044 9578
6433 1019
1013 5859
2139 3197
6619 4170
9617 9879
7044 6675
4450 9490
8836 2580
5998 9098
7379 2716
3297 5939
3006 6924
8836 9804
7907 9857
6670 4190
2257 5669
9672 7167
5697 3271
5019 1117
6155 2560
725 3780
7529 4445
974 8129
3582 2574
2840 1000
2114 7551
8141 1713
8582 7844
8303 8413
2438 1429
3573 5627
5097 4325
836 1513
2900 4537
4572 9476
5834 5943
613 1175
7143 1154
8458 4501
2106 1189
4403 8828
9588 4908
7193 7837
7181 7396
6418 5144
8429 116
3556 603
5987 8965
2592 1246
1419 1045
5547 5623
2921 3272
3158 4244
768 2033
3314 2614
7364 1062
7609 8066
1006 9766
4225 6113
8555 2725
7764 6210
5204 3821
9943 1515
2400 6306
6534 4695
2715 222
8427 9333
8790 4061
3111 659
1403 8929
9238 5032
10000 5602
9476 4764
9244 4151
3950 6782
5314 2799
1366 4211
6993 1097
8014 2360
494 8127
7542 8005
6018 5099
6110 894
9703 2306
4437 5841
55 6841
9530 8760
794 4738
2352 4724
3776 6400
229 4507
837 5022
4103 3583
595 6352
605 6529
5462 7662
3920 1110
490 3078
1252 4786
3538 7265
4391 601
2615 435
878 3801
536 1203
6649 1591
3716 9253
8618 1552
7013 5680
9802 3675
5593 9997
5056 6807
1917 1610
5382 1291
9295 2971
7880 157
3755 5253
8129 4030
6439 8385
6521 740
1548 4099
5977 3984
553 9424
5327 2368
4918 265
2367 921
7158 882
5593 7532
8457 8667
9856 7955
1885 2557
5439 3404
1516 7537
3461 8887
4949 6203
9298 7489
3035 2461
3905 4450
6048 4841
9580 4966
628 9182
4485 9669
4180 817
3352 6672
9876 5133
3365 6408
5633 75
3563 6105
2675 4934
4453 9428
9084 977
2541 6255
666 36
2412 5129
2088 1016
6464 4226
417 9699
1299 2707
1383 1099
709 6139
3458 3270
4514 9763
966 7082
3436 8986
1306 9087
1799 3947
9003 1241
4786 2550
1553 8877
1432 9030
1577 4908
6350 3745
7691 803
1424 76
9519 7585
6050 4734
2763 4674
5816 7156
118 675
9032 2679
6893 9902
2197 5295
4682 5452
2420 3073
1799 4485
4771 5864
3017 3551
6762 5163
2094 3684
1998 7670
4078 5212
7959 3261
9198 6285
3299 1703
5255 316
3225 5755
9552 4112
4562 9928
4030 3242
5289 1794
4552 2048
8109 9464
1343 7026
5685 6735
7728 5734
4931 9377
2028 3991
3169 895
4759 9662
4895 7457
9108 3436
5471 3628
2105 2257
6085 6503
7126 1884
1479 9713
8708 5782
6671 7086
1102 3220
6182 4718
8596 4525
8640 5689
3296 6952
9515 2118
6622 1347
4524 5623
6013 7745
9372 7321
348 9948
7908 4265
5538 9574
1611 4630
3452 7705
2298 3400
8503 7991
9242 2236
6660 9214
5607 8086
6188 4035
3719 8786
8758 1935
984 8176
962 7981
796 7397
2891 189
5052 5697
2799 7985
8536 7803
4422 9988
5194 3440
3620 7064
5194 3094
8316 8300
8936 2622
6574 8524
3949 3128
4410 7994
8635 6013
1820 7046
6094 7574
4069 7493
4522 2522
7595 5352
1264 1447
5368 8017
9102 8130
6975 6190
9811 1201
8028 9841
9402 867
8386 2669
9340 8033
2527 1677
7187 1917
43 9997
1778 3130
5072 9810
3341 3261
6007 2831
3718 9230
5421 6248
209 1043
6180 9259
4794 4842
777 9901
9594 8362
4887 7509
8832 3343
2503 947
2486 5870
933 7659
6452 9368
1561 5472
9689 2111
3978 5390
4072 7113
7872 724
1405 7996
1651 5907
9286 9586
5567 8739
6214 2917
809 791
1160 5588
5192 4318
4528 7022
9645 2292
6838 7066
2218 2074
4079 7482
7100 7339
5963 8833
4058 303
7976 2865
1683 4050
770 6369
8598 1329
8632 7355
9516 8139
795 3190
7773 1380
4400 2336
7376 9020
6769 439
5232 1749
8311 3820
1449 3169
1044 7982
3818 6328
7760 1135
3991 5509
7609 9368
4720 7077
9737 1749
9790 817
2600 9884
9514 9193
3523 1419
8789 1297
7320 3377
2399 2245
2201 5218
90 1552
9544 8324
9122 5034
8183 9553
1274 530
6146 7572
8325 6304
8965 2966
6729 164
5216 3176
7425 6781
1047 2033
3978 3156
4062 652
6511 4355
4074 7462
1892 231
9829 7314
8993 8479
8255 1788
9817 9268
2909 891
175 8769
5796 3169
9319 7775
4988 2939
9818 2974
7825 7386
8501 5327
6823 3729
2155 6704
1578 3515
585 6600
7591 2739
7095 5791
3802 5080
6613 7183
3991 8742
6555 3247
7586 4315
9765 4516
7299 6190
6534 8696
2296 5416
2410 7613
7764 1829
6981 9904
8700 5631
2839 5972
5267 7340
7448 8718
4653 2569
2806 8363
3654 9798
7815 1941
413 2580
2760 7100
3388 6297
3782 2276
7996 5709
8486 6990
2003 1663
9217 1280
2306 2578
6818 4623
1320 3074
387 7038
1681 7908
2593 369
732 3687
853 1323
6165 7181
9998 1368
9755 4623
6553 4187
7830 1057
4483 1246
7580 7032
6359 389
9402 6461
6138 9067
5804 8281
8526 6280
5676 256
4255 4072
1565 7983
8863 429
5658 2231
5758 7904
5980 9878
3281 1325
1572 4109
7504 5970
55 8414
8372 1263
7372 7821
6716 8431
4107 2553
9698 9055
9168 5756
315 578
7597 4410
2065 2707
4040 986
4701 5197
3011 5936
6207 5409
7870 8778
2555 6420
8115 3033
1208 1029
6104 9249
3329 7348
2140 9716
9160 3529
2097 1406
1829 9979
7832 2222
4329 3314
6832 4218
868 6826
7120 1250
439 7316
7024 9655
9985 2356
3462 5994
794 5337
8083 7922
591 16
6941 8425
6504 1495
8815 4987
5812 5161
6687 1479
4115 5043
5453 1203
9752 4623
628 4887
3301 9264
4861 9208
1149 9213
4392 7329
8213 9286
3080 4600
4349 9547
6496 6453
9239 5402
4944 6978
5711 6269
1080 5610
258 1916
991 802
758 6382
5671 7294
9717 2568
4686 9791
9332 352
8004 6534
9540 1924
7998 8094
2405 9242
7552 8607
3762 4515
405 3161
3356 4408
4134 5931
9282 2598
1197 9967
9193 9495
3920 8889
5472 5052
2245 5783
8634 9554
4521 338
2514 9540
6784 8292
203 2350
4245 2022
4998 4890
9162 74
9556 8100
9231 8530
8848 407
7675 5184
4577 5794
9389 4848
2092 6773
9356 3409
1976 8365
5231 537
3475 3056
796 649
335 8491
1489 1039
988 4098
2935 6444
1723 5007
2097 325
5460 9061
876 9587
3790 4234
920 3574
6711 4316
8065 2814
9664 8130
9353 4094
1409 5638
4093 549
7567 9936
6833 1392
9866 7965
3917 9455
4067 323
5321 7010
1938 5384
3867 5829
3954 8445
8969 7668
4984 3481
5152 820
5857 9415
2156 9709
6283 8671
5005 6328
9905 4894
7633 9912
9843 928
6168 4654
5740 7265
798 9789
1325 3101
1965 7696
7540 6189
6818 1717
6915 1769
9945 1806
3324 8334
6639 2949
6692 8421
330 3228
2081 1838
7124 3006
2950 268
1080 5518
4041 6460
1383 6187
1173 5604
1217 6416
7878 8572
7904 2023
3958 1388
4562 5622
2116 14
6558 69
7268 1535
7102 9633
9508 333
8508 7696
1497 6610
1584 9678
1019 5252
2723 7455
9480 3488
7615 776
7208 404
4319 5697
990 57
398 8703
3098 4204
7714 5849
8204 2267
5115 382
8538 7824
1109 1843
5594 7937
9360 2029
7621 9759
5605 6489
3635 5397
682 5334
7533 2384
6148 153
9730 1026
8573 720
8415 1994
6161 5753
5948 7116
6082 1772
7112 5640
2158 3758
7034 2266
9222 7978
4051 9833
7403 635
3256 4262
1920 1714
1155 3340
5444 9483
8542 6634
4558 4863
6929 2588
6230 3789
5567 8086
1483 3027
6372 2714
2897 9556
1692 9549
8622 8327
1286 6540
1282 1579
5501 8886
5553 9409
8794 8545
7022 2889
7119 2173
4309 4697
4280 374
1148 8004
8135 2376
7211 6737
8518 7673
9969 5563
2869 7112
1561 7116
9536 2693
5573 4767
4682 3332
2798 5967
3434 284
1937 2025
1664 1348
2168 5936
5689 8245
1446 5963
9854 965
8272 431
5823 7654
4397 588
6059 9338
8626 8954
4808 3001
9562 1888
6794 3332
912 3756
7239 3352
8177 7378
7436 7306
3898 3662
6301 5055
5240 3099
6611 7949
9243 7299
508 387
7265 9090
3852 5991
5879 752
3044 222
4970 5467
6766 1731
8675 153
3323 4077
7984 5654
8078 6830
1892 7067
537 8869
8226 8665
620 3805
9315 393
7614 795
8737 5227
2030 7703
8629 7556
9026 9034
8886 352
7220 5131
4367 5123
7367 2163
4200 8616
2777 5545
8969 5777
787 1480
9629 8769
4205 2175
1668 5834
1716 8169
9826 3215
1486 6187
1728 5565
9222 5677
9013 6652
2943 6939
9635 1144
1197 637
8207 9256
6498 2309
5869 1510
9897 2597
3941 8542
7061 7821
4361 1902
6841 2897
9368 1548
6489 6900
3677 528
5701 6222
1407 7887
7516 2534
3149 823
3747 1300
6555 2001
6923 1773
9981 5983
6949 1465
5834 3649
3852 255
5597 7280
9381 1803
2755 6278
9019 6751
6488 4144
4005 2008
2585 2832
9546 9500
3847 8563
7414 3147
2356 5754
9793 2834
8467 741
1997 5708
4490 4247
1073 2087
6912 8086
3269 6503
3992 1488
61 4125
2680 9398
9309 6129
2954 7697
3987 9706
4045 3223
935 9359
8502 1712
9825 1906
7229 8061
676 4261
5943 8628
676 8011
3637 9454
957 2892
6829 3787
2644 2023
1637 4885
5457 4455
238 5632
4578 4142
1937 6321
6054 9057
3231 736
9246 3285
5424 8459
3738 2267
7753 3564
9715 7817
5040 3978
1677 9662
3314 1116
3465 406
137 7310
7106 3364
1915 4305
1849 6437
2896 9784
3136 9847
8861 8367
3124 9427
2163 1794
1042 7201
2802 4915
9234 1710
5054 6592
921 8945
6819 7350
1368 7224
5501 8021
3258 6342
7948 8003
1395 9512
1788 5019
3658 9036
728 6725
9310 4308
6723 2722
1357 5236
6735 4260
9832 6482
2286 6516
7092 9380
4276 2490
5513 7454
5144 2815
8718 2132
2138 6024
7514 9641
3575 4661
9763 8544
1132 5512
9304 6068
825 9859
8333 3037
1872 962
5583 4189
6595 2184
221 6175
6413 4735
3148 7311
2653 295
9205 3066
1331 4423
7470 1322
5137 1093
7675 3051
7870 3581
5699 7565
8470 8404
8026 2355
2203 4085
9297 9013
4652 4362
1217 6225
378 634
1511 1804
9508 3874
6588 7049
9126 7562
2792 4574
458 6545
2820 7711
8693 3956
6379 8996
3451 7662
5100 2624
3475 780
9560 7157
34 7680
8125 392
2521 4167
4827 9731
9381 4180
3618 1217
5045 3327
8331 3993
289 8515
8349 8088
1359 8879
8759 9243
8416 3732
9721 6112
284 8099
7017 8037
9372 6256
967 9118
8885 6502
4776 8967
8650 2512
2895 2612
2642 4742
1537 4521
7372 5691
9707 7523
3782 4463
566 7400
2914 1122
685 8801
7759 7823
7012 1508
7201 6503
9874 3640
3662 5882
4621 5614
178 8847
5764 7821
8389 9980
3701 9475
730 1810
9888 9611
4898 4100
1108 2141
2362 7453
4313 6371
519 4222
6578 2784
3367 5555
4720 7895
8729 7121
5457 6851
81 7445
5016 9616
2547 7033
8565 1769
4580 2697
653 4178
6927 9406
2787 817
2343 9044
3670 8092
8730 2581
4427 4450
5782 8710
8738 2931
5318 6444
8579 1368
3660 9479
8002 6219
1547 9008
75 6213
4042 1103
3611 7962
8389 7612
5210 6393
8966 1066
5989 4199
8241 5175
662 761
375 6437
312 617
9360 5783
3978 3277
3126 4834
9120 5854
6167 804
9020 1038
2555 689
7425 7820
7714 4633
1443 6154
5667 694
5969 9869
612 7140
6705 6697
5494 1965
9558 3347
2269 112
3051 8921
6544 1854
7676 6338
4042 9928
7610 3333
215 7411
822 2271
7915 2364
706 9991
9015 5184
8267 2298
6713 9787
6156 6704
4487 2376
7725 3296
411 1365
2534 2179
1501 9251
51 6769
3134 5950
3430 8266
1551 3493
9488 5087
1228 916
5450 666
9178 4795
493 2076
7033 2669
1778 4423
8062 5527
46 6277
2598 3448
5077 4071
3377 3405
8717 1563
3036 4456
648 3339
4573 6994
9122 3082
9837 6582
7252 2128
1714 4426
3570 1761
8313 9689
980 342
5720 6089
3933 2697
2300 9146
8488 4210
3798 7231
4058 5167
4458 7502
5888 2259
210 1806
6074 9021
6667 5024
3156 8616
8752 2355
7930 6938
8129 2131
9287 728
3665 781
6666 2901
9902 2205
3937 9148
7771 3942
4520 833
805 6910
60 8211
3595 8161
5341 1030
8766 8713
7438 5481
1564 7882
9867 9922
6083 1573
9739 8586
2008 4794
319 9267
6449 9018
4674 8719
3311 4685
7377 8419
4577 8529
9393 1586
9095 3298
7747 6575
7824 6447
6438 7403
5097 9434
5304 388
5196 4877
6308 2888
7974 9467
3315 217
3429 8406
632 8642
6011 3387
9129 1861
3301 5471
984 3657
5407 2183
6318 8290
8295 2922
1422 5348
9110 1269
5604 7604
2524 2088
348 6997
5746 3176
1564 3200
3405 1582
2990 6944
7060 7827
6999 6860
1681 1312
8254 7286
9206 5527
9639 7719
3177 3193
4556 1614
8941 3585
3957 4792
7954 8865
5682 7058
7208 4998
6546 456
1871 4762
2597 1403
7282 5116
3130 7265
23 2776
7896 2535
8521 7180
5609 6636
8950 6095
1433 6799
7690 7189
9384 7889
4169 6872
7794 3680
3800 6956
251 2753
7448 9112
7915 355
3070 809
7554 291
5225 7945
330 5462
752 2065
3649 3619
6232 7091
200 5514
2868 1306
5767 3834
913 1841
2427 1129
5499 5633
7817 227
6958 4827
9665 2902
9298 7373
8873 2868
9095 4028
1955 542
8408 9404
3410 1179
2045 7346
8213 2107
5343 8284
4377 4222
2416 2059
653 8545
519 2087
5853 5484
6877 804
466 9168
2084 2368
9022 2058
2347 4288
1020 3266
2632 3637
8434 5510
457 1070
3524 5868
1662 2764
9069 3235
6421 3969
2539 9904
4519 3940
9121 1071
9130 9353
8201 3090
5355 7130
1622 755
7214 3299
9685 8101
6903 896
534 2599
419 4508
3299 4340
5868 2247
1305 7203
4200 8963
399 809
5647 5485
513 9349
2407 9682
5678 1686
7820 3595
4526 5630
384 2239
8128 2070
1670 9604
7445 7263
5240 8194
9351 5111
4317 4746
1826 1072
8085 2919
6302 9836
4883 7763
4610 3584
6782 4051
4338 5131
7010 1643
3039 657
3190 6597
7820 3767
6874 7861
1467 964
7560 9682
4006 349
7153 8162
9561 8032
3043 8930
2837 5618
9463 5570
4934 4336
6884 4628
8998 8584
8822 6821
3587 8454
8037 2935
1018 704
1329 9943
8750 4741
4833 2642
255 3349
4966 5248
5639 3317
5703 2774
4281 7529
6245 8039
4167 7141
6920 8115
6621 8052
437 1348
5947 5958
8968 9153
5908 286
5176 3533
9079 7769
1381 747
8165 5386
5323 4036
1088 9112
8196 2377
1457 7104
7735 5529
6220 3065
1864 9755
1504 2550
4945 9536
4502 4180
5923 4897
7038 3275
2081 1227
1089 4926
6476 896
6485 2567
4678 1804
9475 4459
5971 6604
214 6548
4642 6829
3695 9573
1100 5051
2571 2554
3396 6141
9579 4220
487 593
9241 7547
8784 7956
6170 5299
6335 244
2375 4779
7004 12
8081 4609
2768 2033
6828 3080
9891 4403
6714 8850
6618 2571
7875 2872
3259 7329
1699 693
6917 4921
510 2005
1907 4952
3748 4158
2643 5100
26 4218
6835 8050
1376 7233
3209 1759
6561 2622
6401 3698
8547 6888
9215 4914
6851 3202
6077 7608
3335 3653
4782 4241
1517 898
8444 4270
2325 4756
7114 2625
2329 5857
6524 4927
4426 8773
8511 9474
2670 7752
471 7276
2033 7585
4607 6852
4153 8960
2860 8341
2978 5713
4681 9577
9198 8093
8455 6720
9168 6255
762 6688
8593 7468
6294 2861
791 5820
2581 3274
9978 4061
2706 4352
3854 755
4327 4144
3187 9588
9607 7061
8366 7863
6766 5524
6566 2896
325 2109
9883 6903
8910 3164
6098 6175
9367 7086
6661 5753
6869 8664
6589 3069
9710 8806
907 845
3654 7449
4673 5766
3920 1536
4218 8381
1100 1670
76 7464
2588 3968
1081 4417
7804 273
2672 1085
8349 4771
1535 62
8757 6998
7523 4499
3851 7088
5729 6506
3052 989
628 4062
8007 7197
9744 5092
8506 3684
305 8480
64 2255
8073 9705
2981 3176
3852 5367
6259 4202
798 4017
1828 3137
6964 8780
2996 6510
9404 6243
682 3701
6312 4742
4612 5640
3745 7694
1538 5784
2343 7798
8001 1826
9661 352
6256 456
3370 4424
9567 6878
9645 6426
4336 5522
8504 772
8339 6352
6625 6841
7191 9955
2991 5570
7670 4101
9804 8759
911 4783
1882 5066
1907 4424
9523 1129
8849 7411
6295 7288
7112 2226
9117 3604
5754 1129
6995 5828
8799 381
5014 277
246 9371
9468 4128
5689 8019
5074 948
5827 7252
6136 4724
6723 3132
7400 2466
6391 9350
8048 2114
4018 6418
3353 5988
5577 398
8584 8446
7032 206
8294 1183
3104 3036
2626 8720
1869 5715
5702 2151
5586 2030
9214 9311
331 8605
722 5101
5957 8364
2279 3070
9182 1692
1299 6859
6778 2832
6385 8336
9085 2516
3918 4887
1482 1800
2891 9988
5885 9281
9072 4065
3037 6219
7769 3132
7064 3747
3146 2609
9082 3667
8334 3977
2227 3898
6562 3219
6474 4183
8359 9301
2814 7556
7960 8444
8896 9680
8114 5916
4963 3198
6188 8766
1960 2129
3698 464
1755 579
3730 5937
4214 407
6680 8810
5927 5331
9839 7506
960 7578
7833 1860
8583 3627
6821 492
7604 393
4603 1477
3403 8773
2202 5156
4473 9859
1856 9764
3287 5025
7626 8282
5678 2928
9978 9125
4644 6114
4924 4760
2945 5167
2231 5079
4500 9651
2123 318
8899 1642
7450 5648
8106 8768
3897 7774
3156 440
1792 6423
205 7397
8745 3052
8165 3041
3629 1884
6136 6386
3292 7584
4915 69
2491 757
3470 1373
890 4978
4289 3010
8050 5915
3405 4452
7876 1143
4242 1743
3732 805
5487 2525
5586 1477
1346 7908
4803 6518
4947 869
9587 6658
8246 5217
8939 1165
2805 3528
8308 6796
9151 8797
2059 9967
9926 6659
6309 3826
3398 5322
3179 4147
6619 8776
7521 7869
7962 246
7900 7855
3927 8577
708 1730
2793 8870
9538 8627
3707 9261
4651 2652
8733 9226
79 5748
7020 3679
901 5840
7937 2396
1784 5370
2395 8199
2917 860
4560 3835
3862 1775
1601 6807
5104 430
7456 5794
5016 7279
8434 3425
6785 681
6401 7120
8 1976
286 6560
657 2211
39 9084
3423 2961
1078 1069
5466 8270
7015 6324
5694 9751
7767 844
9783 5382
1232 9284
467 6684
3727 7466
6175 7773
1661 3881
4165 9855
9476 7457
7553 4994
5291 3000
4257 6224
7695 3481
1802 9228
1587 3068
23 7431
9208 3348
1556 4006
7894 7150
4234 3797
7463 8833
4986 8974
2838 9411
7149 2124
2595 6773
3951 382
2241 1357
9690 709
5034 2375
7099 5154
3521 9077
6821 5019
4324 1617
5823 30
8115 325
2334 2910
9541 7472
6294 997
9273 7494
3067 8347
4260 6322
7255 5574
2383 2521
5810 7685
634 391
2008 5349
2578 169
7625 9705
5002 9467
8268 1217
765 1581
8564 7080
750 6109
4219 66
1128 6938
9643 9065
4409 3953
3194 2275
1118 8878
1697 6629
9672 8711
8381 9911
2671 9621
4789 7843
3854 6426
676 5982
2039 3294
1721 7203
2941 549
316 5429
932 7481
2446 7686
7978 6985
2663 9237
7198 4314
2554 3930
2915 1530
3799 2187
9029 511
9981 9135
1760 6979
7056 9311
6326 2394
2221 6809
6777 961
1861 8784
1322 6199
3604 7221
9127 8409
2660 2542
8982 7052
5707 1784
656 4540
5221 5608
3822 304
412 8817
8031 5216
626 4287
9074 9847
7291 7529
6359 9001
2266 1075
4811 6709
2617 539
7404 9664
7411 9253
4512 8786
4388 8257
6108 3587
6104 3257
7597 6238
71 6821
9095 7119
3729 3804
7374 4336
1405 9346
122 2718
7027 1416
2784 4648
2519 7241
1415 3865
810 8072
8115 8443
9259 5132
2579 1887
7969 4786
429 9865
1485 9315
3814 2628
506 3019
7435 1531
1588 2414
3332 1960
7496 7052
7675 5965
2810 1849
4174 65
5600 5318
4130 2106
7031 5435
1144 9742
7365 8011
3506 5637
9136 5406
2065 1786
9554 2035
8044 5156
8450 4884
8947 5620
36 5222
301 758
3521 3484
5898 4649
4194 706
2181 8997
1586 696
9676 7298
5199 9961
70 3849
8193 9732
1553 825
3194 4403
6510 2995
6794 1381
4206 5967
1424 3786
2479 1225
7528 3520
9626 6521
4627 6542
8327 2435
603 5347
6791 9465
8639 5156
8464 3788
7778 2199
6491 5802
5179 1067
4888 6918
3257 1990
6932 8124
5774 6069
6602 441
2078 560
3748 4997
9252 6978
850 1455
2929 2318
4049 2570
8718 6203
6078 7301
7796 3976
7841 9196
3278 7482
6526 6895
3736 6723
7946 463
4165 1369
9952 4208
2351 6093
5497 1075
873 1576
7902 4037
4251 7078
265 7082
5842 7479
6091 539
5725 2628
1425 2197
6298 9236
9765 3351
264 9194
7268 8727
6276 6681
2376 8687
1763 5328
3819 8575
8674 865
9591 3876
7327 5774
734 6003
8964 7261
9748 270
9003 5615
664 856
4417 2134
8330 6000
5576 4876
5771 1184
6381 6596
7356 840
9672 4975
3248 6743
7918 8216
3087 2953
7343 4857
2752 3625
8581 7285
9936 1397
7637 1250
7165 5502
4538 3492
8385 9477
6670 7295
9036 9931
2993 1148
5069 3553
1765 8506
3718 7199
9654 670
5930 9499
3043 5896
6969 258
1870 9190
7528 4831
7959 4301
3857 550
8397 5880
8063 1658
5130 8571
1819 7219
5598 5024
826 3974
5482 1405
5336 4086
7790 2976
577 6082
2993 1595
5644 2862
7274 9845
7286 4074
5695 1690
4948 2288
5485 759
5308 3745
8785 6283
455 5520
6697 5947
2048 1377
266 4571
4478 5447
1621 2009
318 1540
2908 5974
582 7513
4102 404
4111 9019
3991 8526
2322 1778
2908 4450
6347 1638
2124 2040
7111 5721
875 1625
6699 3593
1161 9428
6925 2627
5999 4848
7851 4744
3686 6171
7161 8836
8439 4255
7817 9098
1078 8573
951 6176
7115 5692
2811 2402
5437 8380
368 1836
5505 6932
80 9036
4747 5137
9214 4448
6016 7919
8432 8811
4073 3629
7681 283
6209 3694
4125 2575
1967 6807
2846 78
711 7239
6524 5723
1159 612
1887 6042
4956 4750
8242 1066
5402 6821
8980 882
9839 7942
1231 1686
5806 3418
2221 7820
7990 751
2650 6870
2135 7182
8284 1975
1563 8535
8975 6837
1330 1999
7722 4930
7396 7184
3861 1345
8147 194
519 6781
4923 21
978 3968
515 52
3289 5426
8151 2175
2044 3109
9761 4813
6290 9568
6888 805
9866 9508
9859 5411
8081 5950
1782 6813
3390 6476
6821 9504
9360 945
9896 8244
1841 526
9327 805
2138 5328
2378 9004
1153 3034
9237 6087
169 9935
5046 8088
1389 2533
3598 6107
2088 6970
3502 1803
3185 7129
5534 196
9469 1684
5552 9676
6757 8970
1825 354
5851 4351
7532 7044
6514 6104
3483 4071
8132 2310
7789 7519
8503 6511
4769 1544
1845 3267
5593 2945
6764 113
7822 1741
796 6768
7393 9868
4642 1312
444 8220
9993 4630
6330 9844
1720 161
7604 1400
7790 2881
664 8731
316 3593
8425 1894
1482 8196
7618 8138
4015 7650
3064 2426
5721 2463
7257 3797
7166 5766
8055 7605
4591 1977
1530 3631
1336 7893
3202 7406
6418 8368
2488 6955
6620 2149
1420 9161
6362 738
1886 2813
4447 6853
7968 1169
6254 2435
4209 4081
4044 5915
2398 6884
1996 4493
5811 5164
879 734
6707 2406
5835 4271
507 5945
5989 4353
9987 266
3474 1520
8624 610
362 5154
1696 3074
5748 7991
6349 9855
6010 916
6012 364
8627 9155
847 3139
7440 4447
4268 4273
6705 4634
989 1381
3538 715
5785 4327
2672 386
8283 8178
3634 8583
4000 7656
7778 2058
5449 2588
6441 8843
6903 7705
3873 1973
921 508
6022 7798
7557 933
1247 3366
4495 3211
9165 6401
2414 4855
3551 9258
515 4318
6053 5052
4019 3918
7093 4255
7268 3198
8579 9111
6269 6966
697 1417
1418 5702
6740 7782
9631 7256
8478 6491
2701 2585
8649 9711
6394 8544
5789 3767
3732 8571
2551 247
110 9716
6436 1392
149 7180
9929 6067
9791 621
7136 6694
1348 9689
2631 760
9660 6078
3261 5637
801 4926
989 3826
46 2411
2569 4704
1232 6290
2850 5199
4224 6262
7202 3529
1425 3466
1363 1100
489 1619
4880 2363
1685 719
2864 5176
5124 1064
9151 783
567 1858
2802 3975
2267 7689
9981 1580
8926 7624
3078 4357
8100 9193
4458 9745
34 1643
9151 5261
7097 7782
2043 79
6195 6578
9604 1745
7150 8529
1178 6073
8887 5283
4602 4626
6678 4088
1554 8459
8154 2570
3861 2383
4976 7909
2854 3484
3346 7776
9312 3687
9323 9275
987 1575
6826 9302
590 7127
4621 8406
6488 9609
8259 6746
6102 1702
6862 5753
391 4479
2907 1476
7229 6536
5089 8858
6649 3727
1380 5694
2309 4058
9887 32
1683 7031
9748 7695
463 4907
3728 7189
8244 7768
9289 7011
5198 7243
2979 9311
9282 4636
2116 449
85 7836
4534 2048
8028 6689
2491 823
6612 1030
3212 1801
6289 4535
4693 2730
5741 4185
6782 5062
7634 2357
9432 47
9140 7548
1339 2460
8358 8687
2621 8665
2337 8872
9316 1083
5466 4313
8018 5827
7625 4605
138 4112
7733 5113
6841 2822
5177 4915
1799 8704
5723 4735
8361 2048
3794 2812
4926 4576
2221 2087
6898 2473
8924 2036
9377 5525
9752 5393
8332 3242
8878 1111
6726 3122
4392 5944
9559 2662
8128 5786
7754 9652
5456 9159
7902 1859
4345 4614
7988 5201
5431 1133
4725 9765
1857 5365
2163 4286
1046 7556
2341 8589
1827 1987
5783 6937
7844 7399
9270 5366
7474 2381
5566 2482
6277 8262
4648 8231
6919 2313
2438 7768
4109 5674
4675 5687
7754 8995
1317 2480
3565 7158
3482 8958
6837 8057
6368 8170
4903 771
7781 4632
1467 4487
2488 4043
3654 3540
9015 208
2595 3390
3114 1865
7405 5236
817 1393
2750 4913
1274 5416
4120 9687
8676 1642
7529 4609
5501 9425
8514 7805
7619 8661
8043 6839
6604 5981
2488 1227
1095 4536
6978 8230
8128 761
4131 4782
1483 2186
6932 7719
6590 7709
2735 4058
4437 1137
3716 6021
5829 6081
2230 6390
1855 3226
3210 8831
8420 3912
4556 3408
2802 3630
9759 5159
1599 671
9740 8269
5644 2686
1765 5753
5554 3764
1875 7157
9102 7947
4613 9198
1851 1589
7794 4081
4715 3778
8258 8929
2175 2152
3009 1308
4145 9366
3131 9137
745 5055
5584 49
4918 9067
9886 9558
5559 2446
2591 887
4693 2514
3094 6614
7057 2584
7915 6744
6861 8833
3775 3637
5115 113
1575 4054
5044 2397
3066 202
666 7799
2895 4448
1088 5831
4621 9295
8061 6427
4590 9811
5467 4389
7048 5750
5400 6118
2322 8090
1436 7912
8489 4466
7057 5114
9456 2960
7506 2065
4925 6983
7165 1913
6007 2822
2093 3035
4011 6081
691 8417
8595 9724
5149 8593
2548 2295
5054 2286
517 6418
7372 7676
5742 2833
569 1412
3604 8734
7467 9252
3079 4183
34 1565
6850 6710
5740 5881
6706 689
6804 4584
2808 4955
2736 5375
1093 2758
7673 3558
5917 5151
882 2601
409 1307
6174 5401
1949 3715
2504 2781
786 5290
8167 9048
4948 494
7240 1069
3519 2478
3115 2134
971 1128
6662 4324
2790 8659
1862 6621
996 8582
4575 2573
7257 5923
2743 495
8771 6037
251 6848
8488 2212
8587 9506
1422 9354
1633 3865
5467 1429
5648 4591
8480 2633
6486 7198
6888 4394
2029 229
3528 4839
9843 3855
2874 7169
5454 5352
4777 476
9261 4213
7465 6285
5645 833
1019 2129
7413 251
2754 3291
3466 985
6428 4689
5783 968
6506 2949
4115 3166
9411 9014
835 7973
7627 6624
9322 3015
6683 4094
8745 4492
3635 1060
1581 4710
1974 2059
8465 1832
5357 8566
4970 5100
2265 1671
2267 6396
281 7265
5856 9895
9041 9913
9020 3434
3539 7106
1509 5393
8223 1769
8209 1434
158 8709
3100 169
8002 9425
3611 2085
5815 7862
9138 1144
2623 7958
4405 2821
8487 5730
8725 4064
6722 781
5936 4848
2396 6029
1768 6920
6657 5049
8801 4948
5581 3234
2650 51
841 7722
4547 9574
2301 9532
7963 4777
3152 370
9802 7033
9675 5499
6421 3747
4298 4712
3583 8611
8024 9583
2323 9630
9987 7141
7801 7826
2904 1515
5121 1521
4458 9115
7885 1672
421 8288
8869 6618
8625 2886
9210 292
1890 7211
7029 5499
1909 4411
3053 1269
555 2279
9255 4768
7941 4469
1391 9475
3667 760
2963 1680
2232 5464
8983 1929
7131 5956
1615 1441
4668 8656
3929 2626
9839 1847
8288 7525
5218 6796
5836 6712
4338 4686
2109 814
229 5671
2378 1097
9199 8228
5688 3632
8176 9307
1675 4829
957 9535
3771 4865
6688 1717
3580 121
6825 3024
1442 1532
4060 9934
3472 9510
299 2327
3870 3211
9216 4852
5696 7447
9969 1343
5863 5153
4552 5466
9050 2968
4071 3148
7901 86
2894 4019
1528 6799
3950 7594
6061 2751
5484 353
5422 5327
4697 2347
684 7623
9784 4159
8033 7597
4269 5478
5681 4223
9457 364
7252 5564
3740 3350
8451 752
1118 1308
6078 4166
7646 3936
7275 1588
5722 7837
55 9670
3581 2013
2701 6370
7002 8372
3332 7446
285 7367
1938 3668
1108 8003
7236 2416
6557 9585
4972 8318
3545 4368
3955 6341
8254 2142
1069 5173
7441 2411
5763 2453
8340 8780
7726 30
28 7088
5205 2145
4203 8200
33 2358
7929 8175
6234 6130
501 1232
655 5762
5369 3068
4611 8541
7203 7955
4461 2160
5775 9689
6670 4573
572 7436
8747 680
4379 1142
8573 3162
8806 1676
932 2217
2152 9758
7923 2445
5168 7642
153 2416
5431 8211
6640 3192
6644 866
7788 91
4603 8777
4142 3317
9914 6810
6482 2074
9286 2208
6320 2125
3347 6774
5574 9210
8218 6398
8420 8794
2262 4710
7873 9980
9468 8010
9971 9286
3538 5984
5716 4515
8742 1614
2366 5850
4679 98
3710 2324
9456 6551
5594 3478
6683 56
7894 7889
8070 7397
8509 3195
7569 5860
6968 7740
6376 9769
5803 4511
4519 2966
7457 4044
5675 6363
542 1775
1434 5655
3820 5407
7733 5349
6344 9482
8307 6351
7770 9577
7804 2836
4069 5448
2793 2465
5951 5158
8078 4232
6774 5004
7669 6257
4956 9531
3782 5273
5165 231
9061 9117
3589 3554
2365 2495
1988 5019
9165 8844
9416 4956
6871 9080
9344 7906
7573 1084
4224 9425
9861 5251
5780 8058
7197 9779
1613 1671
9882 6690
1896 8881
3850 6115
5394 2200
6995 7485
1349 2600
3350 2079
6503 9487
6831 1944
3515 4035
1160 274
482 5534
1463 4343
8572 6431
5963 2762
4246 8909
2889 3607
4450 167
8060 4407
1104 532
7266 2189
3057 1649
8386 6795
1589 6134
1404 2325
5917 8599
6794 4313
4337 3124
8056 8573
2689 3491
3025 5729
9417 5195
3781 9474
6891 3571
9267 14
9942 4325
534 652
7447 1383
1585 2218
7595 5533
7985 3775
2341 379
1053 3803
4228 2040
5274 5405
4105 3864
6834 6343
2857 9837
1682 2474
169 2812
2107 6888
2531 237
860 4563
4805 7426
2829 1482
3253 3647
1429 1489
1247 9358
5248 796
429 2865
6504 8752
2114 7136
4882 698
3585 5964
967 1825
2568 144
1252 123
2132 480
7179 9202
9156 8126
6105 1065
9028 4144
6208 9422
6196 8431
9272 936
4240 1621
5894 4241
2883 637
4805 7248
6405 4023
1713 7375
7232 3498
1848 3037
1266 2299
1718 3542
8909 3434
220 6241
985 1619
4587 583
2811 7340
6024 6218
3729 3045
415 258
8551 1399
1613 9749
9742 4405
9095 3269
4226 9135
1217 958
9805 3267
9836 9652
1865 3491
2056 4177
4952 8105
8222 3600
6810 4355
5982 6296
9852 2197
1827 9828
3946 8578
4387 9672
2089 501
5116 9584
9977 2943
183 4630
5437 9680
8983 1362
9465 8044
8956 2077
5312 7686
4495 2765
8736 7541
3644 4768
1028 3301
9787 3320
4267 8554
7577 4415
2755 9818
4362 8932
2576 4599
7837 4320
4841 1359
4934 4173
2973 6749
3786 2022
7352 9206
4928 1741
4041 5959
5920 4492
5628 4738
5546 7341
2291 502
5097 4850
7843 8113
7451 4851
802 3763
8261 6105
210 6736
6999 1778
6278 6169
7554 565
6049 6621
7181 7790
4886 4465
303 1739
2515 1524
9271 6081
1658 5557
5356 2070
6394 9888
5289 3637
9032 103
5891 4776
126 2757
3435 6003
691 8392
7224 5384
574 9824
3188 3909
3505 5970
5474 7896
1858 1063
1700 2113
1487 69
1587 7650
5388 385
8843 3035
7531 4552
1990 8723
2247 3386
5843 9121
6531 5954
9550 7108
3744 9126
8238 1259
8506 1431
815 7671
9858 9531
7288 8167
3658 7416
6296 2223
600 7616
8010 4588
34 2527
9582 7650
953 1516
9468 9736
1994 160
5711 9200
8432 7720
5314 204
8581 866
9904 3746
4095 2641
2334 3319
134 2403
1543 4579
7918 245
5088 6407
6504 279
7782 8223
7536 7661
1160 9821
492 3371
477 2723
972 3976
3622 4214
6427 7754
7203 9373
3994 1758
4408 6300
4134 2217
8676 1290
3191 167
5708 7488
3919 63
7838 5472
8438 3330
9124 9464
8886 2918
5745 2659
9670 5939
5879 5383
4957 8962
264 4220
7922 7342
8582 163
4169 1238
5100 6572
5777 9827
6870 6054
2763 9445
7477 2948
5640 7195
6164 5070
1373 7952
1689 6234
1692 5972
4451 7047
1859 6192
4790 9334
9759 3679
7177 3752
8903 8667
1169 9815
3458 4163
5071 8889
3264 6246
3530 2236
6797 4208
4638 1223
4937 5621
145 1999
1066 6015
5638 6263
5508 7469
4686 2829
4054 2123
8838 7424
5164 3271
6958 8919
5220 9591
8867 6149
3992 1088
8014 7016
3065 4560
7087 7687
7010 7495
961 2900
1469 3137
8094 4509
8332 6805
780 9764
3577 7102
3536 968
3027 4944
4792 2291
650 1331
462 4275
6969 7315
1106 9154
9024 3899
4714 3581
587 689
1196 2908
1392 1793
3634 9654
7153 2933
5284 2634
601 940
4571 1543
3108 5103
3761 5635
8738 7327
7657 2846
6833 3109
405 2432
4691 1080
2499 5779
8823 7316
5533 332
9712 9645
1634 4826
9385 4170
9999 7090
4053 4483
2566 6594
8177 9273
4803 8467
7045 2731
6077 3903
5844 8764
8941 2566
2351 1666
6142 6215
5385 3012
8424 6365
672 9823
1747 4333
6197 7377
8412 871
5884 6013
9197 1649
3804 874
8361 2460
9096 7262
6008 7354
3327 9785
7208 3821
4429 981
6298 7909
8421 7893
6803 6868
173 9524
85 5648
3368 16
7874 91
6135 3302
7370 2489
5367 3256
3843 6043
61 7165
9567 3540
650 4122
5994 6161
4506 7250
2003 187
1236 18
5428 8268
9033 6554
8784 2427
6217 6726
3469 8404
1615 74
8307 3965
9478 5558
390 3933
7523 676
4487 8254
4178 6003
3120 6507
9563 4648
4717 9190
8341 1818
9773 9667
4215 18
7259 329
8616 3750
1840 271
7679 1394
7371 7650
8036 7389
2833 28
5346 624
8024 8902
1977 4166
7134 3577
6545 2023
1680 2153
9431 4596
16 364
6219 3376
3176 6641
9185 2910
9523 9486
6833 1720
9920 5725
2834 9625
6133 3562
7417 1368
6692 810
6480 3335
1978 2939
8337 7740
4851 895
8617 6509
2657 8543
3465 8007
468 2459
7008 8316
232 2470
566 6586
942 8615
8807 1764
2916 2638
8813 3633
8756 6854
2092 5437
997 969
176 6902
7829 5900
4223 7934
5841 9670
6862 4580
6014 2607
1876 8501
378 6042
4902 8866
5529 6877
7954 7352
3849 8895
1158 5764
2657 5702
6587 8869
4758 4533
8396 57
643 7543
9449 6034
8980 7701
5228 4182
1494 9346
7686 3009
8945 7391
9069 7313
4479 6321
4110 7574
6948 9984
4936 6454
7704 9918
2493 5456
9065 3702
4790 7055
9370 2424
3856 958
4639 6180
861 5925
1421 845
6923 8243
439 2588
4523 9031
7154 3237
3057 5488
9425 6073
3107 9356
8143 9374
4462 2397
5794 8125
9879 6046
9922 3048
8074 1833
7443 9714
7603 6040
4008 4794
9090 4091
3085 2155
4153 6658
5527 4984
7347 3769
3595 2626
3569 5267
7469 3909
1772 1122
9453 873
6763 4016
6419 6429
4733 7320
9492 2863
4960 7874
5294 2637
9190 5233
1580 4420
4459 6274
2827 6274
1512 8632
7415 8952
8122 3456
5182 1478
8126 6357
1592 9440
7783 7646
5473 5103
6565 5524
9782 9371
8977 6490
8166 8842
2880 8690
5304 160
732 3974
8856 4793
7452 5011
8985 5997
6789 3074
6983 8967
24 339
5912 8803
3166 1960
9887 7133
3016 5781
3447 6832
5733 3756
6369 1639
6166 8851
4095 817
6799 2724
2046 2811
9161 8342
5003 3277
1335 3245
8508 4316
5926 4777
481 1061
3551 9669
8340 8439
2836 8027
8505 9724
5989 9100
5265 7407
5587 5165
3073 2365
3092 2280
155 691
5325 6896
1711 8781
5196 1858
4801 8400
6080 4933
4021 6178
6368 5059
552 8632
7089 3374
9068 3014
1595 6503
54 172
503 7221
4271 2441
9440 5478
1453 5057
7820 7081
5084 4727
154 2604
4985 7653
869 3998
5899 8921
1861 1660
1978 4219
6452 7152
6576 6589
861 5567
3593 7939
7408 2155
4320 6822
2634 1314
9593 9979
9464 5532
1120 1747
2324 5371
3905 3193
245 2001
5397 8696
762 8487
2601 4280
9844 2473
7344 2921
7480 7790
146 2622
3605 817
8851 4292
157 991
1173 1845
9907 5924
7602 5429
3808 8338
2889 2480
9111 9205
9057 228
7273 430
8598 1076
9288 7589
949 1382
6991 6102
6634 3660
943 7096
774 2607
8079 7921
4433 8579
7129 8970
7495 8706
2835 3369
3954 6314
3786 3824
9616 5781
5297 4314
3342 9497
2568 4771
2932 5590
5541 4198
815 1785
3616 7083
6136 2083
1747 4332
4853 1076
2946 789
4094 6884
1282 1830
3647 2903
6637 924
3422 1042
101 9804
8241 9355
2636 6988
2083 3741
3023 2345
8521 6808
5306 5632
7059 6616
5653 2827
1596 4361
6745 8354
7381 7280
7736 4464
5459 1410
1067 7044
3896 8937
5238 5957
3581 3518
4333 3983
7386 8927
1336 3483
4259 3003
7198 9243
5045 2935
6896 7071
5688 2551
2099 5316
9852 4205
5740 2332
254 1500
9026 974
938 7423
9377 662
1761 4275
4304 5495
6015 7116
3437 1075
5195 3775
5901 377
4972 8269
8394 3481
7136 4513
197 3042
2360 8097
2422 4820
7568 3786
1215 1431
5203 351
4740 6269
8070 7163
8067 5643
6734 1426
7875 2170
9485 9734
4620 656
8795 4231
2784 3784
9210 5758
6295 29
9563 7815
7901 6505
5456 3121
5865 489
6412 8738
48 4477
6130 9185
78 5308
7944 5253
908 1072
3030 6837
9434 8318
1069 2205
9087 3207
2924 4508
9152 4363
825 763
2574 3465
7741 3952
3707 8052
2963 7895
3905 6776
7985 6859
2061 5258
9709 6627
49 7872
4738 2992
284 6637
9040 5165
3544 4274
6787 3669
7426 2323
6453 1898
1159 4986
6724 2404
8855 2528
5500 9995
123 9994
1772 4260
5652 8985
3677 4719
1740 2399
1757 4810
4757 3634
1894 6760
4774 9162
1304 3331
7141 3121
5639 37
6443 6362
4211 9908
1733 4800
162 223
4731 6850
5173 5331
3641 8901
6513 7114
6773 9704
4649 5767
8405 2280
3790 8911
1044 6658
4261 7737
7924 5427
85 3136
2169 474
9786 1875
7199 6119
1977 2233
1893 6783
6197 1042
2837 8298
5214 7345
9592 5191
3780 6855
1840 860
8398 3944
4191 8683
2873 7900
4345 1507
2864 2307
9498 1596
2917 13
5171 5689
2952 6601
1936 3522
5230 9362
4800 1945
9314 4293
2071 3449
383 9166
9511 6131
6224 1129
9965 5159
3516 6928
8297 8715
9819 6436
3962 2981
800 1488
9170 8752
1173 5935
7014 5944
4283 4571
347 724
7040 4739
2637 3653
2532 4445
8315 1638
1306 3438
7924 2503
2594 5141
6493 3973
1049 9331
8923 1533
6585 8390
1460 9653
422 9688
6969 7128
4545 1793
4825 540
739 2631
3205 9542
4812 1164
9516 3944
1508 9036
7003 9970
8539 8249
771 2504
8105 6827
8965 7340
3015 30
6367 3266
5315 8742
5100 7551
8250 7947
3419 3644
7223 613
8223 3339
6425 5594
6652 4456
1158 6481
9092 2414
2545 4238
956 820
5475 294
4668 5716
6716 1922
3371 2655
4431 4884
1258 1046
8882 2846
1401 9862
1997 2616
5887 8914
9147 2419
9917 1886
3213 3478
373 1243
2926 9834
5688 4808
1754 901
4959 2118
5467 5374
8321 9418
6764 7059
623 8544
9053 9027
6239 9862
5567 6624
298 3049
7472 5809
5613 2787
4253 4271
9707 7144
5732 9459
9239 1992
1335 6979
6696 9560
6579 6987
7115 5727
8039 8736
5571 1149
2857 7600
5603 1197
6153 1506
8798 6914
4211 6070
7632 2242
6483 9568
7707 1721
7393 2349
187 4340
284 5580
4983 1305
1923 4504
9481 3751
5672 644
7214 7793
6788 8972
5395 1307
2905 320
6053 9260
5781 9011
1139 2170
739 7961
9256 9189
4059 9612
9176 454
8972 350
5484 7814
5576 2639
3464 6744
7590 6191
5719 3221
6445 9058
8808 4654
4393 8056
6860 4366
7399 2930
4412 8478
855 9064
2786 7564
5240 6707
4174 8222
4480 7262
3002 2792
1221 733
5800 1574
8613 3100
2426 7298
2637 1907
1381 2591
5296 5609
9445 9854
6063 7294
6815 1606
1896 8245
7481 1199
6324 465
2570 3740
8086 7303
2681 6046
4821 4175
984 4752
3822 5745
8725 4419
5151 8859
393 1358
1052 6182
2809 8359
3645 2214
1466 8320
1232 3074
7592 6536
9961 9937
1445 3885
3236 2404
4677 4535
5437 8
1769 5019
6838 9377
9387 9479
4891 8086
8165 3608
2693 9510
79 8442
1100 1071
4409 5251
8137 4625
1199 5112
8913 3995
1423 462
2234 6356
3022 8019
2014 1168
1113 2275
166 6530
9282 5706
5865 6668
3925 7421
4847 3948
7551 503
9501 518
5608 1712
3348 6441
8896 5318
4586 8258
6141 9628
4259 6808
5973 1413
2389 6543
885 2676
5436 3391
7005 9369
3237 5317
5992 5782
2229 7252
3044 1145
8688 1227
7514 462
3466 2279
5802 664
1129 9697
6167 9424
433 73
3633 4645
790 265
8766 3092
2139 1894
2015 8599
8435 6460
5725 3358
4124 93
2987 4431
8194 3572
603 8268
8673 9808
6235 1413
7236 7683
5593 9744
6246 4771
7225 1949
6509 1793
8345 3374
3521 7404
9073 2729
540 4596
9377 7221
8034 8474
5823 9079
1768 9701
6661 6906
8273 9175
1648 6590
1609 4623
589 1742
7036 7250
501 8482
3035 8014
7359 2869
9562 544
429 3979
6488 2146
8398 6856
7365 4698
1081 7627
7122 8225
572 8571
1755 6371
8909 2146
8323 355
7813 4116
1685 2857
7465 674
3486 5008
1397 1180
6920 5415
7659 3271
7194 8744
583 7995
4238 9036
2626 4777
8249 7209
162 4262
8503 8273
5130 4385
8339 8271
4736 3418
3099 1623
814 2605
6724 5131
2853 6975
7675 1105
4767 9025
6834 1606
5182 6021
8282 6600
6124 296
6037 4746
3308 2800
4798 2256
7300 4316
539 3127
9867 3891
4775 6408
8716 2796
2920 6352
1795 7407
4257 1179
1113 5993
2409 7614
323 7716
1256 601
7265 6460
6508 8713
2680 5021
1506 1052
3939 1604
9934 7547
1358 6262
611 4582
4990 8979
6391 7076
2542 7404
3391 5833
8469 8590
211 1529
7685 9317
7312 9832
5155 2961
9078 9828
5339 5203
2492 6757
5459 6775
1845 1509
4013 7025
4473 3536
3828 4043
8370 2898
4143 3381
1728 4970
9332 2789
1586 1876
6957 2943
1407 2385
4230 4225
4092 6862
5231 4530
1670 6669
8822 1373
1471 1261
3513 6904
7640 9375
6099 1135
949 4172
5031 5224
5909 9268
6202 9418
675 1380
7801 6695
8739 8983
5147 6262
6609 8306
6586 1607
756 6785
1921 3640
7615 6528
909 8185
224 3335
1291 8534
4444 2097
3439 6601
2947 2490
3319 7277
9182 6807
7142 7067
6277 2322
7738 7413
2405 7594
6726 4529
7447 7761
4287 9652
9646 2102
4046 5914
4931 6320
9398 1215
2559 4837
738 285
5178 6504
5096 1503
8542 4768
5230 566
3967 2260
9968 3490
63 8622
2184 2872
9462 4939
1273 3841
1378 9247
5538 2879
3723 1830
8226 5040
4311 4716
7295 8160
2138 5076
6167 9663
5957 6636
8926 4229
3315 179
5392 1092
2821 911
5779 3810
4743 5978
9041 3722
142 1164
935 5136
8293 3151
7014 8102
5180 9074
1879 3983
7466 8753
4503 1192
763 8330
6025 3105
7790 7075
3492 770
9283 2948
6217 5302
5912 7730
121 5588
3155 9510
6267 9649
9861 1913
5338 6821
898 8989
5341 7465
2000 7989
8016 2550
3394 9033
5707 1206
1514 8444
8212 2125
2801 1840
7357 613
8517 1168
4869 7875
1320 9987
82 3675
5694 4106
1602 9136
4807 4210
7775 9063
8389 9491
9481 4355
9766 4972
7834 8146
7441 1411
6792 9576
933 5294
7524 4237
5439 367
9321 8747
8548 902
7245 5525
1700 5476
4295 6482
2129 6923
4025 776
6392 6109
8815 8489
3096 1314
1751 8033
1812 8444
5764 8274
2598 9066
5599 5317
7337 1758
8355 9282
3265 1817
2805 7271
4817 3433
841 1611
3106 2120
5124 1873
9309 1558
8313 542
2624 9625
3387 5799
1385 4571
5538 8529
802 7972
3467 1840
3757 6721
7011 1676
337 4924
4824 8288
4595 1714
6363 4386
9169 8520
731 2399
5048 7848
9036 41
464 5982
5315 9612
2102 9619
9337 7705
9414 2320
5809 1561
9015 5587
5061 3940
6565 2968
5034 5552
6388 2018
2450 619
1470 66
5321 2479
5146 6683
9965 6681
2214 314
9351 7783
4302 1806
7788 2043
7116 2047
8401 8935
4553 2411
4769 2893
6914 1913
1431 538
5003 9246
2254 955
5750 9271
5972 9436
6441 361
641 7393
4879 9662
8609 3384
8417 4672
4740 5838
2210 3006
4698 9649
695 3741
7252 9422
6742 8432
8569 8723
8951 2262
4454 2434
1915 5126
2734 6427
2998 1840
7357 701
24 5644
8746 4465
399 8299
1035 9929
1982 9361
1333 1484
6345 5174
8549 9120
4645 3618
2169 6288
8296 6901
6259 2833
4203 9879
6420 4319
2994 3189
4288 2554
6063 4021
9671 6913
9509 640
6265 1201
9941 5529
6244 9061
8530 6846
5447 6332
8014 9897
2619 1512
9698 5328
9312 1825
7712 7081
2714 9296
1451 6124
2627 3609
3704 7115
626 9089
9787 6508
1729 4268
1829 6708
1985 9223
8554 1439
7663 2830
3588 1422
4191 8307
867 4139
3206 9915
9255 5740
6578 4154
1624 5191
3398 6459
5302 24
1639 2245
3257 2390
6707 6332
4747 7960
5951 9759
9069 4258
9089 75
2613 2965
3448 8479
9643 1351
4639 3954
9692 6125
256 9162
457 1270
508 5452
3751 5143
9851 6561
9453 64
58 5078
1897 6795
82 5732
3637 6579
2854 1709
4057 830
1580 7938
8030 4480
9204 8416
9723 4135
5713 8886
4181 3742
8432 3152
1420 7694
5604 3997
1888 7071
7699 7562
2336 6209
8245 5914
5066 5968
4134 5434
49 8414
5986 7635
2184 3020
1153 3441
7658 8985
9215 1506
7272 9483
1560 5578
9252 9886
5358 2132
8690 3966
9117 5498
1936 7620
3215 5510
1221 8536
2813 4430
5670 5200
4360 5792
7540 1607
7613 3015
6419 7544
1840 9593
5455 5252
4408 2114
6124 2281
6706 9683
7220 1503
1268 1499
7897 7972
6653 9269
1566 4277
8581 203
550 2166
1511 3264
3869 6664
2346 6590
5111 4676
6079 5606
6708 8500
5744 1226
684 1267
7757 9242
9379 5434
6538 4198
5535 3780
6809 5804
6302 2858
3446 9664
2522 9133
722 6195
5796 5284
3444 7707
813 4421
373 5361
6760 7565
8108 1002
9887 9328
663 9628
7490 90
539 32
2669 1857
2881 6408
3700 4859
6141 3747
9488 8446
3295 8875
1682 5329
1631 6335
3449 8341
6914 1555
2444 4205
68 4698
8893 7221
2237 9510
9478 5231
564 795
21 508
2121 4631
4423 6539
8276 156
3033 6233
5678 9841
3087 8861
2071 7629
5176 1675
3731 9654
4256 3701
1405 3277
3905 6331
4189 8554
8473 5707
2494 9709
5290 67
5062 2514
4872 5284
3238 7248
4820 5730
9448 9818
7012 8531
4694 8354
9706 9451
8260 1926
3920 9190
4978 9433
239 9554
6321 7216
5351 9957
1744 1919
8555 307
8784 7457
9141 9690
2569 4329
1569 1267
894 1549
8048 5986
2284 141
9641 8185
959 7317
2280 1355
7141 3935
1595 7989
8586 8367
9173 8379
2651 643
5962 6422
2960 5393
5084 6365
4315 6866
1414 558
3453 5973
2934 7601
2432 8986
8326 4225
4364 2975
4291 627
9913 3419
1685 2643
2953 3109
6834 4737
3041 8473
6059 4648
7001 45
347 1158
3668 8299
3005 2113
7730 7597
9029 2332
149 9350
7696 9986
1224 6461
2891 4814
5836 9850
6476 5418
271 1499
5319 3230
5225 4014
7350 3839
2754 2628
8732 9645
3589 3400
2945 8752
3703 9573
5247 1765
9740 7546
9053 5112
4507 6015
9990 8125
8455 5796
3882 7201
8280 5462
7030 8859
8727 4881
1064 7137
9544 74
920 6101
7019 4446
5866 4491
4298 9621
1228 6743
1407 5297
8792 4620
4785 5627
7682 7475
8034 5834
4155 1548
1417 6577
4349 3883
9275 4652
1488 4554
1864 6237
7498 3107
4448 3220
3262 5422
5111 6252
4892 3451
9441 7677
3098 5933
8903 2713
1703 8882
6934 8114
8153 7956
9925 516
3399 8531
3402 8181
8574 445
4756 8626
7664 9051
256 6245
8972 3992
1315 4842
9897 9669
1059 5259
1244 2801
5263 4400
553 6824
8438 1665
1169 490
3136 3068
5657 4585
8649 5678
7099 4743
3037 3508
5166 6295
6277 254
4910 2563
6188 5954
1624 5265
6518 3411
7643 4658
4387 9872
6618 2814
6738 8361
5726 5749
9698 134
173 6368
5144 6813
9642 2472
4635 3312
1812 4702
2124 3989
2052 7189
7826 6150
8278 8542
3715 9334
3095 7025
6962 3014
5843 938
9204 5886
743 6077
361 7046
4599 4259
4352 9827
1888 3145
1029 9985
7349 297
5441 8488
7407 1733
4760 1808
6433 6640
2961 1402
8731 5728
7281 5432
8122 2249
6083 7237
9224 1764
8792 6507
6904 6677
4542 5235
5124 6539
5624 7772
5277 6886
9779 6107
2925 3655
9793 6255
2678 4072
4520 3294
4878 4121
62 670
7128 8527
6116 8028
5666 2127
4156 7415
2350 1366
5572 5227
3826 283
9718 3267
3531 5417
1508 56
7647 8383
7908 7156
50 7888
7599 7266
4840 3733
9691 3688
6077 281
8583 1567
1105 1432
6413 7028
4134 2314
8176 1910
482 4659
5782 7091
3081 1863
4936 8890
8374 8592
482 3065
5508 3554
675 9284
6449 8121
9733 2921
4125 5213
64 3548
6233 2923
3046 6438
6030 725
5991 95
5527 9207
6239 261
3862 8760
4407 7266
5937 2081
9096 5881
4415 8580
5601 6368
6203 9684
8302 3988
974 9551
3797 2278
1441 2702
1023 5113
4820 8896
2833 619
4344 8591
2558 6423
9341 3645
2519 4679
5705 7539
7021 3596
4499 7554
464 9962
6718 3590
1009 9427
2845 6881
9545 1135
9474 4427
8333 6004
1362 906
6859 633
7644 5275
6119 5827
2965 3128
9150 4499
6564 8524
5458 2878
3260 7767
1104 7199
9076 9528
4561 7208
1389 2105
3700 2755
6991 5728
8105 2653
8123 3046
7724 9841
9797 8928
1795 2700
8366 7554
8715 2758
334 4035
5762 7792
4853 8393
1166 271
9855 505
5843 7597
4571 768
8930 9812
4852 8018
6317 3001
8569 9879
9566 9534
2264 3845
3024 9917
6811 9092
3673 6780
3133 7471
41 8933
6511 3523
9330 629
1104 7227
3074 2989
8315 9284
8663 6945
7791 9436
3374 2391
150 5554
3958 6568
3283 7374
3139 5102
9952 239
9916 937
3874 6360
7325 7930
8668 324
4256 7568
3877 1479
4457 2745
3157 8697
2171 3147
207 9516
392 8867
2672 5408
2465 1534
4220 8182
3959 4872
6177 9450
8055 2567
1436 8510
1639 9888
9124 9249
9800 2355
2855 7199
9809 2014
9932 1723
2331 5012
8488 558
6897 3408
68 7612
9741 8196
5851 917
7115 3151
6965 9555
3373 3939
4210 2370
5204 3060
2982 6223
6920 3520
4653 3516
2463 206
8916 222
7928 3126
2895 4477
1589 3492
590 3636
5021 6897
1573 4992
7371 2357
200 2902
5815 3485
868 4368
1894 2291
569 3213
4583 7762
8512 9673
9178 9606
63 4459
8562 4112
4193 4133
9893 8416
9161 9851
5571 5493
5573 984
6536 3075
7676 9328
4020 5025
781 3387
2772 8208
2808 1736
9596 2394
4605 581
9921 4964
6705 4020
2595 9041
368 2391
8321 5408
3084 4254
7294 9634
6564 854
8483 3097
4414 3353
9898 1094
4424 2472
3602 6995
707 1551
8591 1679
7559 4616
4101 482
8636 8487
9565 1414
1284 130
5638 7910
2668 4405
3177 4896
6959 4336
3374 2795
9068 9416
2907 3767
1441 1452
5680 838
6810 3924
6511 8732
4454 9996
5922 8963
7026 415
3728 593
80 6414
1528 1762
8814 3178
1930 9643
2892 2064
9859 1509
5467 6243
2306 345
4582 8060
2744 8399
7790 8177
7618 5019
8464 7627
5270 2993
1285 5245
8966 4640
9509 5255
4034 1548
952 4255
8835 2969
6832 4967
8382 5239
4754 8508
3046 4137
6278 376
2788 2493
3209 1647
9634 1879
8237 992
6651 7336
8886 1890
4776 223
3801 1950
4707 2333
2967 9738
1225 7313
6944 1458
7086 8229
9611 1566
7160 254
1181 4212
9757 2648
8551 8409
5601 7387
9596 7772
1354 1573
2864 9231
1811 1223
8050 9916
9659 2298
1136 6602
5310 6663
5100 7891
4625 774
8032 3456
5085 9049
4590 7732
4424 8633
9276 4379
1103 1703
3132 9598
5279 9607
1029 6547
2533 9922
8778 5707
5273 317
2260 828
2741 6221
8822 510
2932 748
7223 8606
2882 3539
2817 3706
3592 7166
8744 2251
2617 975
7850 6302
523 3358
1958 8730
7747 4766
4641 201
4725 2025
1349 6032
1149 5925
6633 7414
1655 6792
1486 8160
9966 4358
221 9304
347 7888
8260 6745
1076 3014
3765 1577
3206 8440
5358 3760
9260 748
1078 3632
5781 3194
6021 8327
7160 4644
2073 9975
4329 7064
296 5804
5565 959
126 8342
3893 7363
7842 9647
7793 6120
5463 175
9436 4177
8557 2351
5116 8272
12 3016
7471 6623
6768 4286
5798 9665
8588 597
7156 2164
284 818
6684 4300
3307 7573
6725 6799
3681 938
5314 9521
3970 7107
4962 298
1049 9760
5794 9030
2106 3994
2332 6799
6310 5203
6103 2059
6207 6093
2908 9124
3461 2531
9439 3628
6755 5067
7851 526
5865 1570
6387 245
6799 2351
5001 7105
1458 9390
7646 9915
473 2992
8648 3906
4555 9996
6857 4837
8378 3427
9716 6914
9585 8125
6029 6679
70 5894
5943 173
4764 482
5593 227
8506 3014
8387 8397
5739 3729
5577 1986
4802 6883
1008 8411
3951 9519
7482 3571
4038 2169
6132 4006
2841 974
7499 6136
5937 4736
8608 6536
2111 6261
6197 1405
5028 6819
8593 902
9936 9316
6240 7479
6137 1671
2787 4299
1868 1885
211 8775
3787 2373
5039 4460
6550 8264
668 656
9222 5047
8889 9102
560 6600
3230 5788
1205 9637
8276 1906
5479 6144
9546 7770
4555 6388
8244 1211
3829 1841
6037 9329
1745 4812
9543 6835
3205 9952
3747 692
8783 7343
8910 8363
2001 2293
981 9400
3316 719
8882 7815
78 6924
4429 8163
7941 8415
400 8064
4855 3475
1743 1169
5802 5415
5087 9115
4804 8756
6573 6935
384 2965
7222 62
9670 6860
4259 2194
8971 4511
4586 7913
4944 7653
832 2338
4919 5300
5397 9269
1339 7493
9529 6940
5015 317
1016 6329
2271 3730
4283 3639
4004 2315
5004 8972
597 3544
7659 5637
771 7841
5841 3554
3199 8425
4682 6440
8869 4941
9768 3578
5994 9049
8191 9493
8949 2895
3064 2916
5554 3009
2937 8228
6769 1939
3171 6281
1364 1822
6579 2797
4842 2647
499 7506
2586 4156
3610 4892
7331 3449
9212 2098
9644 3942
4604 7165
8444 3814
1292 1703
6476 140
7030 8692
7884 1210
9899 6491
2843 198
1125 3671
2892 1225
4284 3715
3412 9352
9055 4008
8998 6305
2842 5151
1500 5625
4379 7263
846 4916
3216 9984
2568 8263
2124 9741
886 6280
17 3236
4254 7691
4566 9072
6609 8444
7813 9438
638 9860
1805 5063
8540 8260
8270 9262
3707 9447
9211 5305
7216 2176
7916 4929
3882 1895
3235 1460
7380 2777
4473 9081
7923 6308
3804 2828
8711 7527
5025 2296
2376 7440
2936 1797
2763 6324
9471 6131
1697 6447
1043 6772
7937 7645
3988 4557
8468 1820
4636 6566
754 8054
6312 322
9474 5202
1910 2016
1345 8532
5268 7837
2909 2114
5171 9211
8713 503
8615 778
392 773
1401 4096
9928 2028
9743 5531
3841 441
8491 4356
7173 1005
8321 4502
5560 5503
7169 8356
3918 8158
1190 7292
5414 8555
945 4111
1593 6007
2305 5776
3220 5393
9534 4272
8657 9308
8751 8981
2495 9392
9908 2586
9536 4184
4626 4374
4505 6234
2775 670
8794 5026
5937 6753
8669 558
2072 7418
7282 8697
7216 3661
3474 6611
3409 1504
8602 2002
9692 3637
1534 8951
2043 3352
1357 6738
2356 6269
8469 9436
1655 3447
7371 5169
3829 3720
8256 1353
4224 1857
4256 2592
8552 3859
8648 1948
4355 2594
7449 7788
9554 4804
2634 3242
8437 6608
29 2215
1218 9192
1402 6901
113 4015
4529 5918
4510 2978
3335 6840
2987 8930
8915 3567
4001 929
8594 199
776 1106
2627 8384
277 9896
2958 7624
9927 9665
454 8558
7871 4787
8206 6944
4765 678
4474 2398
7295 564
5651 1320
4495 6536
3310 223
1607 2153
2410 4396
8003 528
9611 3065
1730 4484
3718 8209
2539 2461
6617 9414
9103 2359
8175 5568
983 2191
9081 7453
2493 3595
1661 6103
3378 2556
9688 8678
928 5923
6548 2141
2131 809
8095 962
9375 3568
405 4749
2474 2320
1118 4490
2345 68
7509 776
6517 7472
8406 5839
9658 1871
2791 830
2793 9822
6462 4860
6229 2152
9201 6389
5961 8791
4666 6440
4586 4541
2750 471
3492 3352
3066 5605
6914 2238
8176 7573
6057 7882
4850 926
3783 8858
9614 2797
7530 881
7800 3327
2894 9098
6930 6284
6887 1964
7385 1362
4330 3448
8394 6602
3166 7316
6580 305
7797 8590
2169 7227
7513 8221
1775 204
7475 4245
9292 6398
4904 7305
6703 4348
7962 7101
5134 5342
9280 2646
593 3896
5054 1945
8133 3089
323 5515
7444 1349
4340 1532
3929 1953
467 4004
8284 7834
7533 2626
7693 1711
6434 2182
4939 3455
306 4196
1497 2140
3617 7940
1567 1259
6697 3214
4586 6983
3996 1852
9696 6863
3185 9615
259 1122
2155 2107
6626 2437
6622 7030
1165 5468
7215 4416
9757 8224
1668 4191
869 4160
963 6764
6149 7431
2251 9235
7065 8924
8788 2074
3758 4362
3556 4276
7256 4650
1032 9183
1118 1224
5494 6530
1090 5331
2252 6135
4143 4486
3861 7338
510 2625
8423 5830
3354 5786
167 4585
206 6825
3713 185
3459 5711
473 2354
5336 1288
6741 6639
7738 5740
8970 706
866 9034
5382 2633
9924 1858
5148 4906
4531 3329
3890 9574
3617 4412
16 9899
4966 5522
7554 6522
9187 6815
9710 9819
1012 4353
5174 735
6747 8249
2312 2778
6045 2966
1197 3664
2965 9608
5017 292
9508 1047
6616 5751
2609 6170
7081 8205
989 8296
7519 4928
2052 463
8212 7767
9591 7367
5598 4917
5613 3139
6634 4299
1931 6010
1429 6555
823 8484
2133 4132
3468 6258
4421 2724
9710 3280
4592 3361
2898 4698
5119 2415
7759 7941
5561 1891
1480 4974
438 4475
2207 2379
8962 7789
3997 6675
5411 6971
4638 6838
270 2945
4551 5764
2283 1743
5117 4202
1715 5500
6381 4901
8473 2228
2128 4529
6834 7539
2106 1968
919 146
3827 2255
2792 5674
1090 6249
4579 8307
1306 6595
7631 125
2162 3299
2035 8524
9185 139
1414 5196
6678 448
4908 1892
9547 7574
3485 8303
2473 7439
134 9786
4177 4372
706 9383
9103 8078
2358 1443
7966 8054
3008 2237
8013 6365
8073 8043
6512 9423
8654 7209
7739 9272
9459 7293
1555 6777
8950 3285
7463 4124
8767 2984
4284 749
3889 9271
6111 5166
7276 6124
1604 7891
1581 591
484 1933
8332 704
7190 6309
6104 2758
5988 4680
1532 1364
3146 5285
7049 6844
9533 7059
3057 2209
4581 6412
7327 629
7917 8787
5598 980
7497 4285
865 4388
4402 8350
2553 9107
4601 5794
4737 1097
9119 9394
1336 8885
454 5206
7472 6861
6777 3427
9074 4890
4508 7242
1232 9479
422 437
7727 5966
9193 823
9771 1776
188 1604
3693 5445
2444 4645
9065 5623
6382 3590
6701 3997
2929 5058
2024 9923
5107 1710
3497 2941
9406 3010
7833 5943
7711 7168
9462 5255
863 574
5107 6677
5119 5783
3829 8460
4442 2180
8367 4121
9791 609
3196 1446
6558 6674
2707 4716
34 968
7265 4370
51 9042
8163 4240
1810 6213
3254 2662
940 7743
4271 7965
7011 7122
9241 6122
5069 7476
1764 1525
1387 2841
9635 4041
1370 5635
6558 414
2691 1037
6936 7251
2581 7377
98 9931
4248 7073
4666 7213
5546 8385
6820 755
7954 9014
2960 3576
3015 4366
2969 2313
6819 6392
3122 7562
4146 86
2085 1503
2985 851
5576 1855
6439 9940
1414 5073
3995 4797
1450 2387
9980 7270
4478 4636
1798 9059
8773 9506
1757 5035
425 2588
8225 9508
511 5930
83 9452
8403 6874
8452 5482
8584 5976
9684 7402
4738 9472
1889 4096
3982 2321
1477 4407
8959 9679
3234 5216
8790 8450
7190 2133
7617 404
1007 2755
6783 9884
5592 7686
8993 3780
2224 3434
8000 1982
5774 3290
5673 687
7659 905
8184 3036
5881 1497
1689 7658
4631 5160
1313 976
2105 4502
915 7182
6336 6035
461 2715
2573 5316
8063 9074
8319 304
6655 8110
4148 4676
8204 6252
4655 3629
2856 5409
4936 9415
1591 9892
1214 5090
372 5155
9575 7419
334 789
8045 9052
7581 225
1083 2440
3026 7199
1104 8347
1777 3360
9539 325
6440 173
256 1201
8617 1197
9283 6127
133 1090
10 6501
6565 8594
7418 2913
7255 2594
4118 5722
7169 6461
1277 4430
1007 9789
2848 5127
6926 3243
2273 5175
871 5515
1481 8285
5615 1861
113 7689
9762 7041
1053 2693
4370 3999
9145 5959
5682 4711
9408 8502
3470 5876
8377 6534
992 4257
1879 1309
6576 2709
4010 4867
5728 8023
3719 6368
6313 2319
6422 8240
6351 6767
7957 9942
6850 4618
9414 3745
5885 1103
6387 9910
3542 8272
4208 1704
3506 66
4212 4325
6464 8014
578 8413
5677 2876
9164 227
5835 5565
8460 8929
5852 6432
8168 2021
4384 2135
4907 1535
4621 6907
2386 7876
7528 5098
2056 2646
9458 3593
6006 9348
7989 9948
964 6671
9207 4717
8499 4243
4458 7441
4921 6038
3580 7498
6411 4580
4560 8126
8808 9443
482 5529
2068 3538
2869 9947
6644 7063
1031 3134
7371 8894
2518 974
4078 5766
8879 7057
8179 3466
3239 1546
1936 6062
2876 3704
4048 9296
8274 4323
4705 2278
5138 8822
2761 9062
7405 7519
2847 7015
2045 9412
3722 4427
3667 7776
4074 1887
274 3364
6811 2271
7234 6380
4875 9079
9836 1672
8002 8198
4831 4813
7720 6893
1857 5268
5150 5561
5681 6336
2218 2899
48 6710
5470 1018
9253 887
8335 4950
1500 7657
2001 5588
2174 2377
9086 9433
123 6006
6255 8360
402 9349
8236 4486
6198 8437
6713 4319
2566 6401
1689 5977
5556 3633
4725 6859
8395 1151
3514 7961
9584 202
8747 5572
5759 8873
1749 4866
6797 3267
3051 5032
9805 2967
2111 8234
8705 6337
3389 8486
9687 9451
7870 2253
3490 6470
7214 8816
7183 3647
4794 7813
696 4888
9816 3488
7552 7935
5696 3551
5386 620
7677 3463
1503 6613
275 8421
159 143
2761 7020
2805 3382
5271 4861
1850 7321
5235 5686
8948 368
9337 6218
5786 6459
2770 6390
7048 4090
3611 1228
7575 327
8871 2142
7074 4601
9181 9476
8342 6734
3376 8627
3077 6372
720 5443
5362 5871
8705 1352
5609 1675
2206 2470
6514 5308
7354 4566
3118 2010
8560 9818
5156 1656
6996 8166
8346 5910
7845 3681
6389 8498
5030 762
3206 2813
2912 7794
3941 44
3149 7104
4260 197
3048 2740
350 2715
9285 8292
3445 2395
1841 9784
5951 1352
1877 3259
5778 3337
4720 4524
6257 8498
5530 2678
290 3026
9415 404
8410 32
4530 4961
2409 9955
194 3408
3509 3568
9140 1064
5571 1097
7519 3792
3668 3008
5224 3158
6028 8349
6304 4852
1500 8385
506 8220
6322 124
2311 3832
9196 7118
8424 6799
3704 9951
6831 4582
2248 2840
6165 8975
6262 9803
3604 9080
7337 5398
9309 5013
5949 9866
5184 7493
2883 8665
5463 5526
6099 4052
9832 9553
3370 2949
4443 455
7201 6528
2292 5373
7812 4224
9415 1367
1672 116
3426 8014
3331 5628
9002 8463
4806 9922
181 7149
3380 3310
1846 4237
2770 2060
7882 6104
9754 2567
7612 4736
201 3622
7654 8413
7684 5645
6001 2919
747 1363
3922 8672
7139 9075
4973 7773
6699 8000
4465 8036
2947 7560
8535 5677
1356 9239
1366 7582
4247 1726
6431 6459
1140 2221
8111 9731
1272 3585
9902 232
5595 3458
4980 9543
7593 1487
9198 3701
9 9179
5974 1149
7562 9026
7400 8484
7559 3148
4872 5860
5690 3348
2802 9156
1179 4806
6669 1128
5201 7455
7484 527
6476 1524
3609 1446
7719 381
8274 2576
2290 8008
6824 3689
1781 3534
1756 5921
1807 2510
7442 901
4185 1207
3472 3019
5092 1121
5839 4901
6193 5032
9556 9743
1335 4236
4563 3038
7186 595
2973 2893
2874 9211
897 6697
307 4125
1237 5509
5438 935
6034 3403
697 9678
2655 133
9431 5422
2556 8595
9912 7568
4151 6849
9668 511
4445 3960
7690 1970
3758 2556
6111 3449
5147 2839
6286 9480
4942 7197
5096 4828
3936 6141
1910 6100
6903 5675
2225 8692
3177 3991
7309 1285
1223 3937
2709 139
7494 4159
8822 4372
2312 7225
2154 8363
4999 4604
9905 65
5305 4283
7088 6352
2442 7025
3273 3787
2156 3482
4263 8950
9305 4601
5062 9044
6757 6224
2588 5593
8848 9970
1572 1389
9494 472
3903 1960
9083 8293
4207 5775
6060 681
2470 3239
7375 9037
5940 4322
8155 515
7811 5637
2109 7354
6595 664
3003 5622
545 8249
3765 247
2849 5236
6593 406
6835 4490
8527 4414
8213 7136
1560 3657
8985 8635
3833 6343
4193 7500
4076 3651
429 687
3508 1083
1690 5657
7872 1667
5889 1451
9510 4616
1389 2277
9574 4685
3393 3093
1764 2153
9790 1423
8165 9549
1219 1279
5198 4928
2021 1920
2270 394
5387 5084
9614 8879
3397 8204
1893 9641
4004 6187
8053 8760
1612 9190
4946 7148
9382 9424
3365 508
6682 5487
9043 694
4819 7775
3209 7658
7042 9193
8245 4419
1128 8618
5364 6696
1608 7163
7076 7629
1540 9408
4513 4902
6711 5760
7047 8861
6955 9198
619 3579
6048 9350
5967 3430
2637 5116
1294 6270
9132 6882
3640 7753
8826 7782
2151 8379
6034 5682
4949 4760
6889 4661
8790 8689
9314 8195
2715 7427
3000 7851
7869 1129
5117 8360
2426 8632
2157 6944
7296 5773
1596 3391
7007 1227
9337 1530
8799 5443
498 3836
7421 6229
879 6138
6038 5831
3461 7289
3820 4328
4036 8638
470 1196
9964 6008
7177 4803
7252 8808
6115 1235
663 7731
1329 9863
1554 5136
3306 3678
5873 5839
1939 689
4647 2944
9324 7436
2011 379
4772 7924
2041 9240
6521 2244
169 5718
1211 9526
3672 9790
8759 1029
4916 6889
1930 7301
6423 5406
1797 9556
493 2009
4635 724
9760 364
5880 3466
154 3791
1416 8959
3430 1045
2178 7817
5227 6374
2649 6789
9693 7211
5529 8190
3704 6914
2986 5558
5217 9785
5270 1465
1060 5909
3988 9675
4654 7638
2927 333
1352 3347
774 3316
6642 4381
5164 7645
6069 9685
6804 3044
1637 4818
2942 3313
9713 4793
7798 9234
8188 9772
2884 7796
2878 9117
528 3418
8284 9860
1459 2691
7651 1108
8268 783
5387 4657
272 7798
7527 4627
9899 5139
7122 485
6123 2882
7943 4627
5527 3365
8737 8563
7422 1536
5012 8152
4134 8934
918 9603
5084 8320
1484 5873
1448 3427
8486 5545
1300 9793
5496 2817
8500 645
5401 4327
436 6698
882 8832
4737 7756
3890 4456
4154 6276
2789 2090
9371 2642
558 4438
2906 8055
8965 7007
1009 5602
2998 8673
7771 4601
5513 8531
692 5454
6733 2549
9769 2735
9004 5317
8768 9577
8572 1941
1219 5218
8548 2678
8168 4333
4697 3254
8572 5541
8583 4556
