6841 8783
7858 9989
804 673
3486 8260
7069 6970
3571 8386
8455 227
780 171
4492 1784
1633 8195
3122 1216
6288 7813
3605 808
9139 1883
1960 6790
1183 7742
5816 74
2406 9058
7329 8133
6905 6655
765 9009
4939 406
7828 9966
1500 2589
377 5919
4407 6670
167 5024
337 9516
7986 2655
1910 9949
5073 2827
7847 9742
251 6317
9369 2815
6596 139
5995 6784
8761 1175
4956 112
7845 6174
7495 847
9089 2162
5611 7948
5661 489
7795 5980
7037 6669
5874 1417
2036 5632
3308 6337
4875 7181
5986 449
2303 8660
7761 3318
8697 5095
2285 2509
1640 1877
5163 8568
8601 3416
233 6123
4185 1377
3222 8639
6320 5256
6691 8142
365 2477
3622 8518
193 2163
9121 5849
8847 1838
4964 3245
488 9538
9704 3321
602 1577
3323 8658
6597 2262
8492 2395
5465 83
9182 6781
8077 4122
8769 2295
2001 6828
9843 1086
3181 5304
1133 7614
2971 9320
3318 8386
7650 5799
4985 7758
7697 6998
670 7627
3118 1488
7806 5438
6580 7817
6069 4158
8250 3875
9049 5283
5325 9291
8130 8141
739 7722
5674 7491
2453 8075
5303 192
1367 5082
8907 8094
9065 5282
3295 5375
5313 2724
2069 4274
1984 2816
2630 9305
63 3167
9197 8893
8609 8339
2154 1656
2532 7136
4637 4556
6655 8713
3297 7453
137 3571
2851 967
8381 7142
7982 7332
438 5907
6793 2197
297 3334
6429 4480
2128 5
5549 3650
7268 4744
7390 5260
8659 3383
7706 4863
4386 1283
7966 1663
8401 5626
5872 1864
8537 8280
2528 6402
2023 9006
7232 1306
6157 6151
7356 6419
9804 1237
314 7331
3042 2434
9345 6417
6633 8013
6128 1064
6049 9058
5278 3078
1598 1538
642 565
6383 9100
3887 1526
9612 2287
7032 6327
5279 7316
3595 5775
7537 4634
6717 8650
7910 434
9929 1601
749 2918
8537 7032
6860 761
5627 7020
7069 9290
5229 9134
3571 8242
8399 8778
264 7807
2966 5367
9951 3399
5559 8994
5288 7975
6179 3936
3024 9462
3391 3301
4823 4996
2044 6315
5419 9096
1223 8905
1604 369
8835 3054
963 4651
6122 8077
3335 7132
4599 5492
4374 7948
3391 320
4393 5382
4899 2766
8791 8330
205 9243
9803 5135
1771 179
3335 7469
8141 8891
3793 4315
1398 5027
260 2053
6489 5166
4728 9691
2760 1683
5115 3177
6106 1990
9173 6264
4448 3908
3486 9656
6239 2634
8218 3377
3825 1510
9886 6389
4455 4882
1451 9950
5901 2980
6684 9246
5564 2460
58 3169
1099 678
7728 1604
6659 6972
8365 9017
4656 8448
4304 9437
8552 5627
2693 7043
3892 1920
1929 1998
1511 9311
3116 8066
3158 8962
792 4489
5186 1508
6939 2277
7331 6512
2168 6808
2323 4751
484 646
3286 9927
9606 2804
2619 7771
4062 2286
9205 2873
1948 7238
8078 4186
5098 2216
6358 8416
6152 3393
4861 5267
7168 9007
9327 3249
2300 2441
2072 4773
667 5656
8764 535
7850 7609
5682 1737
7085 4029
4132 9548
5406 1153
8696 9920
7216 3443
2810 8509
3934 370
351 9807
8332 2240
4170 8362
1089 2432
1721 1733
2600 3507
3077 7697
11 1740
5316 7689
686 8578
2107 2211
3161 6524
2059 2401
6317 8475
7437 5743
6828 6814
953 9008
5032 2337
7966 7735
8830 6482
3329 2365
9910 1572
1944 1186
4731 6925
2204 8195
463 2925
1613 3837
2823 620
8310 4234
6061 7640
5263 7213
3737 3761
5287 8941
7884 2589
8152 2649
9129 5943
7894 597
3179 3479
8489 6906
3543 938
8725 3396
9857 4793
6412 7027
5091 3589
9632 3157
8699 3848
3645 5315
507 7229
5880 9160
2044 6079
9824 5483
5452 359
2426 8197
7882 9955
1796 3997
2179 3849
4339 1978
9798 3239
1397 110
9289 8259
4044 4484
6570 5858
9327 9639
8631 1196
9327 9519
4017 4594
7204 9513
5661 589
9922 651
1361 7015
5644 1486
9975 6480
2507 7971
9323 5025
4172 63
7217 8988
5558 4870
624 7782
273 9582
4748 5517
1917 9607
7532 6941
6725 9315
599 2816
2314 8207
6642 8748
5046 7239
300 1729
5755 5208
8407 1577
4288 3144
430 9667
6523 8858
5646 977
4326 3368
9476 4742
2822 3366
433 379
6969 7152
9448 5778
9112 9817
1864 1168
821 9703
7802 9063
728 637
8661 4760
2793 5278
7144 3028
9009 5496
254 2272
9830 1815
3349 9424
4088 2337
5866 450
4812 9182
9249 2153
8638 5507
8701 8103
9110 2328
696 4271
3219 441
6339 6026
9091 8103
8024 8113
303 9714
7857 9186
5687 4208
6970 1547
4504 6600
4918 3174
2356 7896
9567 2638
9453 3485
5445 6967
8788 5096
3673 9342
5188 4338
3559 6840
867 295
8791 550
7102 4688
9914 6501
1264 4419
3085 6048
5984 1533
6395 5090
5713 8830
5904 5300
4104 1236
7647 4598
47 1670
3003 100
4700 611
2475 835
3781 1154
1598 649
5291 4347
3125 5457
9419 2887
4058 9626
8967 8766
5375 121
3382 2920
931 9794
5962 3062
9482 2041
278 4225
9289 3546
2303 5042
8740 8548
8976 4115
6351 3278
5036 8472
836 9757
1101 1619
7548 1737
5084 8271
9407 2260
2458 5335
2387 1532
7818 323
6725 9030
4816 7737
4588 8619
7157 8616
4013 4935
6916 4098
9173 6484
2491 2727
3563 9256
2829 5960
9160 3833
7096 1470
4550 4012
2959 8435
1651 3346
6645 7459
2391 4537
5843 7790
5100 9772
6842 8896
1490 1953
5963 2839
6031 5766
9724 4746
6143 9927
8657 466
3775 6984
3971 7348
9373 2969
5565 7809
330 8268
2492 4931
2800 9938
3250 6388
6118 4125
8998 208
773 9706
7805 5094
2530 6646
7958 7494
9176 4880
6110 5705
6699 5916
8166 357
282 1788
8742 6043
1435 4155
8843 6380
8223 9027
7851 4227
470 5671
34 7943
2891 493
9886 9122
1267 258
1592 3725
5062 270
3036 8944
7568 8183
4097 7861
2496 3405
470 9667
9622 4104
9581 9793
4210 778
4270 5999
3865 7303
9848 9278
81 5340
546 6591
6453 3991
2057 502
8122 8389
8672 1933
4080 822
763 9210
9813 558
680 2374
4536 308
7243 6714
4523 6806
7572 2037
971 96
9914 494
5614 3253
1463 8716
3434 7355
405 5855
12 7608
4538 6330
5383 4609
9369 6307
7527 3641
6203 2379
7501 9517
6150 4454
8017 6858
3180 4419
9944 3766
4231 2125
5117 8927
6242 5202
1972 8147
99 4084
5703 91
2393 2582
6098 1616
5780 4960
7974 4235
1091 8339
7096 2204
2502 8240
5556 1311
4411 1465
8236 2777
15 9818
949 4971
744 782
989 6624
5101 5840
8162 2951
5902 8080
4428 2870
2333 6244
1203 6488
479 7621
650 2777
4958 9770
2186 4119
930 5360
7404 1457
6700 6653
1026 3814
2383 5964
45 5814
1009 7770
8085 9034
3670 8498
3777 5714
7960 1250
5091 3613
1053 3664
1245 3671
9682 5985
7735 7998
482 3733
1974 9618
9069 225
8716 6531
3349 3134
2805 8932
3607 8822
279 9653
3353 931
8728 3450
658 328
218 5288
7438 3499
9908 2427
7957 9338
995 2904
982 9570
1691 8345
959 9287
2379 8811
4918 2279
8178 3942
5864 1136
4838 3692
1761 7468
8571 6381
6868 8501
1391 6836
7235 4621
3552 5279
6875 9374
3678 6096
3603 525
7206 1120
6127 6953
7069 4722
1621 825
5323 9597
6514 7612
5122 2660
95 8946
4573 773
8239 7291
2609 7825
1538 5378
7705 3753
136 3140
8002 1035
7990 8203
2599 6635
1627 3696
4887 6400
2518 1027
9235 7743
3606 3322
7047 6073
4237 5565
308 2182
1242 555
1376 5594
289 3156
7444 1543
1615 8289
7864 4101
5197 2291
1494 9776
2372 7513
6859 9921
576 4291
4343 1634
8845 1613
2522 2959
1302 2871
4590 8185
7021 3504
3616 6598
1207 1574
8313 5887
2321 1287
2386 6693
5166 3550
6522 6000
7364 5289
9542 9573
9350 7015
2145 5269
9704 1980
4420 1819
443 517
6806 6926
6368 1790
8986 8293
2902 9687
2203 1700
6367 2526
843 6767
4729 4054
1 6530
2311 683
5275 5228
7775 7035
9118 5716
4420 8687
4068 45
1555 5467
4999 4932
6573 5696
8947 8333
4531 6430
9298 219
4469 5346
5881 840
2359 7957
4789 4004
1586 1816
8468 3181
1576 1219
5180 2037
3327 1488
9432 4872
3518 2611
3079 735
5027 9355
502 1059
9690 793
5681 7371
6939 4861
6639 3522
8868 224
2873 4110
8294 5995
8155 8264
3990 8836
6957 6883
4152 7300
5518 4520
9457 7283
4912 6843
4678 8985
3520 6183
7767 7445
8109 7802
170 3689
9782 531
9401 1634
7419 9975
6363 2604
3925 1533
5777 543
4363 1444
3830 9043
4592 1930
9559 5761
4721 6355
4727 9603
8162 1420
1238 1068
9011 636
6435 9990
8015 3966
3576 9654
169 9935
7969 2598
4654 5025
5315 1650
7512 74
6476 9744
4241 1874
745 1240
2965 5002
2721 4510
1079 9106
9604 8646
7994 3158
5710 3277
4310 9189
2204 7198
9444 5388
1040 7950
7205 6950
3576 3441
4419 6561
6909 7560
5035 1927
3017 424
6411 7244
1940 7649
5710 2809
3379 2978
6964 5136
335 5360
1264 8299
5154 5213
9546 1221
6374 1275
13 1390
7636 9691
8574 9275
6757 885
2710 488
8224 856
6960 1827
8570 1038
9850 5965
2229 8643
361 1149
8201 4980
6355 6423
7591 6622
8618 7077
5102 108
2847 8681
4911 1418
2632 1276
3256 2310
4352 2968
1681 7196
5265 4002
1269 7993
3475 6348
3673 1981
2514 5052
9103 4849
1676 3692
5549 3522
3049 9707
7391 9123
1843 1214
3887 7771
7634 4530
9282 8411
3881 8412
6294 7529
8917 8747
664 5498
996 1682
8006 2013
9019 2557
2120 8405
6069 9425
9800 9973
2071 8186
3306 9880
5874 2679
5377 8716
7394 4640
3252 4605
544 8564
314 576
7646 8763
5097 9455
6100 3715
9338 2216
1731 3562
743 3267
4090 6346
9560 4282
9008 5175
6206 8131
8106 8592
8867 1102
9918 2471
7318 347
1954 2363
1407 4782
5856 7018
8690 4982
6812 2801
2666 4472
6219 6034
8487 7138
6325 781
3905 2924
7096 9239
3605 5274
3112 40
5265 4319
1273 4113
7501 9478
7144 5918
767 7131
2533 4720
4003 7666
8578 5305
2001 3611
1253 4936
8359 2477
3424 3373
6573 5819
6251 8816
1187 2419
4107 855
1152 7707
3746 2424
7750 2045
92 3924
4241 2387
8722 4017
8554 8656
2167 7072
7987 5508
3563 5923
2324 3284
1154 7071
6855 7089
5157 4199
1079 5754
8970 3470
7470 2767
6111 6566
9982 6791
8354 2466
4287 6580
3889 4174
6525 2101
7241 605
5313 5957
4946 996
2529 9577
3158 9823
3298 2145
5780 7237
2191 2836
1612 4482
6526 9472
8711 266
2512 363
1578 3186
3373 5061
4822 3394
3758 1488
1749 3574
2568 1502
6539 9826
2551 6838
2352 8266
408 9800
292 511
4267 2493
8859 4365
4464 7436
3956 756
3390 9475
1596 7785
2495 3473
5306 2078
5333 1531
7396 2443
7953 1234
6885 5099
7267 7
428 1860
2788 4264
7909 9697
2961 4238
6757 8037
314 2327
4443 9665
5581 9241
3720 6799
8800 4035
1042 7098
2550 8690
8073 4528
9230 816
6968 7344
7009 8020
63 6085
2553 8937
7276 169
5159 2790
7706 4122
772 3349
3750 6433
452 1345
794 3
503 4055
6298 2207
7169 6651
9067 7416
9693 1087
6722 1418
2930 2696
7095 2718
5133 3763
2381 6586
9020 9241
8130 9193
255 4310
722 5115
7683 9586
977 7386
4066 2631
448 8636
6460 2506
1684 8637
9326 4324
1538 1387
3170 1520
6791 4080
6766 8906
38 7379
323 1418
1484 2637
4722 7079
9156 7074
8794 2721
3982 3780
5 8640
7008 3869
9339 7268
1925 2575
3446 1584
2449 6100
6021 9438
3051 9297
7538 7286
8277 8843
3281 7394
488 2023
5212 2531
7385 5993
7882 3525
7004 5174
2958 4417
1427 9052
1307 4830
1390 2348
345 7425
2518 793
6684 376
4403 9719
265 4269
6130 2550
1490 5332
6565 7221
270 9828
435 3707
3373 971
7325 1023
2301 9266
3257 5255
7189 1701
2251 8002
8543 5281
3951 5217
6772 6622
9465 488
6903 9226
928 3535
9396 6802
6708 4776
4589 7157
3619 8300
1136 8930
4184 867
921 5792
5985 7946
5855 2248
3802 8441
4479 1360
3447 1777
997 9599
563 4750
4564 6128
7482 1318
3957 8056
853 3221
9459 6896
1894 3952
7339 743
2511 8142
6275 9713
8333 5628
2791 6063
3456 9445
6563 4598
8303 1329
4361 2291
7717 3593
4915 5420
8703 5706
3183 182
3211 3386
2545 9041
4904 4793
198 6952
5646 4021
7779 1266
7442 6538
5072 1696
5869 4253
9395 2163
8351 2524
3189 7399
5181 2041
3834 3206
3582 7821
8152 7897
2225 7907
3487 8327
364 3303
8508 7296
1651 4586
8648 7525
2759 3670
4503 622
2889 1784
2951 7698
1178 9103
2022 1484
5294 9735
4296 3864
7860 7455
3344 3801
7530 9169
3541 7973
2414 1508
111 5530
7470 7934
3201 8849
6895 8690
8908 8765
3565 9503
6386 7751
7346 5192
1302 2187
8920 8674
883 1155
3321 9260
5740 6868
933 1042
8258 4543
4836 535
8450 1697
3907 7345
4854 705
3806 5327
9921 4265
8682 1249
9985 4094
2648 2397
4477 1170
8860 7797
2438 8678
6702 1137
7669 1305
946 1991
3713 1788
7426 1769
2210 4968
4976 8119
4256 6847
7940 2585
4555 2930
2549 8824
3353 853
304 3608
5099 9164
3021 8934
4867 9523
824 3642
5134 3845
9645 9602
7139 134
96 1300
3158 1605
3858 167
6838 658
9986 6681
7098 2614
1397 6837
4994 6960
3762 6730
7113 5439
8511 1809
2398 7967
223 9140
5043 3869
752 5266
3849 7456
9664 210
8084 3050
8544 328
9017 9724
2462 2451
7814 7207
8401 4993
1021 5377
8772 6192
291 5141
2697 3912
5817 6007
3371 56
2059 2300
8903 2003
2657 7857
8639 9079
2190 7796
8631 9672
5777 2840
1844 9184
226 5688
9285 6623
4624 347
300 4180
7213 1643
9223 5070
9869 6153
3332 8219
7849 9315
2376 6036
4628 3842
5343 3980
9892 6235
8645 7275
9595 222
1518 9368
3999 510
8835 5073
1101 8407
8595 7513
7097 498
1778 7148
9984 6300
2107 8592
8019 8652
4656 792
8694 5359
2275 2291
1758 4535
8644 4655
2032 1745
1969 8169
6714 9416
1062 7916
6416 8517
2023 2722
7971 1944
9069 2330
3291 474
8318 8857
6128 9150
3592 588
7587 5949
6725 4559
8402 4334
7591 7301
9724 478
1053 5599
3492 9120
8374 1038
1457 8559
7844 2391
3570 2326
7976 5388
5706 7287
1834 9146
1907 4380
1112 3960
9185 4487
1547 2956
2146 5316
4986 390
6259 2922
4212 8434
1443 4484
1843 4786
7112 1927
786 5583
1699 335
722 5251
6981 910
7608 4990
5556 8483
7938 303
3874 4831
1916 4362
4333 2642
791 6491
9471 3196
357 8493
940 2637
4269 8991
9717 982
3059 1776
5548 8086
3052 373
1056 4321
6984 6712
3094 9781
1787 1656
9016 8766
8421 1899
1764 1493
9006 7148
5822 5830
3594 6632
1521 570
9947 6787
4420 6734
7970 8575
7337 6221
2223 1465
3324 4154
3117 2534
7731 2563
5985 6458
647 8591
2664 1838
7216 7995
1947 2496
4288 7200
1260 5540
7738 322
1786 8049
5934 8824
5544 2497
305 5062
9198 2028
7684 895
8838 2964
6159 5090
8532 7815
6388 624
1320 3595
564 7311
7212 6819
5004 4048
6720 4457
2850 913
4752 2043
9892 6993
2658 103
3484 9281
4674 5394
1452 857
4484 7179
4316 4024
8974 6411
2285 9030
4717 1101
9810 983
3225 4875
8385 1079
4651 1076
3907 4478
4875 1764
1253 7650
2518 3733
6765 7404
3491 6528
7348 8957
6441 3920
6878 2923
9947 8925
7194 2478
4832 7690
3796 4395
388 7682
5009 2685
7583 9356
1363 3455
7794 5363
9346 1046
7574 4302
2934 7337
7973 4730
998 2634
6956 8140
4624 6545
5408 5583
2467 8903
6553 7532
8134 5904
9532 1433
8440 4095
8010 9525
7585 1357
1624 8525
7085 7143
6911 9580
3962 7998
8537 1860
969 6961
653 138
4049 4153
8497 4069
8579 7006
7660 5184
4227 7067
1897 251
6055 4765
8272 2066
6921 381
238 8292
3991 9106
4924 6388
4565 966
9910 8003
4697 8506
5362 643
7510 6418
5808 6866
9774 2872
5809 5902
4739 8242
8868 1478
4849 9246
8424 377
9252 1310
5144 2812
5024 7147
5322 7563
5095 936
4581 4345
1853 450
9217 6905
4824 9576
1896 8369
957 8769
4354 1963
9417 4671
3551 1371
587 41
8126 9907
2638 9852
7739 1192
7479 9209
9174 9929
3327 9130
3313 5984
5966 8395
2931 8907
9293 1630
7816 1200
956 889
4636 2201
8797 1631
982 8454
4455 9161
3462 1781
5015 7208
945 3284
3788 8429
3651 9452
8072 7958
5568 8429
8943 3660
3559 4428
7297 2521
7879 2113
9613 2431
7481 8261
3578 9870
3281 394
6638 3589
1613 4938
285 4844
3312 2475
7900 1446
5132 9528
1909 2045
5798 3008
10 1148
4717 7568
8961 4072
6927 1774
3792 9046
4907 3486
486 7905
6392 4856
349 305
5929 3295
4867 9331
5190 7353
2971 3762
5630 2411
2684 2188
2109 9969
2997 4078
4676 2895
5998 313
2905 4709
578 3835
7990 123
4214 7765
707 7196
5624 7697
1385 9489
6333 7397
1088 262
3893 8849
555 242
7170 7498
9686 5481
5593 3199
1864 5789
6275 8682
6372 3415
4968 2098
9995 8062
6427 2250
1341 7989
8384 6865
9358 8078
856 7749
4988 8476
5511 5036
2134 770
2615 2127
3844 4865
6820 954
1010 5782
9006 8770
4610 1108
8478 9795
8443 2526
9952 7823
6138 752
7609 5184
6593 4621
6492 3751
4621 4218
4492 4617
6571 1199
2851 8826
6908 4998
9402 1250
127 1805
4765 3584
690 5163
7681 8629
7128 2545
3636 6255
2189 1137
1983 7940
3712 1943
3782 5642
1541 6802
8044 9199
3083 9321
2518 1633
4318 1445
601 4063
2934 3403
2792 2989
8027 4918
3521 8886
3950 9585
286 1342
4934 1480
377 2699
2875 2271
7280 5432
2513 2819
2948 7507
8063 5412
7524 5724
5352 580
7326 4155
5665 780
1452 4659
1905 1362
1412 2286
5559 9294
6640 7873
8703 299
7823 8159
8338 295
1622 8662
3372 9074
711 1263
8418 8948
6759 1532
7430 7140
8989 2727
3501 3973
229 7293
6327 8066
1405 325
5712 4679
4699 6397
7677 2968
2749 6957
3130 948
4982 1222
6720 6298
8560 8348
7274 9864
9404 4081
855 2363
2768 4574
4678 8093
426 1364
5674 2233
9444 3792
4371 1035
5090 3706
5839 1046
4947 3963
2938 9884
952 6038
2574 1521
9004 3809
3285 9262
6872 9975
4431 437
3540 7517
3272 3264
8224 2815
440 9021
4880 3091
5815 73
806 9860
5060 5538
3807 9389
9025 9326
7600 6544
7023 755
5688 8972
800 2063
3962 4240
8084 1298
8585 7711
7372 1835
8817 4503
3672 204
7404 1543
9633 9135
2678 9077
9563 1016
3986 619
8588 4449
163 5583
9717 4097
9819 7404
1957 1369
4725 3614
8345 7361
4403 2471
1262 804
6259 9047
6026 8390
1731 2562
1706 6093
1546 437
9594 628
7841 9264
8184 3719
6401 6342
2445 840
4419 3207
3389 9555
5242 3062
993 6388
5290 4074
3415 8199
2534 2713
603 331
9284 7699
3603 6980
8698 1690
275 590
9813 3576
132 2520
2599 4666
508 3932
2310 2858
4451 1936
6316 8043
1623 348
5115 2785
42 2967
4260 3129
3240 6780
5467 4947
4398 9908
9054 2936
9182 1636
2024 6232
5475 3667
4431 4275
2483 971
2825 6865
1663 4923
9029 3689
7028 3407
3037 3228
1389 4845
1034 5953
6516 8672
9900 4953
5628 9384
8888 6501
1745 5811
8544 3375
2322 6421
4922 2656
180 6393
4260 1745
460 8255
5308 2604
5022 6435
2326 3872
683 5661
1614 321
4732 1013
4644 4879
8371 1219
2203 7543
5964 9789
6760 3600
2591 9773
9223 9743
5935 5110
2783 3403
2368 9003
7797 3513
3532 3804
5797 6102
9325 3400
9140 8079
1664 3223
5774 7624
5618 1540
9337 3838
3146 9980
2044 3682
3190 4102
1456 5075
2303 8519
4411 6384
5592 9307
3340 4269
4888 4366
9997 333
3078 3784
1061 7089
9632 1315
109 3978
2318 2298
8330 8514
5157 1644
6175 643
3274 5172
9789 9442
5069 9281
2111 7831
7727 9895
656 6550
5414 3862
1536 2870
8532 3666
9661 1804
43 6639
2368 5160
8518 7826
3243 4615
3033 891
9062 7766
7895 4799
9602 1105
1145 2377
6501 1755
2587 5085
6552 334
9236 9524
3279 1769
4072 4092
5365 6664
9906 5884
4122 1292
8361 3121
2691 3349
5076 4067
6196 2189
8872 931
7402 6548
6878 6921
2027 946
656 3162
2607 2870
4479 7792
7202 7369
7346 304
9245 6659
7035 3527
1715 8986
168 5257
1407 1595
4152 3282
1777 7532
3522 484
7607 9505
7190 5929
9404 1166
517 1082
3896 6343
3559 1023
7668 9910
5042 6911
5377 6659
447 3773
9897 9682
7948 3006
5899 2617
3956 4069
9352 7916
7207 3516
3687 8564
1824 8441
2030 7691
1478 1877
871 2181
6869 5808
4504 188
4584 234
992 3276
2484 3475
9266 3910
4182 8778
286 8148
2308 708
5366 4246
292 9885
5790 9616
5326 2388
6354 7500
8797 444
2543 6525
5000 8191
2421 7159
2144 3938
7024 1608
7895 8371
2323 7517
985 6788
7911 258
66 7118
20 351
4112 9399
1698 3735
5704 9540
5065 7111
2441 6358
325 698
2281 5273
7166 7496
4664 1254
6552 8365
600 4760
3274 2626
3661 1753
3198 6860
4950 7048
740 5818
5763 4476
3734 2523
4239 9561
4161 1531
4630 1423
5260 3196
7877 5854
6274 4818
878 3016
902 3910
608 5290
1958 1080
8511 4166
6024 4563
3165 4079
8187 3605
4895 7131
6433 4754
54 2740
559 9087
7220 3259
8988 907
8826 293
7710 2045
4039 328
1041 5407
9482 5189
1177 4305
8775 8230
2415 8081
3450 6362
822 2855
3242 730
5909 9171
7847 6018
7489 8333
5721 6506
8304 5244
8046 7077
6932 9415
7152 5122
6786 8320
768 3776
4411 4625
128 4650
1148 3098
2026 7410
5548 4964
4753 1583
6775 5859
1796 1998
3143 2939
5291 3871
9982 81
7501 7221
2537 3007
6671 7216
7805 9398
6461 2623
1289 8576
9448 468
9565 7116
8362 4585
436 8203
7488 7591
7195 3668
9453 8451
1 3713
9679 7023
5596 3620
7668 363
5579 3595
5509 6163
9803 923
6749 2987
4157 9620
8511 3400
7235 5992
445 1487
8536 7332
6048 5437
6842 7992
5992 6743
6202 359
5265 8792
2233 6171
5985 5311
8681 5916
8360 8553
7115 7943
358 5444
9436 1484
782 8746
7955 4965
6332 3997
4208 5882
4940 9527
3330 1428
3118 6161
2834 7665
6406 8720
8368 87
6776 8565
9216 942
1178 5645
4301 8369
5236 6995
6386 1243
2665 197
1942 2493
117 3504
5782 4159
5682 9610
6585 6670
784 7955
4196 66
7565 1567
2720 2895
6465 7148
5121 6997
5844 4865
2209 8012
5167 617
5196 2640
3786 702
8157 7977
6100 3964
4478 8372
2740 6011
9795 7641
6848 4896
5925 2575
3342 1875
2928 6075
1563 744
2522 3452
1762 1980
8073 7887
5488 8316
2056 9067
331 5449
8891 6424
849 1328
8922 789
4487 6124
1335 1885
2769 4006
7987 9201
8225 8227
2495 7727
4484 7694
7213 3802
6851 42
1807 9826
7918 3505
8640 3188
6606 4238
287 8336
9528 100
5546 8115
132 8672
6435 6713
6138 3952
9853 4198
7906 4309
874 7644
7007 5338
8211 2221
7736 2845
3377 4347
6665 9802
7429 2318
814 9600
1595 1366
7551 9820
9856 2207
8555 8479
4933 3534
1108 4015
3418 3443
8931 1657
2042 2727
7439 4259
5569 7978
9286 9498
7805 2389
2469 6137
1534 364
5180 9201
3810 6026
5798 8285
571 3339
2454 4807
6528 4641
442 5891
2524 8595
2552 1282
9712 399
581 944
8903 2226
7665 5580
3709 2281
2154 4526
5427 7621
1695 1098
3253 5987
3895 6150
3482 2707
897 9054
59 7504
2836 5075
3249 3620
9186 9347
5924 2017
1461 8993
7691 6638
8370 3260
2731 3699
9590 5455
2850 3890
6744 8222
7444 8641
4633 6234
5704 8807
2633 6881
938 5045
4815 9980
3530 6113
8720 7122
211 2676
4111 5918
8487 3105
4425 2283
4037 5137
1520 3348
90 5753
4607 4104
2171 3155
6831 7979
4722 1270
6515 442
3512 5666
5773 6192
7624 786
6363 6690
4258 9911
1830 4396
1856 5747
638 1845
4097 4154
1526 5864
7016 3701
4939 1316
4909 6059
9541 4440
2139 7881
8672 7460
4174 6744
7217 5569
4233 2098
7568 9868
4234 1496
955 6293
3544 2017
5288 2288
8397 2333
9871 7548
3784 7301
746 5789
6620 2099
8010 9648
5686 7685
8553 4629
5416 6777
6625 5641
783 3727
48 3665
349 9355
6418 8837
1293 1491
8449 4785
7259 3645
2096 8455
1377 6866
5945 4952
5371 8205
4560 1343
6968 5670
7292 712
7972 981
7071 8401
1994 1995
157 9711
3657 9875
323 5688
8113 5351
3112 7441
5194 9720
8430 5457
4357 6034
4339 1648
8981 7100
6030 1046
1697 1820
8394 5171
6828 7010
458 9486
3876 4678
7918 1799
919 2630
2345 9541
2084 8777
6244 4565
1416 5050
6360 3525
8348 8062
8065 5434
6788 7892
1116 3912
3989 9215
3819 3948
8880 1629
2786 886
9815 4723
866 2961
3566 6008
1489 8302
1552 1763
773 737
6828 6635
652 4541
7983 4627
8140 5946
9915 4844
1761 6988
7404 4509
4484 978
9447 1637
4727 9352
1926 6880
402 2999
1809 9813
7127 5244
4983 7115
1028 3258
4099 1291
1554 5752
2615 3293
1197 2187
4012 9957
7904 9037
6965 5080
8791 4386
2232 6290
9335 5654
4857 8685
405 7278
6792 731
4845 3481
8577 7050
2222 1730
8776 3369
5795 3304
4802 7520
389 1318
3187 4789
5181 7804
2285 8967
2976 6142
7288 3360
103 588
4758 6489
4032 9540
8272 2533
1351 3761
3903 5241
1811 312
314 7336
8509 3836
9415 1438
1923 9505
177 9972
1054 9060
7076 1134
8969 3173
2305 7515
36 8041
8266 2563
6476 9706
8350 3072
9971 6073
7671 5091
82 2381
4273 4919
7472 373
4173 2606
5833 3762
885 5345
1895 7257
5738 3315
9540 2301
416 4678
6489 3270
2133 9137
3558 1132
5391 2912
6435 6654
3326 8905
9921 1137
4034 8229
2579 6268
2033 6960
8547 5027
5106 5320
9267 9172
5445 6432
4062 5947
3651 8016
2622 2326
5960 8593
5655 3917
819 7725
1062 6426
4452 522
5 2032
8375 6450
1288 3931
8928 9808
5353 1530
8343 3934
8958 6252
8581 5430
7153 569
3039 5542
5085 1068
3880 7875
8251 3750
5085 9377
4690 5353
3304 2987
5425 6286
9407 8502
6065 8835
5165 1960
8659 3488
8912 7909
9418 2650
1437 2189
2908 2052
3974 4061
8407 8724
2012 192
598 1488
4833 7466
8145 8814
2705 5941
4368 1687
1916 8221
8566 7384
4463 2190
221 5793
5889 3270
6800 3131
2052 2457
1946 2063
8902 2053
2266 9454
3317 3685
3292 424
1883 2227
1506 8647
8146 6538
2435 8734
8328 9148
2220 7104
9911 1381
2816 9117
2015 2707
4010 3804
4108 2388
8490 1344
9860 1846
3910 7094
5220 2783
9172 642
6246 7633
9966 8708
6825 597
832 8740
8569 281
1972 9581
8077 4606
1004 4357
5722 9727
8080 9581
6695 4094
9543 342
7184 327
3728 1851
2373 2829
3282 8629
958 6349
2776 9698
1827 2542
6579 3519
5487 3418
3740 329
2121 4272
8765 5230
2921 3394
2425 2217
5256 1249
7562 7040
7790 9854
7390 4605
285 1052
6285 2936
7458 2533
4892 108
482 3073
5094 3915
7430 5482
3442 7275
1484 2287
2790 6736
4161 3116
3084 7690
4250 2650
7363 4442
6036 4234
2649 7516
1644 1851
3106 9537
4938 3218
9443 91
8547 3618
985 341
9060 7103
2003 1023
8841 7939
6663 7979
8155 8548
2364 3552
3232 3964
4169 6568
6493 1436
7260 4622
4345 6819
6215 7150
54 2279
7794 4036
7806 416
5730 7189
5393 1116
3052 530
7149 6177
7425 9169
3969 5266
4419 6018
4748 7423
2768 700
4685 6828
6761 5497
1255 6370
2215 2529
6447 4055
8670 2891
9498 1466
3048 8996
4767 7359
813 6196
5462 1233
1056 5904
2791 586
2895 3591
8475 6120
7564 8410
8745 6740
5926 5625
2196 9683
3884 1964
6718 7033
9212 8023
7187 3947
9308 9549
3201 6603
3672 3891
7556 2942
6544 4529
9736 2766
2227 2567
8001 3338
5670 2884
8517 1066
5025 5627
3104 9530
6479 8916
5619 1182
1815 7968
5886 3995
4648 4833
9302 67
4388 932
7313 3718
1453 6835
6549 7595
4421 3904
6142 4155
7051 4079
1236 176
7849 4146
1323 2928
4804 3452
3357 7955
4758 8510
8956 8127
5849 7919
8849 6979
2211 476
2264 3993
4448 3005
4665 4673
3190 3381
3235 2162
6009 2364
3769 3052
7097 8087
9597 9609
7508 6293
2658 6657
589 7081
592 4359
4275 5091
425 1767
9736 5961
1876 4188
9476 4373
9298 1518
1770 6984
9414 7143
6357 4272
6572 748
613 906
1725 169
3902 7122
1334 1723
9692 8748
4211 362
1259 7054
9542 5846
5060 3747
3154 7160
7976 2948
1845 5059
1851 8985
8113 7177
5301 8764
8253 1667
1239 4251
6903 9173
3311 6200
8321 6682
6409 9337
5699 1140
9217 3906
5951 6195
438 8053
9715 7521
9884 1085
7534 1199
4646 453
712 9737
2774 1023
9402 9838
598 1888
5091 2930
1668 4352
8345 6769
9350 7153
8728 6101
560 4245
8403 7566
2167 8580
7823 4953
7797 7750
2948 1013
3068 4753
9723 123
7492 5726
4472 4813
3140 343
8563 823
805 1565
7423 6843
616 713
6595 8609
1239 5108
7095 1840
6833 9108
5647 5882
2457 732
3984 2397
8976 9364
4607 136
5422 8039
4965 5214
3294 6499
2535 8441
9234 8754
9070 8752
2144 3549
7949 7207
5462 2381
7484 7492
8490 4957
3820 7850
4730 7840
7952 829
8757 1928
9117 8097
3536 3072
9133 5911
3206 3050
459 695
1941 7412
9818 8458
1993 1265
1760 7668
5817 3876
4636 4204
1605 6704
2388 4479
1061 7377
3812 8039
751 2777
5919 404
5260 5734
6357 5715
3700 9302
9249 7441
3286 4471
6565 5744
3598 5736
4176 1985
4361 24
4849 5581
2315 4813
9384 2941
2272 5946
5666 3289
2785 3841
2164 7709
2388 222
341 9634
4199 4232
7138 5486
8968 3683
9952 1881
5332 9848
7234 1373
2897 4640
8672 2336
9543 9553
4802 5899
1417 3266
6471 1322
4894 2362
876 4927
6259 6153
2268 6946
4217 5879
6129 8913
7219 4649
6530 4165
4103 620
1331 7748
4592 8312
7901 170
5162 1818
4448 8636
6986 4165
4723 5943
4579 2560
9285 987
4456 8986
3647 8463
1150 2149
9935 7667
4133 7501
528 8019
8561 6606
4058 9564
6612 3985
9372 6445
5490 9838
9117 3119
2944 3209
9193 7649
3634 1624
1725 1400
4653 8671
4231 1657
2003 9787
1737 433
9047 2034
654 9353
1961 2637
5651 4825
8539 4065
3647 6713
5883 6568
6287 230
480 5525
2813 7218
2366 3939
9031 6134
9093 5925
7252 2308
2199 1799
7754 376
9992 5976
2436 468
3551 1675
715 5131
3088 3977
5781 5657
2848 3257
24 8996
5705 5223
3283 104
9169 2002
721 653
3732 141
6563 1828
9705 3836
5377 1651
3000 7779
1278 2089
3847 7447
759 7090
9205 3985
535 9884
5645 3981
2797 8759
1711 5948
2064 9138
5932 621
7454 6667
6521 7335
7123 3659
3738 8370
6679 2545
9211 7996
7742 4437
8374 6481
3643 5030
5987 7092
7457 3548
6556 4718
3208 6072
3595 7709
1329 6799
241 2104
8401 4845
3233 1430
5215 4821
4821 4251
783 3262
1356 7456
107 1664
9584 6273
2768 4267
6883 7989
5267 8305
3531 1229
7388 3218
4728 7228
6831 1660
9976 6205
7103 8765
3322 9785
1865 2955
3579 1678
3865 6381
7495 8773
2690 5072
3889 6827
2806 8506
7244 8525
4346 7743
7511 1412
5721 8166
3464 1422
9752 5114
4130 3874
9098 9306
2277 2634
1884 5751
7045 2120
9142 8113
5964 4755
1336 1311
9631 9843
3608 7551
6031 4862
858 5007
4313 6341
5690 2244
9393 7934
398 2208
3791 9512
768 8709
8893 7085
6146 4928
7613 3453
1218 1768
6627 154
2044 145
9171 4876
4785 6023
6629 9595
4516 7597
4571 1099
7763 2188
1730 5787
2360 2285
3127 769
7300 8866
6022 3430
4242 2159
7580 731
606 5136
3629 6650
9241 3183
2107 5519
1810 5962
810 6039
2227 8453
5043 14
7135 8975
4488 6795
7376 161
7055 4531
6368 1644
7916 3348
5154 2554
2972 8398
8720 5860
3244 8475
8318 5464
7735 882
6115 8749
7977 1730
4136 4726
8520 5074
6325 4034
3373 6397
2562 7389
2807 7199
3015 3944
1482 5931
3541 6669
8354 3152
9612 4018
9210 5175
5655 7422
5664 977
9536 6508
4455 2615
7170 9296
2981 4223
5040 150
2102 7394
2698 7898
9616 3414
5343 1741
9985 2278
9072 7723
2292 7951
5403 391
4461 1273
3362 250
9025 4628
7839 6638
9160 1769
8420 9487
2376 3706
6462 3328
8779 4868
8624 9252
1242 9342
2143 4164
4650 7788
9411 2592
174 6053
4218 4751
484 6131
3697 5206
1224 275
8391 5479
9110 1405
3734 7194
6480 1129
120 2375
1546 6452
509 4007
8301 6809
9690 7556
7896 7059
628 4900
5790 2809
2213 5701
5279 7475
1961 8589
3868 2968
7961 2720
9410 6342
1992 5288
1005 617
5500 2516
3759 905
7259 4349
5549 7334
860 3813
153 6935
4408 648
3016 47
310 4172
7969 849
5041 7744
4834 4852
3914 219
7609 5398
3932 8237
6459 7206
5579 3603
6773 6671
7779 5108
5807 9074
4962 8296
9981 9043
1467 3615
6985 4853
1653 5196
3702 6056
2750 3338
5566 1800
6653 4055
6222 7787
6017 5356
3675 6569
3101 1805
3335 5136
8269 2874
1242 4944
5905 9904
2175 482
9594 9640
7351 9810
6765 5458
9994 4207
6877 3665
3905 9142
4290 6930
2770 3714
1526 6278
2497 1056
1084 2627
9287 530
3877 329
6602 6850
4954 7016
5822 5734
4968 6359
7465 4304
6164 2318
4414 314
7858 2958
9019 6156
837 9845
6673 7360
8500 7620
6825 2827
8979 1030
6101 4066
5530 8884
9272 380
5540 9786
5089 6186
1345 4665
8058 9711
3626 5662
7826 9120
2743 589
1463 1557
9859 1007
2541 521
1137 3428
3191 6248
9471 4575
8203 7888
6508 7693
5701 2968
2214 2153
3156 1434
976 8375
9276 9686
123 5560
4606 7925
1681 103
4060 9315
6629 5759
5469 5141
5875 1419
5970 3146
5710 5125
3597 6659
499 2435
1939 6935
487 5756
6821 161
9853 7738
2505 6052
5921 88
1438 6024
5796 9033
6450 8579
6654 7721
8757 1017
7739 3875
9779 726
1708 3918
9068 7489
1311 9242
6193 996
7494 6028
9043 3029
568 3875
1519 5654
508 1717
7127 5078
6479 3433
646 8968
8728 3346
7537 3855
8210 7649
4920 2398
8394 6524
9941 8794
2107 7314
8402 2766
3714 1590
6566 6198
8913 5593
2706 7430
3977 3349
2563 7870
2514 3618
3072 2618
1961 7245
2507 9929
6410 4136
3044 7514
5352 9533
539 7414
7801 3888
9674 3804
1084 8751
9490 8227
8867 2857
7331 7659
8742 7038
5483 4389
3466 1857
3396 8526
7832 1540
1220 4513
1388 819
5484 6789
2322 6320
2419 9889
8461 2374
1899 9855
2819 4135
3793 2957
7336 5748
4382 3429
8 5288
8714 356
8002 2045
4014 6382
2130 3905
2924 5114
4316 1359
6920 3918
2453 7668
551 3097
2758 995
4459 7845
8819 1386
6997 6080
6200 481
1101 351
7773 7956
7399 3110
1694 8615
593 700
2549 8321
7814 7505
2064 3880
6994 7939
2976 1344
5162 5640
4839 7562
7929 365
5823 4917
1064 9664
4913 7881
8215 5580
8884 4425
6624 9585
7870 820
8184 7764
2593 5923
1007 6582
3179 3965
5739 2974
6916 346
4724 734
5036 175
5651 3215
1299 3128
2477 9484
5029 7379
5610 3333
3919 6939
6335 2404
3594 2766
6487 2898
9378 4434
634 7359
3339 9856
906 7762
3781 8016
9768 3091
6290 6417
6606 692
4797 7975
9736 8055
8779 8913
2823 5118
7729 5828
8549 4607
3326 7593
2259 9000
2106 5635
2110 9233
7861 9463
9036 1770
1087 2220
9501 6212
4119 9326
2524 945
1912 5156
2164 9059
8194 2947
7078 9796
4980 7202
765 596
3541 5031
3665 390
1864 4075
2761 5480
8029 6089
7183 1471
9041 1855
7722 8111
1595 1393
283 5669
3783 4859
2440 3433
1473 265
6785 5655
5016 8912
8993 9410
8101 1473
8678 7196
2478 1300
2610 62
6644 1518
5835 2794
9793 1228
5893 3632
1984 6146
4151 8354
3220 23
5727 6467
875 9859
556 7020
6769 5098
4370 8118
2375 5750
6842 5866
4078 3179
8522 1664
5074 3306
363 7325
4361 2229
6346 6282
7203 4165
3877 6606
9976 8897
918 8428
2036 9556
2829 4154
9901 2358
9584 5152
7243 48
907 5231
2417 1893
1931 3604
112 728
2127 8458
4583 5373
8837 6642
9010 6414
78 3120
1476 6093
6960 8511
1040 4927
360 6703
361 4597
3382 7196
3755 3186
8980 1892
1817 5599
7104 4998
3382 8981
7644 8330
7271 6812
4203 8086
7356 7964
2767 8790
6314 7047
2859 5718
9280 3664
9102 6711
31 5875
5585 3820
6965 7079
871 500
6751 4597
6844 6636
8564 7072
7661 7984
3638 8269
3367 1890
9449 9211
2870 3563
6319 7779
5831 8000
227 2443
5031 5157
3797 6479
2945 7279
2488 1636
2386 5755
4710 997
8384 50
2313 7459
7132 4634
3214 2735
3845 235
8391 252
999 7633
9476 4014
1792 8260
1629 6329
7705 3468
7911 8293
9907 6076
9437 2526
1506 9397
959 182
7018 1209
6135 5716
6489 270
8690 8976
1627 936
9194 4824
1253 171
4653 8005
4106 9656
2988 4631
3896 469
4585 3923
3984 1397
3868 5396
3237 7278
5837 6149
9304 2558
6358 7842
2189 1449
9602 1192
312 4982
6119 6127
128 7138
587 9755
437 6653
8243 5041
7899 1456
9353 415
383 7817
2785 9003
3179 948
4450 4023
8977 1777
5264 5774
3454 1952
2317 3559
2478 9723
2215 4358
381 6471
8839 5600
8875 4296
5661 9124
6794 463
4606 5696
96 7407
5189 1375
739 145
2781 2496
7061 9748
8607 7976
826 3739
7117 9997
4556 9587
173 1493
2078 484
1985 884
6423 8458
3273 1554
1105 2581
5579 9640
9606 2683
945 3140
8094 8757
3639 9042
8026 333
5633 5167
8945 591
4803 9874
7694 7328
8002 6532
3684 6869
7768 2358
8434 149
9956 3532
3458 8755
5599 2919
4476 7582
9015 767
7253 2970
7588 1128
6522 3022
9326 5247
6273 3130
5364 7594
1505 1300
1931 6714
6808 7430
6806 2892
7668 2539
2896 205
7316 1688
5866 4575
6884 9312
3754 7644
33 5938
280 2530
7054 7047
9464 3784
3078 1401
4039 3939
6625 1586
8863 7704
1428 7119
1701 2250
1301 927
3605 9621
4263 7347
9598 3667
1470 2701
7165 8064
433 9161
8215 7954
8412 882
1153 1435
6793 323
6258 4382
2350 4081
4096 1982
1122 8603
6807 9562
9819 2300
7010 3415
7080 3235
5740 7330
352 3374
6170 9749
9569 3704
283 4614
3338 9603
8522 9945
6151 6449
4028 4042
540 1772
3731 4148
2187 7077
8862 6569
1578 1336
91 1059
8399 1019
6150 9522
9893 1271
9682 4895
8511 4134
8750 1406
1860 5172
3990 5226
5999 133
8215 9517
7838 2312
1675 970
6561 6243
3337 6205
8547 8937
7298 902
4739 3674
8669 5748
8510 8997
2374 7835
3729 922
215 7916
2263 2781
4652 666
9645 2143
3158 2446
4264 1730
2572 5492
4213 2162
9942 5123
5324 4501
1311 3720
518 1611
7430 5282
5983 7822
9525 4622
6219 3906
8913 4998
7382 410
2061 6649
3737 4533
4019 3958
4681 6858
5085 5698
4229 2696
6948 4815
4911 7387
5542 2400
5922 3451
2928 9156
2877 2531
4645 6721
886 3436
1905 8364
7214 5443
1200 4245
4473 1340
7038 9097
6678 6546
44 7141
4897 8416
9592 2790
8729 4960
2581 9898
7587 2119
8166 557
9500 6978
11 232
6661 2996
2661 9193
8064 3914
7532 701
830 3775
4096 9674
5082 6829
1997 5993
451 1640
5198 403
1759 3159
7947 2266
633 7223
6088 7176
6028 733
7739 2655
6918 8123
133 7182
9279 445
4683 4795
8539 92
5024 9192
5432 8
7134 8255
2818 530
3957 6143
9723 2279
4092 6160
998 9188
9680 486
865 591
2887 2069
5253 7535
8233 8904
9913 5537
347 1222
9094 3429
8523 1170
5334 701
8620 8649
3096 435
7335 2765
6706 4960
1328 7145
9475 6093
5473 1750
9526 6785
7347 1484
3436 1454
9949 4951
4351 5696
5188 872
7627 6383
592 1197
5179 6776
934 3990
2640 4114
3084 5290
8626 95
690 2748
4410 6214
170 4980
991 6123
7063 5777
3222 5605
2700 2961
3313 974
8734 2064
5405 1116
9021 1631
6654 5367
2795 7715
7363 4609
4247 8103
638 7820
7483 8112
1981 8451
358 2667
5576 2760
7597 3111
4208 3428
1523 975
6311 1815
7815 9588
6990 1278
87 3410
6258 6393
909 6883
9688 9124
9504 4912
3634 6515
3730 9202
7222 479
6603 7289
1088 4667
7647 3656
5086 5445
6103 6958
9901 3432
1764 2444
8601 3645
8906 1196
9570 9718
6977 4347
8887 9960
2801 4507
363 3306
301 1416
6011 5584
8623 5841
8613 2551
436 3430
8981 9737
3540 492
1674 8339
8364 7287
9248 6090
7421 5034
2629 9400
7090 1375
7179 6360
5108 6080
3808 2357
4412 3523
3942 812
5260 2812
9013 8491
6789 1035
4741 6935
8112 9180
4531 2125
1743 3106
5065 4505
1184 5847
3850 5110
7736 6171
7669 9378
314 6198
582 1536
1085 7691
2786 3930
3308 6049
5367 8151
9514 9460
9086 4017
8586 72
8415 4308
5349 801
406 2315
4649 710
9420 6290
6156 4387
9001 5337
2271 3028
1650 1674
7865 9807
6695 4787
1650 4148
3741 9721
1912 4282
6795 5424
9022 6223
1747 93
7916 2434
7069 881
745 5215
5480 6225
3202 5832
8751 5133
1799 7303
3138 9225
3175 824
933 2377
3384 2278
8498 4032
3239 1962
5978 97
9844 1829
8834 4485
2219 6234
7851 3035
3175 3874
2360 2332
526 6362
4867 9647
339 9981
364 3372
8925 8796
6259 8701
3380 6269
2185 9908
4247 4066
2522 1726
7141 9999
34 2478
4785 4204
2914 1344
8728 7814
697 7719
34 9992
4274 3761
4432 2552
1838 2984
3032 722
9308 9007
8985 6209
4394 173
9790 9794
155 4856
2445 230
1760 5563
9799 8614
4650 8219
7417 9559
5553 2342
2436 3603
9078 9138
570 1146
4222 7593
1057 4545
9892 7104
2064 5149
2536 809
4204 5442
4948 8610
7839 911
2434 4736
2653 6815
3740 672
1108 2392
1360 4764
3571 2139
9263 4437
2783 5483
1809 8239
8149 3463
4172 1056
2677 8814
7346 2864
9604 2460
9043 8256
176 5964
9449 9928
4267 5011
3226 3244
8946 2050
2494 7227
7951 960
5268 1695
2656 1293
2830 4966
5622 3356
2022 4669
6775 80
8109 7873
3238 6616
9731 7922
4987 8532
8982 4798
3034 8339
3112 5500
5146 2268
9764 5838
2645 7271
5786 348
1362 2414
5308 7810
3276 5904
7767 2859
577 8942
4894 2105
6655 4270
6667 380
1826 3257
8055 6715
5312 5168
1583 8610
2141 3140
6372 4282
7557 5347
2118 4912
656 4208
7475 7247
6604 3383
9175 6705
1033 5013
5094 9583
2987 4537
4624 2272
6017 2481
7690 537
6977 8994
8997 7359
4876 5006
2151 7878
9529 372
5265 8401
6279 8570
7987 7877
6386 5150
6360 2960
6236 9309
4851 8752
4007 2484
2719 8357
6693 974
4373 4994
3683 5002
450 9931
1462 5783
5765 2797
134 1328
618 2826
2513 4749
3793 2358
4933 6503
9952 260
2536 2182
8816 9969
7810 6959
2853 888
5031 1083
2689 4700
9789 3431
5085 5114
5101 54
3559 688
9881 5412
1321 6711
5342 4937
8133 5982
6481 2855
1789 6768
7368 1157
9386 74
6745 9001
7936 5246
7075 2247
8406 5215
7989 4095
1982 3912
8684 2846
6194 5647
9933 1997
7752 285
1268 7670
9946 4812
4265 840
9385 7417
5989 5917
9614 311
3540 4289
9131 1666
511 6559
3086 1861
470 9613
8966 9626
2327 8863
7801 5534
7693 6985
5590 1500
4953 9389
2128 6928
1359 2025
4786 5109
6255 4470
667 3528
7430 5315
5163 5523
6861 1018
1603 9272
874 465
549 5318
2094 3087
8158 5768
9509 458
6349 8349
122 4176
8470 3744
1620 1345
763 9938
4269 4459
9320 1858
7804 5520
4032 1713
6618 6050
675 3904
4099 9522
5388 2000
8521 3509
2647 1365
6199 529
6041 255
8493 6042
7915 4096
3252 5325
5712 2719
7087 1084
8825 2309
6978 1212
6833 6956
3534 7189
5287 8979
9084 7511
6633 6908
7274 9074
9413 6090
8593 313
1936 743
5637 876
957 5165
6011 1372
5804 7896
6920 8804
2889 143
7533 80
6899 739
9550 6777
421 6791
6443 4998
1776 7506
2984 899
4548 5348
9476 3677
5447 8939
6473 4814
2825 1296
5289 4031
8165 7939
715 269
1537 2926
2898 4588
9351 4113
1915 4427
4218 5951
8456 1533
9658 6250
9095 2183
5798 336
8024 4207
9871 492
3006 4774
2952 5321
7430 6670
3249 2966
9579 1637
774 7757
9192 4496
885 2998
6189 9938
6875 9875
3440 5432
1120 1056
5383 1484
3177 9516
1720 2461
7284 6544
8019 2379
7810 5543
9886 8901
7745 1337
8267 8282
6473 7308
3421 8804
6702 5635
6697 5213
6753 5358
599 7026
7866 169
2732 2607
7339 5067
494 1308
4664 4124
1648 8161
2229 1524
6035 7163
1000 2095
5783 5939
2298 1683
2197 5065
6577 1608
3535 4042
6935 396
1353 8585
832 1802
2167 5471
7285 7246
4591 3855
3902 5580
1739 4234
4292 2030
2492 8209
3617 6700
2473 3631
2768 7450
4915 8139
5905 6881
1374 830
6333 6756
4220 6552
4485 5090
727 5770
3775 8849
7090 3809
7130 596
3658 6880
6096 5561
624 5788
8193 196
4509 3549
6756 1347
4332 5773
8464 4624
8532 347
2422 9062
1122 9216
9250 6474
3788 3664
4264 4136
1610 1780
7252 4258
2823 2922
3607 3915
7987 9258
7244 1379
4142 3137
1859 8147
5060 3118
8434 997
5030 9519
2268 7053
3330 2891
4625 9274
9263 9931
2356 5379
4522 3533
4998 995
5792 4684
7838 4290
8130 6849
3430 5901
4076 5722
3764 4670
3302 9347
5730 6070
7739 1402
535 2176
1187 8309
5365 765
1038 2787
8864 8489
2654 8453
1749 158
7170 8859
4060 2461
8779 3122
8002 7859
5486 3700
762 5238
6116 5237
7663 7200
6550 2073
1263 671
2137 3429
6949 1428
4983 5558
683 9415
1426 9981
2641 7714
3227 1978
3415 9731
5473 8359
8763 2435
5820 5359
1831 9345
4785 219
664 6329
295 92
7606 4964
2016 446
2188 1330
9388 7022
8313 4524
876 4635
2673 5032
5486 9162
2552 7994
3859 4652
2235 3977
9323 7100
8704 7784
3089 1457
3475 8355
3719 9189
3336 6081
418 9757
7487 970
3184 3179
2887 3464
5861 5035
5246 7615
9323 8723
1904 5224
845 8130
9657 6078
1700 6860
2284 9556
4836 2635
5156 4468
509 1633
3061 758
3451 7626
3115 8076
5573 2326
2862 9534
7552 604
6766 2075
6284 3830
5549 6433
561 9927
7106 1782
5852 4993
8474 9611
3624 6949
9781 2088
184 9579
7480 182
8093 7423
6807 4719
64 8711
6376 9208
3144 7910
2738 269
9696 2549
7205 7234
7343 7825
5930 3546
677 2631
6893 340
2711 6987
8614 9930
5747 3591
9676 4759
8843 9016
4075 3930
9815 1494
8658 6322
2445 9537
2365 2612
1165 8257
3449 7125
1788 4199
8576 3907
6275 3325
1908 7370
8694 6456
3781 1735
7996 67
4201 9085
564 3060
2725 5058
8527 6136
4279 2927
7600 1442
4368 1716
3802 3091
2694 3758
6955 2014
2067 7403
8906 2618
1277 5319
5636 4744
6555 2647
1254 6927
9574 3172
2186 658
295 8296
7844 9014
1817 9198
161 40
7008 9743
9845 5902
3062 8519
5057 9074
587 5425
8131 1807
7150 6463
2015 397
3505 5889
4842 7772
2397 5148
4527 568
8594 6722
7365 1094
4761 5577
6912 1503
3966 1083
5461 9523
536 1485
7750 8410
9290 8234
4507 9317
9167 1747
5864 5186
1600 618
3427 887
8786 2239
2312 2395
8385 7563
8077 9972
7031 8237
7044 5741
7671 9130
1895 3701
2306 6835
3479 3202
2740 3075
9247 9898
6948 8680
9704 3675
8878 1937
1508 4823
2509 6883
9784 353
395 3255
2298 4433
7072 8505
2261 9699
8685 2547
3608 3564
9748 9530
7792 2795
8767 1323
9773 6097
367 4288
3273 9695
6398 4792
6834 5102
5121 9314
6315 3605
6398 4892
5612 7834
5842 2371
3343 2794
2297 7585
9608 4005
2914 3957
6296 1117
8327 9676
2705 6439
7479 6934
2740 7221
9596 3192
1230 3892
4408 4727
8818 6480
4838 9975
8098 2346
2676 3661
8963 2204
6609 3212
117 2848
3064 675
6283 2131
4164 3360
6788 334
8743 8949
5510 4830
9513 240
789 739
93 7151
9832 123
4517 4344
1996 6692
1622 1610
9102 5169
9206 9641
1599 1743
4101 2084
5754 5176
3180 5946
391 546
6157 2722
4088 8708
9528 9516
8135 3100
3598 474
6752 8955
3058 8373
5907 9330
7428 7119
536 2891
4659 3150
3198 32
7608 101
9682 9885
6019 3470
4792 4323
3894 4595
1539 1186
2838 8927
859 3527
8293 4441
3614 2815
788 8510
185 6550
9 7347
4867 1704
5350 8622
9558 2972
6508 8284
4499 2870
3044 6396
5128 7538
3409 1849
9147 5699
5652 9269
7978 3992
7322 4549
4432 4982
7844 3938
7044 7343
3118 310
7099 2478
3478 1019
3949 8134
5333 2164
9107 7100
606 1410
2842 8597
4775 5115
1311 9491
2445 9025
1642 429
2766 4623
9749 2240
2335 6039
7116 9243
817 2759
3613 6031
6357 8062
8729 7902
438 2954
1676 6210
2708 9043
1695 3688
8518 2355
4597 352
3066 182
1794 1416
2040 6505
1800 5009
4494 8649
2173 4963
6135 4981
8967 2505
1359 8535
7657 24
1157 7064
9149 2222
5112 6634
310 9081
4491 9773
2664 6305
7333 9326
7785 4893
1437 8864
5889 7503
2646 7511
3565 9842
4246 4878
8224 5141
4208 9628
1963 4135
7950 5367
345 231
219 752
8009 43
2638 4536
2952 7515
1767 1518
8260 4576
514 9091
1718 8647
6432 7839
7949 4266
6941 9908
3196 9628
4787 1126
1203 5256
7214 4108
3445 7878
6976 1573
7887 3399
4830 6579
609 114
7294 7513
172 1924
7046 9709
1095 803
5359 3674
4925 3792
9640 7882
2892 1402
2250 9021
5542 4272
7297 428
1004 5317
9217 1198
1665 5496
1453 5627
6664 8202
7725 1385
5719 2697
5928 1795
4208 4969
5160 9504
1980 2589
5300 5652
3251 8152
3932 204
6001 8474
245 3773
6255 1365
6082 3451
3405 4450
9888 68
1752 3995
50 499
4029 5645
1753 6218
2588 6990
4461 6847
1302 8688
5974 4353
2851 4630
4472 8923
2464 5508
3421 1453
7611 1511
9883 6062
1024 4147
7302 3155
8150 6971
8266 4722
7624 1902
2703 6437
5288 9612
2869 3413
311 9208
6315 6825
1481 8256
8589 3869
7251 35
7643 1521
1930 9126
3930 4236
5127 1784
7873 7239
5075 3437
1059 7062
2945 7683
1959 4444
1452 2749
1500 986
5217 3522
2420 1830
1266 570
5528 5099
8960 5261
3293 7044
7570 9812
5919 8592
5752 2894
6325 9082
4262 1283
4227 5781
4240 370
4554 597
7312 7008
2634 4865
213 6708
5925 5339
4669 6250
7042 9216
5711 6325
5494 3846
2638 9190
8653 892
3028 2550
6462 5081
8466 4662
9908 5799
2395 5206
5210 6066
3036 4242
2244 5230
7320 9241
4539 2238
1080 5398
6422 7082
5866 1000
6078 3022
708 7117
6503 6515
1100 9994
648 2735
5561 609
2820 5600
3079 3119
5458 2053
9637 7729
9368 9513
8322 3580
403 3019
870 5964
4489 6204
6738 5344
5481 1558
2613 8794
3998 127
4241 4646
9663 4615
3787 4636
3671 7570
3252 7875
390 9848
1752 2821
2766 9138
9851 6831
9525 229
180 7883
1319 4187
2237 6297
5651 6485
9061 1107
8653 4326
2759 1619
5793 2170
7660 6177
2243 2310
8906 2394
9549 1025
6363 9678
7833 2338
7675 5793
4708 3571
2801 8025
9036 1754
2807 1074
929 6388
8414 1054
9363 1386
188 3107
7914 7693
6513 1927
3968 2621
8299 5165
4778 8616
917 8441
6096 5302
78 4447
5141 1072
3341 1811
8082 5131
813 8804
8795 4081
6651 7834
7304 9552
6851 1044
453 1912
7694 8563
3709 5020
5531 4870
994 3445
4884 1617
683 7788
4900 6393
7389 3183
8685 121
3928 6897
3315 5683
8459 2458
866 5522
6770 312
885 8446
9035 3172
8831 1052
6658 5703
2580 8752
6692 8849
3619 6461
3157 5012
7453 1139
2602 3550
9944 1079
8428 9051
7868 900
6594 9019
5757 3304
528 9309
4736 2619
7306 8642
7935 5060
5383 1104
6540 4393
4083 196
9663 6548
76 9894
9165 9791
7900 1524
2672 5575
5876 3086
782 8017
1200 1247
6784 2183
4939 768
2335 8885
2877 9009
6233 1257
2773 9692
2812 9547
629 3916
6970 6060
897 2052
1650 2151
9113 1741
2302 2823
786 3161
2066 9994
7865 8400
3037 6317
3003 4438
6509 7803
6186 3725
8430 2137
8071 1438
4906 5053
8372 7130
9158 1162
6245 5600
1016 8384
2746 9716
4993 3738
3732 4784
7452 6182
7828 3961
210 7265
6819 5429
2602 1956
6670 2487
8838 5040
3585 455
4963 745
8169 1120
6449 9557
4002 8740
5216 7226
9809 7763
9669 4398
6264 7470
1210 5496
6035 6650
5319 1087
5241 1744
5889 8211
8193 8523
76 2270
6329 3315
1516 6407
454 5197
7507 8908
117 1537
167 3857
9507 5028
3978 226
5816 9044
6749 7309
3823 4387
8295 8455
759 9504
3075 8814
6933 6125
1078 7310
4821 7725
4012 9906
9685 9272
3035 5144
9748 3045
8836 6432
3071 3088
6862 1212
9076 1762
6026 3093
392 5938
8029 2287
4555 9755
9410 6856
8823 5135
4168 2837
9261 1344
1867 5669
8465 7214
2411 6681
5649 6072
797 9039
3479 7343
5368 3011
34 9116
387 8916
1270 2427
4978 202
688 2524
9400 180
4938 6296
4435 2343
520 3219
5111 2924
5123 949
7687 968
9099 8549
3490 3968
3141 8733
6517 1695
6391 3375
4650 4543
5756 2224
3921 3892
2972 5461
791 2797
152 3750
8576 7296
4198 6893
9980 745
7439 7785
8015 3171
9393 3067
9634 9893
6787 5575
9751 9291
1673 1178
4686 9516
795 4526
5031 8511
2398 4154
572 6938
263 1455
3807 2881
1590 4899
2945 2488
4570 2164
5197 5832
5236 7217
9446 2187
4546 4983
9984 1332
8841 838
5434 4466
6300 5156
4505 9496
3581 237
5764 7296
6234 9761
2041 6389
8811 3400
9244 4251
5380 1948
6523 2179
9483 4733
9891 8521
3714 4414
4025 4155
714 8950
5633 9900
6652 3921
4321 9651
8316 1028
8761 401
4628 5999
7919 4383
7212 7969
6032 3678
5752 6937
384 8366
774 4777
5733 1621
6369 3027
9420 5262
6103 7214
5783 7086
8284 9144
8471 2456
9700 8695
3199 1439
5222 2083
12 199
9388 4626
4800 1194
5372 1769
5109 2732
4051 2690
250 9426
2548 6530
1068 2264
9944 4469
6567 2746
9462 884
599 3565
7846 6330
8634 4391
4558 8821
6863 33
136 2366
1537 9127
997 4507
3851 8420
1607 5238
7882 6025
8267 3425
6274 5479
1601 4099
4681 4909
6118 5620
9410 2315
363 1817
6117 4132
1578 7502
5578 4498
2680 241
3361 6138
1018 5509
4808 9517
8591 5818
3561 3888
1644 6812
7233 8033
9620 4413
254 6681
6216 6621
7947 4752
7913 4948
4061 6199
7865 3028
88 3613
1424 4220
71 1559
1470 6399
5285 25
3603 4628
7376 5948
4723 6559
2771 4760
990 2409
9612 685
5390 5306
7365 2580
3420 7293
4934 1553
6357 8467
6306 9263
7405 8999
6205 5279
4131 5756
4085 4340
1834 1872
5580 9109
6339 336
58 3423
2800 1191
9227 81
9022 1753
1001 6148
1165 4082
218 7285
754 8669
6990 6284
7142 3083
9895 4512
7075 1519
7196 515
5722 2576
5402 9644
7284 8581
1608 4447
1330 7649
7323 1403
7004 7218
7725 1747
5734 7052
5509 6195
8559 5291
8879 7296
9271 4335
2347 8876
5953 5068
5500 2322
9587 804
4233 9873
2125 4547
3303 6214
7604 9955
2499 4303
1530 4582
6628 8357
4904 2527
5019 4750
6648 9888
4726 3752
6056 7966
6330 5228
5606 3974
3555 6591
238 6238
3578 5504
5576 9993
9707 9875
9122 4994
1223 7858
3207 6770
9517 8565
7393 8209
5107 850
1184 2976
7929 2760
9030 2398
8394 3484
3097 388
3928 3383
2307 4600
9465 1312
3548 4624
1949 3679
8274 8792
9463 5011
4944 5119
2803 8645
8728 985
4384 1149
1150 2560
8496 2299
6727 1785
8261 7426
8567 2497
1225 8679
994 7601
7978 3958
1276 9589
9509 887
7573 1363
3244 5025
9592 4207
2078 7601
5660 2846
3706 2586
3648 8476
8428 1336
7665 6222
3422 8306
7419 4291
8594 1993
9408 6473
450 3339
2222 3275
262 4451
7552 174
1621 3694
835 3788
1871 7468
925 7136
9021 38
6061 2973
9236 6655
1546 1127
8698 254
5619 4442
790 3950
5082 7672
8973 3498
4947 9328
1325 749
6262 3285
4864 5891
5772 8667
5977 8261
7637 790
3899 6268
2055 7088
3072 4793
9869 5227
8576 2504
3506 2788
1832 3526
2415 8135
1731 7985
5307 6727
7146 4207
2743 9324
2289 9036
966 500
5187 9069
9699 3748
7090 4492
61 8014
7097 725
5393 3686
2411 3942
6873 9280
7794 756
3852 9142
5077 3047
6246 2228
3687 8658
1197 2712
9740 6927
3248 233
733 8010
5581 3449
4435 8603
560 3009
6211 584
3028 9701
611 8184
7940 9367
983 625
9272 7338
4938 5079
7468 8786
8441 5322
9848 868
8954 1004
3105 2090
1303 8641
362 8293
1784 5220
9817 5954
5854 3188
413 3059
6119 4708
3450 1588
9336 457
9714 9600
3615 3866
8639 305
3729 3026
9341 8648
3032 5245
4717 5718
3408 8057
2444 9565
1159 7484
9395 1997
1372 6009
4905 1017
8706 5414
8105 730
9670 9882
9544 8340
4749 2528
9246 5019
9267 9235
4108 9728
1176 7386
9610 3271
2524 8101
7730 8908
2657 6330
7341 1257
1856 627
1963 348
1197 2051
7265 9633
2011 2465
75 1375
6378 3513
1475 1887
7494 9585
6819 2392
7529 2785
6813 9302
7740 3057
9444 5830
8070 5593
5376 8737
8106 8405
4954 3174
4884 2595
5697 4594
5161 7420
7163 9219
1325 9034
8021 8996
9833 9666
7000 520
2055 1451
7251 9937
7704 9777
5872 5530
54 7268
8048 6680
6151 1712
2182 1801
1916 3337
3369 8583
6457 8073
303 9347
995 4089
4822 7036
9645 9102
6684 338
552 5627
8246 9108
4206 298
3116 3573
5978 4228
7377 7151
2290 7011
1513 6343
426 3690
7870 6046
1313 2443
3814 6747
4094 7328
6478 54
9477 6049
1234 9773
2758 9471
727 9371
3668 1976
847 2253
7012 9756
8867 9687
4598 8166
4390 5107
5034 1879
2183 6168
8957 5987
819 9705
2580 8786
534 9228
5449 2373
4473 8586
4700 9448
5231 3499
9640 9121
1433 736
2470 4056
1317 8242
2759 4397
8004 468
2432 3394
4243 7777
5145 6470
9063 6152
6472 4135
1701 2016
1387 2391
4497 8295
6342 5441
2228 4717
6267 307
2012 5501
7318 955
5042 8189
5967 3798
3036 1582
6829 1596
5231 6805
2412 4844
8681 6589
907 5492
2298 9866
1927 5970
61 3905
3176 9508
5741 485
6499 3334
4586 5119
7482 5235
3780 6889
2595 9074
5837 9745
9354 3770
8338 1103
3207 3344
7273 6918
4478 3140
8022 3070
6850 4068
4947 3745
8987 9040
4966 8187
3758 7098
2979 9867
5885 9024
4050 9778
4859 1796
590 5145
7593 1872
5008 4862
2164 8654
8392 118
7727 191
2046 1417
7626 804
963 1178
7725 3165
6215 4815
8901 9594
4565 8634
8428 5385
8122 7164
5887 8623
3055 8232
5116 3141
2569 3793
3917 1557
6443 1155
5902 2956
88 8616
7051 3827
8887 6417
6146 5702
6990 1823
8241 7847
5952 1041
5886 9912
5996 5704
3426 3110
4097 3825
6048 6158
7381 234
6036 6025
9173 5601
104 6312
4090 6674
5573 5425
1693 1304
9486 1294
9074 5005
1406 5174
3985 3459
4452 7174
1074 9316
6218 3901
924 8713
7345 9750
6970 7979
1196 1861
2657 6287
5969 2555
7831 3116
9663 3663
104 4213
3674 1947
8649 8512
163 6518
2876 2891
933 4155
4067 9974
2251 2936
7760 4055
3439 127
6135 8927
9669 5887
1364 6372
8932 5344
1680 6023
3455 7614
2146 7965
2427 1914
3172 5732
9025 9487
1169 6015
6731 7337
9550 2934
6477 894
6550 8326
174 1854
2015 3800
6184 8331
4490 6326
8668 8617
3674 822
8315 307
5237 2647
9767 9587
7475 7763
2167 2153
7807 9105
930 4471
7271 7684
6353 5981
856 4970
2079 2076
5414 2949
9320 8935
4044 5142
3136 6018
5808 8217
9508 2371
9083 2905
2969 8662
1360 9781
6513 7098
7057 6620
6521 8883
9377 6890
3432 5365
4348 808
4271 3591
3605 7529
9495 1642
2934 1140
5407 8437
7371 2628
644 977
1749 9972
1966 2859
6649 5040
7814 1926
1713 4696
7785 9273
4137 2050
8042 853
6926 9611
800 81
6284 1383
1764 7623
8091 9651
6487 5855
7143 5912
4478 8236
4280 7941
5633 8842
1965 974
8600 9521
2452 7998
9786 6431
6105 4053
995 4812
7563 2208
7530 7748
1502 2479
6068 2259
9063 5913
7247 3046
8212 6779
1696 7185
5185 3118
2634 8370
5522 7028
3438 9981
9769 6994
5516 9231
7252 8032
564 1235
3036 9212
7850 3110
6812 7302
7284 801
8364 9061
814 6847
8925 8934
3607 3907
7813 2236
6810 78
5437 5169
6144 9548
8083 4497
3359 1616
8663 6439
1485 9106
385 7372
6299 1850
3468 6085
7125 2986
2415 45
3926 8360
824 3431
5166 7638
3117 8367
5554 344
7255 478
5180 4569
8773 6990
8662 4797
3211 1579
9806 7440
7889 5343
8531 1804
9775 1205
6697 7680
7107 5493
422 6182
3408 597
8487 4632
4880 4896
9072 4353
6763 4319
8832 841
1301 19
2700 2043
8897 5858
5577 4285
9334 2875
8914 6493
5672 8865
2592 6606
5969 481
5302 4786
1924 8519
1539 5792
1409 5937
169 756
9879 6204
7715 3022
4564 5325
2007 8503
7362 1701
2061 1818
6403 9995
7680 4038
7818 6349
7131 9550
8614 8688
4192 8813
5290 7513
7718 6776
4763 8662
4691 2825
2753 5264
8352 3725
4679 9851
6769 5875
6405 7494
2384 8501
8325 263
2674 2666
3396 4844
4493 1445
7473 1890
1683 5256
13 2306
2959 8341
1845 3732
4700 6124
212 7799
8939 5015
1205 1522
860 9259
9040 44
3523 8220
8268 1872
7200 4094
1420 6342
7402 3028
2304 8548
3636 5404
4413 937
6500 3605
1694 2988
3593 2859
2035 459
3218 1050
9588 9981
8225 3994
2210 6381
8362 7940
9450 3805
4364 8756
5795 1409
5521 4601
3204 2409
3315 5971
1576 3483
9276 634
9687 8757
2306 80
3400 8783
5231 7720
1169 5387
5757 3475
8488 6869
3455 2457
4367 8467
3388 2294
171 9189
8422 8786
6352 4737
9669 4302
4237 9117
5132 8098
88 1933
7500 4001
1763 7626
870 1392
3095 6218
3196 3634
2164 5945
1910 771
2763 8275
4405 5884
5813 6369
9491 7928
2489 6564
7909 5772
3295 7723
4412 3264
5728 470
9228 3817
3000 9108
1594 1245
9589 8953
7277 1540
9225 748
7162 8510
8456 8313
7910 560
5924 3925
2176 7054
4715 7182
1714 9347
8943 2730
9308 1670
2872 6460
381 3434
4782 663
3477 2980
6126 7129
5761 8240
3540 7417
3253 8963
890 6899
1658 1006
7473 8753
7638 338
2139 472
7051 4492
3206 5431
1808 4076
9611 5975
8459 6408
6714 5406
9967 7048
742 2772
7167 5291
4997 929
8444 541
1879 4508
4884 5139
9292 3401
8995 6446
6279 3115
622 7258
9665 4780
3853 5418
2982 7293
8669 7283
4104 9601
8710 5554
4496 2015
8341 4386
563 128
7322 9903
7017 2109
3311 1053
2184 3019
5653 9859
5125 4776
7734 4364
2138 594
731 1964
5959 3976
8595 8540
7036 250
9329 4103
2727 2275
3751 8337
1251 9304
9008 6796
4186 1130
5473 1868
3407 886
7688 9909
6501 3055
4718 9711
5471 1591
6788 3094
642 6256
9517 8844
9515 9884
8884 5161
334 5039
1869 305
1281 4373
4455 1397
3667 1585
3228 2825
2397 5106
298 8251
4932 3150
5244 3235
4420 2360
478 514
9102 8531
4467 1114
8466 1492
5597 4168
8316 7304
6585 4220
1957 7492
8164 6543
163 7748
7786 4550
1700 384
1844 9901
8527 2602
948 9828
3457 6664
6245 4123
4883 4054
9066 5242
8552 5285
9310 907
9056 7892
7104 5637
113 6223
3333 5656
4357 6974
4682 1224
7513 6678
4398 3288
2221 2620
8253 7377
9656 3117
9055 8636
5370 5251
2991 6786
1264 8949
237 4713
5508 1532
4159 1451
2766 3587
3166 3226
154 6838
776 4421
6643 3757
5655 8982
7836 6456
2347 3039
3141 4731
1370 5919
3814 8257
7889 4012
9997 7353
1848 9425
4357 9356
1498 9827
2561 1658
9298 8114
1645 7506
9618 4749
347 41
5870 1198
8313 8659
5618 8933
1194 9427
912 3633
5761 4949
8584 9332
4773 3421
8484 4019
9282 4114
9202 233
3901 425
4770 5594
9286 7555
8483 7913
5086 5560
2094 4542
9713 7607
8877 7927
8321 8147
1353 1255
4070 2155
2458 1499
247 3114
4420 8775
5047 7868
7036 2122
9729 1497
8165 5182
204 9268
2366 9481
5939 9952
8510 4729
8255 3736
8698 2368
222 3484
9403 993
8283 3734
403 5298
855 7559
9979 5075
5299 6220
3821 3975
2225 2252
2869 9330
9653 6344
373 2724
5627 4662
1643 7168
7391 3621
9974 3197
7105 7698
5832 7665
4622 2178
1947 4992
970 2566
8060 7059
7297 1753
6987 8001
5676 412
8062 6101
6717 3234
5743 7744
4089 3974
5453 7627
2656 6031
7415 8391
8518 4504
8087 2380
7585 63
2363 259
4911 4000
8 1977
8439 5443
3126 4443
886 1404
7699 9614
9970 3167
9822 110
3044 4678
1350 6745
202 3759
8689 7424
3720 261
7359 760
4985 5617
6053 6795
299 6158
9403 3420
9045 4448
9823 4158
7554 5977
4569 4428
9708 5910
9805 6617
79 3747
3804 5843
5226 4299
9225 731
2431 2289
9725 8543
3925 5943
8692 6368
8234 5531
6394 4186
8273 2686
3152 9504
1757 7933
7016 8875
9541 8556
6911 6477
306 9528
2549 2788
5404 7745
664 7118
5008 4688
6588 8622
8981 7135
1331 9364
9476 4472
6487 2138
7061 9378
1408 6874
7999 343
5635 7689
5591 3920
157 507
3590 7544
4665 7195
6263 4680
262 3057
9501 8243
3586 8118
9714 7987
6385 5295
1304 9847
3428 4127
6807 2913
1841 83
3935 2627
3496 8330
5183 1240
3216 5741
5215 633
4809 5937
3403 122
7428 6147
4763 52
5235 4532
4250 6579
5723 7599
494 1583
5338 5444
5136 6265
6587 3819
5329 79
89 5178
1804 3304
7484 8116
603 3339
1311 9777
5711 5366
6361 9025
3244 3035
895 2021
9029 9672
6076 169
2395 6816
6722 199
8618 184
7661 9775
364 5985
8530 8444
4510 8047
8384 4124
7585 3555
3267 9755
7383 5196
5072 3520
2198 2692
4206 3068
1114 6533
2331 4493
8474 5053
3976 2886
3891 1288
5214 3182
1690 4849
527 3914
5679 2238
7350 5010
9911 613
8841 8624
8668 818
6016 7054
4596 7757
3570 4982
1849 5383
4614 6997
2115 2054
8030 8386
924 1139
7597 3377
9643 6815
6190 5998
9551 6688
1157 9507
8355 1029
5449 5301
1269 9177
5780 7543
5466 1914
2091 3601
4532 1409
7608 1321
9148 8788
2680 4574
5022 1005
5449 9143
6738 7394
6996 9954
6001 8613
2069 3315
7414 483
8961 2941
6822 434
2235 4038
3573 320
8220 7762
3715 7618
752 2950
1048 3608
1879 6411
1247 5491
347 3136
1067 9391
5992 3806
7011 5900
7601 6697
8349 926
831 8452
3521 1378
1158 6176
7829 8572
1693 8606
1014 9980
4851 5305
784 6476
419 3164
7261 1929
6775 2713
5064 2411
7028 1529
1262 8402
5155 2100
6868 321
8619 6397
4898 8944
1928 6103
1379 1230
6148 8915
6614 3903
5246 3719
8782 8645
9528 4636
7420 2436
5456 8642
2318 8707
927 4051
2425 8421
9280 5137
8563 2725
1313 1467
6774 3570
5383 6143
4627 2398
2509 9330
919 4426
6837 8131
3382 5077
5241 107
8921 5238
3377 3334
5764 8620
3593 8275
1754 3885
9772 4003
8975 4026
350 9443
2895 766
1668 4502
1667 9664
4444 3904
3703 6708
8257 1469
2793 7491
6113 3079
5207 446
842 1955
3112 5962
6826 3957
9636 4175
4653 8107
1226 4204
9181 3741
5770 7452
5607 7346
8922 3128
3455 3282
5349 3942
9476 202
4495 4727
5639 9690
8855 5984
5702 6631
1133 8933
2622 4579
7507 9482
9747 5311
8949 6844
8170 3903
4048 4151
6005 8963
3243 8382
4237 1864
6999 1357
4125 4310
2974 4672
8635 9248
4655 4005
7895 5021
3809 3550
2595 6868
1448 3460
7467 7130
4342 1518
8332 2154
2455 572
4556 9569
9992 6686
2251 8545
5150 7017
5945 9945
6792 3859
2437 5826
1860 8761
4556 418
6919 1200
1407 2688
6072 8552
7374 4803
182 4932
2169 2132
3417 7509
7609 5604
9006 8138
7465 5688
5123 4573
8733 8655
7124 93
6659 4604
5527 5584
9367 9706
9729 5584
602 1369
5949 3160
305 4180
6600 7413
4425 9135
9900 476
5732 3285
6606 3402
3362 7894
3326 7454
8983 781
458 1290
8673 5439
8724 6494
1279 8114
238 3263
8548 3047
822 6091
2538 1405
1893 6909
4344 6904
2332 9980
5933 2343
3130 2829
748 3128
5541 7633
3832 6787
1235 5292
3563 378
4810 5207
7867 9263
876 4908
3668 2722
4997 8025
9707 2416
4915 3212
6137 9390
5465 8066
3514 4365
1408 1310
9993 892
8176 9725
8031 1175
9981 1638
295 907
7479 5992
7297 1048
8823 4263
9519 4080
5676 7559
808 3889
829 4838
8147 8747
9323 1005
5698 1514
2028 1582
9056 7309
9069 4971
2573 1093
3137 6411
7701 8122
7159 8729
7046 4141
5528 9537
8 9347
9741 6453
8143 1821
5199 3024
9881 2060
9096 8597
8380 8397
8004 1654
6114 3691
1445 3235
67 9148
6506 9518
8649 2234
1249 8597
8026 8149
1441 3088
6650 5036
7783 1477
6511 4854
2621 6502
3241 5965
1219 3592
8168 4252
4234 5340
5988 4217
6546 6567
4731 7105
8920 480
2260 3155
7886 9967
5386 62
3660 3440
2132 2031
1404 2990
2585 6147
3185 5580
4293 4498
7358 4861
1943 1614
2854 530
4828 3236
5894 1062
2875 1466
8834 8911
8072 5191
4995 6359
5455 8222
8052 5881
504 7180
9549 2005
1308 7623
8271 6643
9661 6781
2585 2251
295 4979
2288 7025
2813 6694
1454 1376
47 6875
3445 7836
6363 9878
186 746
634 5222
6999 1552
6704 8137
9397 6630
5970 2324
7073 6517
7957 9367
261 4712
5831 8526
4020 90
7988 8444
7036 8467
3032 4712
2919 5550
7390 3680
103 9925
6376 8918
537 2517
5477 7694
1541 2147
3761 1990
5594 7496
4801 1565
8866 2231
6981 6818
1332 8906
8724 1406
5547 8819
2644 2075
3234 5447
3358 2716
2866 1966
2837 4487
7800 6515
2229 1892
1352 1749
7351 787
5829 332
8634 6738
8894 8466
646 4983
4675 9235
2157 1731
523 1878
4680 2506
1417 7611
1588 4705
6197 4669
5806 2464
1412 9688
8805 1702
8982 4664
3873 2993
2283 2346
6022 1590
6243 8889
2844 8516
1655 3448
5879 5521
250 7237
5214 5925
7612 3334
1285 4036
6862 8310
4336 4370
312 1156
7162 3311
1901 6528
9480 1161
5281 420
962 5240
2605 3296
6270 6344
4617 7299
9854 8439
7855 5772
4504 8965
6101 6339
2361 3978
4713 8926
9317 514
5083 1431
6248 6847
2282 1293
5091 7110
1525 7390
3593 7087
2856 5730
8711 5390
8703 4167
3628 9301
3550 6738
4724 2975
656 76
1329 8992
4689 8363
4563 3259
5941 9991
1931 1921
1901 2227
1091 3222
3556 5797
2002 6910
3634 2088
7643 3338
4648 6913
2276 4149
1397 5654
7608 4084
2391 2289
2477 4573
4102 9676
5636 6443
682 503
4457 4817
682 8691
7976 45
5095 7990
995 9811
7677 6986
3756 6596
7156 6740
4002 8941
1954 5459
5247 5951
9605 2242
5635 1164
7177 4670
8532 7183
3925 6601
1413 2387
191 1442
8448 5666
8024 7836
2125 9306
2256 3744
9908 9995
4033 7532
9083 6166
3038 4091
2047 1672
4081 9278
4062 4227
4618 9365
5035 3720
5361 9055
570 7155
4505 7588
5687 1216
763 8120
3809 3467
4997 6742
5577 843
7360 9635
1260 5047
9327 9109
2987 9512
7582 3988
9177 3430
7325 2946
2881 1382
6633 8867
3592 9708
1642 5870
693 4479
8610 598
3724 3794
2352 6024
8723 9272
9515 7953
1909 7872
8919 7478
2288 9315
3822 9666
1646 6242
3443 9556
3811 8200
8313 2221
3175 1225
7976 8843
504 173
6118 27
3813 3870
9659 8976
2433 481
3348 1137
2979 2601
1563 5943
4288 4003
5984 6181
7552 9
6782 7590
3662 4870
7211 3363
2557 4713
6596 3368
7194 4449
2215 3280
6484 5494
5771 6595
3743 7438
1761 4586
2543 4731
8953 7436
6756 3843
4426 1835
521 8703
1075 1262
3178 4171
4757 5996
9616 7193
6137 2536
9784 832
8128 2899
5672 410
9309 1173
3420 4473
7771 3747
9280 9020
8594 8809
1863 5881
3224 1788
8855 9618
3319 1767
7175 8520
2576 1148
7956 8339
511 6069
1308 5981
5282 8696
8497 7412
8465 6542
7697 6053
4272 7531
6752 2320
4833 3031
269 1873
2152 433
1383 6372
6909 8040
3087 6771
3813 4169
793 9325
9278 923
7824 261
3383 4372
8138 9865
6667 2575
3524 9071
6859 1144
1827 1341
6563 7268
5356 7110
4151 8805
6433 3586
9159 3255
7026 6367
4754 6659
9766 6538
2286 2263
4435 1411
1154 8314
1417 2680
578 3689
1816 1663
9867 4238
1446 6515
2600 5614
7062 4747
9772 8257
7279 3187
742 5842
4109 9095
3611 2054
2692 4012
1012 7415
1604 6562
6670 4383
1584 2753
6574 6280
8741 1485
3401 5001
7871 816
1126 3894
1706 3291
4296 9659
1662 8598
857 2538
2669 3250
6375 5288
1406 960
7249 5030
7628 7679
24 7639
7347 1147
9609 6374
8028 2261
2469 7186
1915 5359
6593 6726
9446 2263
4804 4676
1472 4676
4718 6803
2303 3578
8696 155
6626 3841
7223 9708
5472 4999
2161 5908
944 4560
7721 1606
9435 9079
1738 5054
9566 7166
7099 5939
8846 4901
2352 2107
9712 3823
782 8224
2262 3958
7415 841
8998 378
5238 8229
8556 8322
7693 680
7408 8601
3491 2697
6227 9329
3232 8800
1620 277
3265 5148
8918 5712
7472 8839
4747 352
1398 6023
8368 781
1062 9569
6750 6397
838 3393
1474 8584
3011 4364
3231 5397
9697 7544
8602 1152
2132 439
955 6827
6764 2639
140 8296
3195 8847
8991 2
969 2160
6559 7242
8663 6395
783 5465
1742 3663
417 2221
5594 7113
3479 3160
3792 5735
7208 4609
8817 4933
700 6656
1518 3383
8639 3949
9528 1510
8322 8692
8693 8764
7550 5210
3125 4773
5562 9985
6974 7877
4958 3695
7649 836
421 8336
9658 1233
1488 7723
7396 8562
659 610
3825 9072
1888 6771
9393 6501
2923 5610
9092 1339
3929 142
2037 1388
7146 46
3335 8570
55 4957
6945 9816
522 2234
5408 8562
8238 9623
4555 9195
8864 4836
3636 5017
7085 902
7102 4220
7677 4336
4783 7461
8268 7758
6133 7098
5148 2244
6375 2671
1737 9579
723 6922
3048 1054
4121 2975
9712 1960
8719 8669
9808 4308
8527 2498
9338 1844
3211 3159
3776 6081
8048 4572
5960 7947
8725 9102
1840 4575
6148 3848
2000 4369
3375 1127
6605 9553
336 1340
5864 4466
4187 7018
5706 6225
8421 1657
6365 2749
5995 4623
8653 7030
5741 1119
2257 8711
9066 9963
339 4202
3166 1384
9665 908
2478 1352
5754 3120
1774 7442
9306 428
9789 3044
8184 2316
1684 796
7235 9039
5886 6833
5539 8110
462 2705
8791 5484
2356 9423
2863 423
6947 7694
7815 5206
2442 9850
2512 1704
7547 9797
3916 2114
3144 8261
1711 6935
1794 1993
9464 4238
9785 3214
9399 7610
4913 9068
4808 3218
6358 3665
2984 6362
6694 8717
7108 211
7343 1484
6590 5912
2253 8737
7075 9313
7631 9075
9831 6596
7646 832
4976 3167
815 8022
9524 3348
6454 5964
370 8500
9830 5973
4080 4131
4401 4791
4242 6724
4788 919
8799 7921
2521 7979
1187 607
3341 9828
2841 6470
1728 7776
6246 2720
4468 2561
3776 5485
6988 7953
2652 5939
7785 4492
5548 3186
8446 1864
2943 2852
3853 4870
6622 5468
9810 5770
351 6251
7320 6189
7258 8972
5164 6616
3627 8836
1899 221
1449 6796
579 9142
6781 7080
6505 1811
1537 4239
5690 8571
2548 6523
4813 700
2306 6597
6370 1023
9456 9493
776 1251
2591 5129
253 9630
7886 8423
1587 9895
4808 4268
4175 1012
6817 3106
4426 7507
3695 2367
6825 3502
2574 5188
9708 2213
3192 1493
4949 8125
6245 4281
1421 1355
6062 6327
1072 2016
5675 8519
754 2755
3072 2573
8043 396
1322 351
2914 9753
6692 643
6692 8979
9670 9117
2986 2709
3893 1300
5538 5599
5298 6650
8474 1411
1464 8518
7950 8046
2091 6987
7184 1641
454 7197
6793 5546
1903 8083
3926 1252
4569 2944
3764 9229
8929 5138
3759 5630
7237 8584
1608 4340
3647 1671
800 9564
2594 4673
7196 8938
885 6172
9225 384
1450 7408
2149 2143
6996 7909
4622 5265
9085 9808
6677 4673
3042 5501
720 5614
6449 5126
4014 4731
4182 6106
7553 1326
9620 2002
1674 2128
2566 4950
6664 7627
793 6828
8335 426
9105 3335
9237 6993
153 9872
7044 4049
2521 7964
7778 7094
3690 4834
6323 5255
5432 4890
2064 6902
6211 1181
1419 1215
5614 5658
3830 7168
6751 7358
9420 8577
9320 9709
4274 53
4015 1150
2298 9614
3333 3656
1685 8407
9943 3639
9536 2629
5892 9084
4226 7043
7808 7798
4968 4408
8736 713
455 291
1993 4541
8613 8734
7446 1080
9315 4626
6468 3885
3035 5300
4831 7184
2165 9323
4184 4681
8924 9636
5836 6663
889 1921
6188 226
5255 4901
5208 8921
941 966
5012 7059
2695 994
8880 9698
8716 3138
4321 3528
5444 1661
5273 7489
3924 9782
611 4853
4301 168
7965 9502
3173 7249
8003 3018
2942 2336
5519 8997
1310 2538
983 6513
5089 3539
8169 7539
4582 4768
2431 4859
519 8307
8693 6349
470 964
3097 5170
3444 4523
9134 7247
8080 7917
7707 7157
1739 4115
6119 4288
5195 7503
8012 2471
7024 4862
7285 5899
914 1117
1820 3578
4483 949
4576 1667
387 9214
8996 3781
7851 8511
8878 3123
8655 6846
1287 1942
1491 3397
5988 6627
5715 3245
3756 4713
8639 2189
5270 2403
892 5702
7949 284
4692 3694
7347 4476
1277 7248
2312 2469
6378 8102
3915 86
2840 9389
2896 5085
6218 6373
7018 4434
7910 5947
8955 3859
6957 7126
9381 5724
6424 5276
6654 8042
5613 4273
8834 6771
6621 8829
2095 810
1857 1668
8970 3971
6433 5326
1616 1854
6544 885
5718 88
1546 8353
4055 3468
7440 6834
4084 4768
3256 1651
5026 5820
3247 1650
4930 9370
9315 5831
7265 2912
5871 4701
6451 3840
5921 9201
9036 6273
7089 3587
7279 7759
7858 2247
3778 973
8749 8431
8341 2893
4606 3483
5410 4296
1142 5098
4266 7420
4022 2188
5385 5329
1068 1239
5444 1657
6989 7830
6652 831
4943 5287
9376 7516
4539 4036
7642 7853
7177 994
827 2687
9708 1827
451 946
3655 4570
662 676
5492 4529
1158 7542
8282 3425
4707 8373
8509 4408
9892 6883
7572 9640
2211 7473
7954 3917
1633 6210
9874 5260
7832 2141
4593 8384
3335 2986
2014 1641
4527 573
2337 9367
7622 1769
6999 261
6318 6586
345 1871
1069 5329
617 1410
2251 940
2931 1253
5155 806
7219 5008
6932 4798
8989 1360
5163 817
7435 4966
4700 4865
2682 2262
4557 6323
7629 2431
5872 264
3838 5749
1640 5753
9633 2024
9680 4213
4567 6027
7919 2638
2563 1039
9928 788
4505 4048
1307 1724
7607 1619
980 4069
597 5114
9416 8062
1049 2064
6443 8019
6490 794
663 4832
5605 2583
7925 5356
3753 269
3491 2690
6725 901
421 2849
1780 7874
7026 2424
4008 2201
2155 2919
5791 3656
2585 7185
4964 2617
7327 3032
9217 4378
4107 2743
7732 6956
2893 7357
7472 5527
1511 6179
2593 4707
6491 3329
2293 3836
2340 6133
1092 5042
2838 2875
1425 8527
6580 5395
3663 6060
9811 1871
4081 3046
5201 4776
1094 3475
6857 4974
9559 5448
5370 3927
1562 698
348 1306
8630 6230
8876 4270
4139 9642
5409 2224
6906 7671
8122 4473
6494 2007
1286 1223
4868 4129
2919 5040
9500 7057
2045 7494
4118 3747
1271 3980
830 6174
928 5057
874 571
3033 4670
5560 9922
488 6626
6595 2745
3918 950
6011 4158
7609 4585
7015 6253
2818 2950
9959 7502
7574 8084
6777 396
1351 7727
9047 3671
396 294
2104 6480
8229 8442
9696 724
4703 6736
7062 1430
7887 4824
2371 3623
6906 6435
1375 2336
6767 7375
471 4281
9394 9227
2992 8844
9318 8608
1973 7891
9126 6881
355 5027
2513 118
6 6937
1773 4619
1681 8789
4493 7426
5780 6543
1084 5542
9350 2224
9121 3717
2815 8481
1202 5783
2030 5264
6563 9888
2197 1849
673 5540
7057 9734
4424 2825
4504 8806
579 2081
7961 9625
9727 5928
2728 9205
1502 6028
206 6567
7482 9531
9018 3696
1579 7752
605 9587
1311 9629
9924 9507
7893 4949
9437 5923
244 6436
3066 368
4991 5585
3147 2685
441 1365
3945 4881
2943 9786
9192 5157
6327 7851
4785 7967
9605 6522
2978 4577
1463 2970
7420 1856
6776 2326
6591 2560
6562 9883
878 3018
1746 1499
2682 1770
7901 3059
3553 3592
9510 2574
350 7024
1693 2708
4383 9565
5684 1122
505 6546
8713 917
8862 1426
60 1306
2555 7457
6262 4115
1274 2164
695 125
868 6686
8911 2936
3713 3388
1532 4433
3857 9936
6448 2592
8410 4351
4953 1854
7327 6473
1905 8807
9863 5286
7523 2688
4814 109
3672 880
406 272
4708 2077
1097 8264
5900 2180
1443 9007
967 9042
5358 153
1305 3457
6816 2192
3865 2209
1230 7306
904 1255
5644 7447
5392 291
2047 7646
6809 2299
3888 7076
787 6651
449 8965
7913 1872
1029 6406
2251 4933
7449 7482
9954 713
5809 7284
8661 7037
9649 8732
1050 5554
7628 2532
680 8999
1290 1618
6604 9087
4615 2765
9956 3334
586 3001
6054 2634
9451 7402
3456 3598
6351 7595
9195 4234
5331 2885
7243 4074
4848 4858
4905 166
4923 3354
3032 9464
7201 933
2407 6857
5670 5593
5131 8967
6844 3912
8825 8685
1714 7053
81 2763
3569 7769
1065 1471
7869 3456
9517 2807
9317 4859
4737 4741
3497 8155
7321 7628
2983 7520
2606 8938
9501 7911
2409 3605
8452 3906
1656 2350
5419 3424
2949 1615
8273 6119
4827 1269
1245 4562
2585 534
1613 2141
6197 4633
117 7272
9372 3898
1515 4424
2718 2264
738 7576
3442 5918
9817 6499
5629 7969
7503 6495
9585 4987
2574 681
4105 8264
5197 6171
2521 7395
1413 3461
1208 4731
4281 2405
3196 2830
8806 1891
3005 8522
5781 863
363 8931
2972 1983
5017 5024
2028 4142
9090 9628
5491 4855
1542 3318
2651 7786
7573 2308
3729 2067
8904 2265
3271 9384
3831 9094
6918 7002
3899 68
8130 3198
1281 9742
5450 5031
3575 7900
4312 1715
9567 8320
7477 87
9142 7477
8948 2984
6922 5314
7594 3144
5216 5509
2849 5157
1569 3220
4055 6933
3599 4373
7218 6581
7022 6152
7956 6169
7126 1023
5762 2814
6616 8050
2129 588
9437 2369
3811 6256
3362 7189
3166 5182
4544 9321
3290 2352
6799 8818
3064 2854
7789 933
9030 6366
2605 8433
6374 6532
6815 2523
455 257
4283 3235
8059 8401
8014 5964
9304 7619
5672 4705
9400 6653
8524 8824
4202 4052
1916 3893
6586 2083
1581 2736
1862 5263
4986 5377
5724 5936
2366 3567
9307 1327
5450 8878
2689 1843
7484 6725
9536 5193
1286 2281
7456 5292
5798 5798
9272 4681
8779 7890
1750 2491
8106 8129
7829 9567
4854 474
4887 721
2550 4369
3371 8562
5746 2193
5681 6719
2564 6804
5402 1364
9076 1361
8697 8424
8031 9258
2942 8337
9788 7841
3392 6723
326 3228
8101 1967
5059 8192
9822 1671
2489 9317
7130 7194
6293 7141
8938 7675
7720 4026
1569 3752
7482 3611
2070 9038
84 9287
9909 7844
7636 1665
835 1066
1027 6240
4367 1527
3702 160
5157 5603
4079 6171
3177 5061
4677 6207
9131 3855
2925 1144
228 2999
9432 3129
8680 8931
852 2146
9553 9882
4696 5026
6569 3842
1605 3698
8074 4325
9292 4534
5329 6520
5306 3149
1299 6990
3639 7591
3024 1390
2603 4809
2095 3136
8427 2807
2092 2012
1808 6207
5397 742
7574 5975
9852 6222
5229 5590
9807 8960
8105 2550
4618 1105
7608 2044
7136 8229
3658 8227
950 8794
7397 4181
8835 4739
670 6298
4405 2246
8229 862
5861 6695
4385 9686
4695 9976
5823 6171
5971 1960
5481 2352
129 9203
8615 9753
6187 7148
6876 1362
4464 274
9421 9308
4624 9248
3454 4572
2845 3416
7543 1623
9213 3264
4408 1463
6721 9413
2704 2502
6897 6771
8679 2939
5266 961
5839 1192
6921 1172
1716 5034
4070 6612
304 396
1492 4007
3245 968
9478 7906
6665 3187
4317 2696
1019 7063
7623 2693
7091 7351
569 1202
5009 2550
7476 1651
3995 9039
2723 8745
7955 8757
2006 1292
362 3997
6892 1391
1224 1658
5026 6000
6830 6504
3804 6929
3141 4457
8267 8968
5754 8396
6598 2431
2331 2220
4497 40
7961 5469
2359 1923
7643 4375
6605 2213
7368 4924
6193 8986
658 5299
1211 8781
1155 3636
4066 4309
6737 8626
8029 8104
2738 7716
7619 1022
4825 5623
7882 2160
877 106
842 1536
551 7672
3985 8357
8313 8206
8642 5354
9797 348
2667 6186
4207 8694
1531 2777
9328 775
599 6748
6104 2014
815 5315
9437 4320
9982 5250
8376 6315
9556 2602
4538 3300
6941 6532
2526 9737
5248 6316
2238 4192
3759 9185
4414 384
3656 251
2994 9429
7275 7095
3395 3546
8689 876
390 9349
8490 4456
699 2502
258 7483
9333 6138
1651 4970
6931 4192
6065 6590
4652 4970
5335 244
1893 1363
7944 6294
3373 5906
2054 8287
94 7013
1551 6089
8473 2792
7668 5092
292 8443
880 142
9465 3523
6638 2817
4111 3169
832 2802
293 5285
9483 4843
4146 3824
2485 410
982 249
6461 529
3485 1893
7348 2759
8004 1041
6005 8854
1521 7523
2881 9986
5375 2189
9968 6808
9988 3977
4833 4848
8101 879
6571 2898
3514 6708
3428 1452
1668 2535
4264 2242
8936 5637
4694 2814
4526 5934
1855 5336
4525 2533
9455 4680
3659 7440
8047 6719
2625 3384
6335 2886
7778 7144
8250 1391
830 811
115 1109
4257 1455
4425 4741
7001 7107
4626 9972
4672 2376
4110 2868
3371 3804
3878 7711
5567 8707
7227 2515
2079 2966
6343 6448
1561 4092
6972 7571
4511 1732
4087 568
4245 6082
4249 885
6085 6328
384 4384
9562 7557
7301 1012
8367 4874
4624 8126
6652 5353
5122 6626
164 2617
968 7672
6816 5425
1001 277
7910 3774
3173 3013
8977 6307
124 2019
3720 5541
863 3513
6527 2130
1691 3482
8431 3753
8802 5409
2723 9694
330 6375
8443 5929
8018 8411
8579 7798
3327 8502
1816 9917
6321 6687
5859 989
4145 9911
149 6781
5205 692
2141 723
3279 5567
8904 5931
6695 1508
8410 1387
4032 703
7494 8078
9628 9101
4599 9281
9852 4198
6674 4557
3333 576
5364 1431
9916 7809
2899 1008
6278 5929
9985 6414
3405 825
1337 833
9066 7569
516 7604
3984 8045
5627 4600
6599 3474
2898 295
4191 1687
2602 6207
9650 4122
8576 92
3033 548
7374 3610
4315 7647
5939 8728
5434 8496
1783 777
7922 9480
2430 5470
1495 6491
4736 1066
5832 5816
651 7496
1612 9992
5958 8804
6131 676
14 1257
5126 4653
608 1697
6219 9858
1217 4078
1196 86
7711 7964
3250 809
2861 3282
7902 6842
625 1795
5903 3589
7729 6207
4477 5409
5706 3391
4448 562
3728 683
1317 5321
6825 9887
7933 5234
5380 6519
1209 658
2653 3743
2329 5474
7326 2077
7948 5662
9000 6760
9727 6714
152 9082
746 642
7430 1787
8370 311
2470 9434
7430 6492
1545 3051
3447 1924
6590 1745
6743 7116
4284 748
5872 7194
8885 81
3201 4878
7535 6058
6074 1321
1588 7148
6758 111
4925 1847
423 2884
7470 7320
8609 9472
4433 3747
5722 1423
6416 7992
1274 3184
7483 9222
6137 389
7982 6994
3817 8760
8357 2502
7596 6271
6596 8308
6352 2937
93 333
2498 5767
8738 5766
8789 9583
5584 5082
8646 1091
5835 1834
3940 9120
8517 6611
618 79
6071 9084
8311 2899
8953 6378
3206 3459
9105 1130
3590 6296
2012 4148
515 2955
4183 3424
3534 1559
2227 6974
1370 5282
9926 8976
3193 8672
6792 4674
1698 1618
9559 6998
2939 352
4167 6670
3147 2103
8203 6682
2034 3162
6117 2453
7949 9852
4874 6741
7823 7473
7378 3704
5335 7391
7837 9004
1990 8072
1625 5795
3349 8404
795 9402
502 8686
6392 6876
982 9128
2392 4738
9426 8317
9955 8820
72 6885
62 7428
1377 3120
4207 7295
6808 5633
1026 4625
6798 8766
4905 7573
9707 324
679 57
4859 2344
103 1030
8036 1609
3778 2799
6005 7672
5717 1643
6815 4665
3239 6142
7840 6095
2265 4360
5301 5054
2586 4000
8933 5753
695 3057
6312 5613
8478 9136
2033 9964
2605 2319
8532 2238
5447 4161
2227 3879
2317 4801
1064 1115
3701 6675
5347 5790
1887 5111
1522 2177
9856 4512
2505 4686
9031 5545
4371 7339
107 7562
5998 6075
4111 5672
8073 144
3179 9999
438 8013
7782 9122
7067 2532
1704 1076
8586 948
6094 5946
1907 6119
2028 2277
2773 6421
2804 2759
5936 7268
488 9550
4819 1747
7012 9082
8965 841
5036 1564
1133 1573
6791 7701
401 6351
4800 8598
1174 4567
9794 534
212 5552
216 2133
8768 2738
4765 9434
8311 503
2784 16
3134 8245
5733 2486
1773 4809
4014 8190
5716 1995
3364 5706
6795 6431
2806 4591
5471 1205
2319 1319
4666 1555
5046 3511
9456 8803
7855 8702
4935 7523
5966 6491
8704 8226
4945 5571
3593 2430
9212 7166
4671 3353
7396 9780
5036 2239
9136 4321
8246 6874
4271 5631
1322 3469
8618 3075
9234 9632
268 2537
9598 6488
261 1509
6513 2189
7476 2996
9035 1309
2075 6873
4704 5544
8743 1576
9664 3456
3713 9117
5711 6775
3674 8597
1729 3010
7896 3729
4079 7243
2240 6559
34 6070
3296 6789
445 1420
6391 5972
5467 7689
8723 7614
5447 8049
7734 7001
7432 2622
3065 3468
200 5935
8187 7587
1704 1092
6636 7316
6943 4069
1294 2467
5274 7286
348 8850
5779 3087
1185 9298
7300 8577
946 6050
4499 430
7116 2459
7395 2722
5912 1906
2476 9522
1364 7750
6564 5377
9927 2036
6170 9986
6171 8170
3390 7243
6151 635
1328 7812
3098 5168
3913 9590
7882 5603
5197 648
9215 8492
9573 5977
6862 7496
8898 3703
9447 7127
9751 1510
8566 9927
8884 3628
7285 1936
9773 3566
2927 4058
3460 9865
3419 6523
4922 1728
4882 4948
3637 691
288 7135
6876 1753
6911 1548
4641 396
8154 3995
6906 8603
6258 8440
5942 8876
1440 8145
3640 1920
6197 988
9809 8951
8730 8608
1927 936
5033 7177
2224 5938
3947 2830
2271 3113
3721 6075
1035 9688
1934 1442
2398 6119
7572 9717
6408 3941
8319 8073
3071 3510
7016 2636
5656 1082
743 8973
726 533
4659 9382
905 8165
8400 9679
6002 6865
8902 5844
2397 5529
7444 8653
6127 3123
141 5169
3691 4124
8083 5181
3455 9563
3948 4265
3848 8403
4792 1814
5065 3325
5486 5616
4571 6927
9808 5278
1702 5141
1874 4909
9498 2055
6375 8734
4699 1680
7834 5974
8968 1085
5141 6556
537 7240
287 7810
5321 8326
7635 9576
4364 5629
8857 1277
1697 2802
6908 2890
8905 3025
2945 2564
1544 6658
9508 1764
705 5504
6994 6226
4085 4175
53 1012
2018 7633
5466 4510
9649 9838
7616 4766
7922 8538
1345 1233
4690 8337
4539 3722
8197 6049
3644 1645
9237 172
159 8393
6156 3793
2490 1226
3134 6451
4988 8959
7351 3480
1560 7311
1660 3621
3402 8344
1670 6948
8834 5546
97 388
5970 7818
5320 5837
2327 5824
3111 970
6058 7338
2271 9631
1423 7486
8556 7575
1415 5462
1299 1041
7092 4341
8508 2190
698 6593
6756 2041
4405 3300
8106 6627
4647 4384
3614 8232
2493 7161
4441 630
8874 9975
2250 3562
3796 6983
3331 5393
7744 8411
5909 6580
3243 2644
2671 4520
7776 1602
8785 9322
8655 4216
8681 2702
6329 5092
5922 2660
5699 5904
1707 2031
3495 7364
7937 685
1894 9119
2241 8708
6148 6382
4037 8940
834 185
1011 3227
1346 2516
3315 9137
3642 7535
6414 6957
481 2513
423 226
8828 4740
3717 8110
3422 7022
6953 4303
5683 2691
5598 4688
659 5759
4373 7119
4049 8744
7648 1631
6214 4773
6870 7439
3857 3052
7657 661
6757 1494
9320 7153
6491 932
2802 306
9810 875
1151 4742
8824 6090
100 1280
402 4116
8871 1988
61 1042
6002 9984
9270 8096
910 1770
2828 5245
6181 2394
5039 6635
7462 5692
3891 2291
3497 5293
6387 9840
5598 414
7475 6225
4037 4586
8575 4786
9151 6391
5136 6197
9458 132
1470 2779
2632 8095
5611 4490
4427 4179
9778 5207
183 4314
9562 6832
2409 3011
8000 5453
2141 6098
3658 8647
1793 8977
3708 527
2553 8593
756 5505
6753 7489
4124 4040
1867 1203
6122 2863
4339 9102
5752 4509
8764 5324
7843 4829
451 3580
5607 3173
9833 6929
7740 4513
6083 5061
6740 3178
897 1300
7473 8678
140 2869
3012 5330
1375 948
6562 9456
4147 3665
2815 3250
2344 7715
6941 3483
2035 2662
8779 935
9655 9487
1839 5636
6363 5258
2584 2584
9440 7661
542 5681
3263 1796
3393 2293
7177 6464
1859 3579
3412 1665
2200 6759
2200 7113
7279 2917
8875 1689
640 6862
7482 8195
5829 7175
3999 5002
4292 5745
21 9467
3193 7392
6508 5184
6120 4390
5831 9796
1109 3609
6673 1935
5629 8533
3822 7003
7188 8629
7265 8707
5659 5878
5233 2474
7156 8909
5174 7137
6145 2890
5469 746
8383 4260
361 5898
277 7641
2219 5884
1015 283
4940 3895
7954 968
3183 1229
6136 2422
9677 2206
2039 9025
3941 7222
9201 3941
4180 3264
1126 2601
796 1091
657 9690
1608 8787
8683 1873
8450 5393
6123 8709
3504 7337
1421 4243
5664 1315
3636 2524
7274 1229
9361 248
1058 1829
6440 8447
698 6798
3058 3925
4712 9288
9500 2588
4514 8725
6821 6615
995 9003
1465 5939
507 6995
5519 9528
8339 1599
4794 8206
5021 1362
8082 7209
9389 7243
5062 7011
1062 6373
7203 1693
8458 482
8707 9758
3117 5176
3589 3853
4123 9532
4710 4067
953 7445
902 814
8343 892
5371 2349
819 9828
6853 6649
8671 8881
9689 1546
6947 7025
9414 2050
5567 1923
4002 866
3674 2010
2270 6294
1211 5269
5813 1113
9412 8711
8449 158
1944 5715
8798 6772
5538 3630
5155 3638
2123 7917
7830 5944
6294 1482
3606 708
9219 8858
7899 5133
8463 7574
7923 1823
3794 1454
8265 8610
5492 5457
7755 6627
9436 716
3589 8270
582 5110
3481 9873
9347 1739
6906 9405
2539 5023
107 6770
8912 2218
2207 3043
1916 6311
6241 9608
6014 5854
3563 2060
6033 6825
5158 1224
3706 4239
2172 7243
248 4364
4416 9315
6158 9136
3416 5028
2364 8492
3757 889
2474 6507
1166 8347
8144 3835
294 6063
7635 114
9169 9138
3891 937
2407 9756
645 3158
5962 8097
7320 4095
4493 6714
6739 8911
2683 1882
9326 7499
1024 4992
8897 1266
4711 1784
9998 6942
8868 2474
746 8918
2544 5638
8198 1950
1645 9183
6457 7046
700 1233
4377 7960
5029 8464
1102 1214
8906 5793
7286 731
6229 9537
5566 9254
3135 7844
3399 3838
6076 4482
6026 9550
767 3115
2116 1471
7200 4577
2380 4030
2871 9217
6374 8015
972 4560
4216 7942
2235 4908
7173 6666
7071 3893
9949 7845
5095 9238
5423 129
334 7051
6773 9251
6070 3803
8916 3251
5093 5190
1517 1572
28 3278
6437 1261
677 5287
5413 5148
2049 1848
8970 9910
4466 596
6478 7573
1763 2120
8280 476
9224 8170
1373 5320
7933 2468
4415 8322
3529 3384
2797 6812
1379 8636
6491 8752
4363 4497
391 1002
5781 8432
6037 2116
6715 4692
1930 1355
5522 3847
435 5189
5675 7781
7419 3105
3552 9340
5347 4353
5398 9354
3775 4227
7750 4373
9173 5939
8008 2556
7019 7138
8569 5455
2192 5485
4971 5024
1134 4712
7215 6812
6250 635
2840 5909
3927 9927
4697 4597
5613 274
4292 1510
7082 7063
1151 7628
8601 9462
2033 7763
7663 8139
6129 4040
2450 1349
3265 8604
2390 8383
1553 2384
9949 6617
3766 7099
843 1468
4656 8895
8245 3200
7977 599
2388 9097
3938 1675
2543 2909
4333 8927
5377 7274
267 3446
6221 5413
6486 3475
1326 7280
6152 6503
149 6223
1512 7578
598 5021
2475 7549
1705 224
6075 233
9795 41
2285 8297
6264 1229
4074 3301
3306 6578
7882 6321
5754 7132
9390 3903
2865 5773
6233 2676
592 9216
5229 6653
9950 2218
1030 6619
6372 2179
2086 1023
3344 1849
7133 7425
6881 1045
9154 2443
2308 7157
5957 4657
6913 913
69 5453
915 2505
8797 4174
3108 9606
5021 4373
7529 5620
8042 8362
2850 4834
1635 7422
9390 1160
2795 1257
5449 3530
4360 8169
8721 9545
5412 5649
8356 8846
3950 9090
580 808
4728 8441
2583 535
7132 3860
1954 153
5640 3886
5162 6235
9974 7692
835 5640
619 4247
4879 8527
7244 5332
9223 7044
4371 42
5156 2777
4190 9164
9217 5938
1085 7108
9059 599
3550 7522
597 2143
3459 9900
9490 3043
9371 4796
6479 3994
2239 9514
9404 612
5538 8474
1475 6788
1856 5177
7231 9883
3875 5277
3329 1203
852 9743
7215 9310
5515 9576
4089 8331
9092 2324
5818 5143
634 755
4270 5420
7102 1160
651 3401
6073 2019
5246 4087
6034 1007
2794 3858
7612 1149
8510 1595
8980 3608
9550 6338
3979 2910
7596 8819
8437 7653
15 8498
9568 2393
8463 6241
2595 7197
2668 9577
2417 6725
3397 8275
5607 2305
3275 6400
7497 2246
5179 5376
8523 5791
9763 2945
38 3813
6931 9706
2727 4906
5475 1702
5327 4763
9980 1265
9413 6487
4922 8086
9804 3825
632 8547
8780 2325
5209 6920
8000 4057
1745 2630
2455 8488
2425 1804
1373 6741
4937 229
2609 8040
7496 9828
5162 8650
8222 5344
3108 6506
8609 1186
8108 655
8200 7727
5224 9658
5760 6671
8300 971
8250 9423
8096 3683
4534 6988
9607 9264
1799 7879
5465 3006
6367 6334
4655 2061
9275 2826
6696 1343
6482 4616
3185 7224
8119 7994
9439 2047
3847 1738
1487 981
8851 5609
7639 2860
8269 8358
4991 527
9337 6888
7310 1586
7884 8709
2992 6243
6585 7419
5178 5101
8486 2873
4838 4140
8037 5862
5430 4630
7937 2537
3704 7053
4949 9731
6737 7477
5828 6003
6313 9405
3952 8961
4521 2948
5504 9240
6865 5335
7520 7627
272 2459
2704 3796
2946 850
4388 9703
7907 2628
8464 2035
1601 6435
7670 6099
36 824
1860 2442
5454 5912
3768 5452
6443 3213
3619 7010
5637 9075
496 5829
6674 1434
7114 9073
7321 9591
9632 502
7578 5597
4962 227
8457 5148
2665 7702
4429 4294
7729 7277
8199 2409
7802 6615
1726 5146
2199 7346
4387 259
9142 7584
2354 961
5951 3753
1380 6742
1657 6675
334 5117
5161 2142
483 2532
7126 9201
2932 4692
199 8124
369 6960
2634 1030
7000 5699
590 2441
1562 3868
9383 5548
640 1481
6069 3862
1068 1169
3115 7841
2325 8437
5114 3420
6475 8734
3239 4642
3853 1514
6886 1923
3283 3303
7462 8849
9631 4028
5586 2362
4714 5882
1643 3212
6492 5748
6963 4982
1727 1313
4658 419
2305 6407
8370 8311
8149 5990
9877 1928
1135 1416
8737 7397
6092 7917
3232 3212
9144 459
8904 5326
2064 7252
9068 4460
8246 6767
2895 9918
9367 4976
973 2724
1667 4700
5081 9859
9797 1397
7455 3377
5171 2704
9696 9658
8974 9505
1251 5978
7435 7413
3220 6640
2416 3234
9884 5004
42 6638
4651 133
9582 1652
3382 1514
7919 4166
7431 4421
2078 3990
3709 9376
3787 5967
5125 4175
4647 5955
45 2496
4833 1596
7574 1442
5237 334
5678 1889
8336 3516
6123 4383
9182 5080
5459 3507
2513 6182
5063 6824
4374 4507
279 8111
5082 8333
5889 5264
895 9746
4817 7018
1096 1294
9317 7523
7264 1831
5207 1467
3030 5808
8288 5168
2281 6272
6227 9997
1516 2215
3823 960
2413 9471
2281 9146
3374 6861
9520 4885
9066 1005
6882 2918
3425 3875
7209 3103
8414 9004
116 7469
6016 8716
7631 7992
8164 5518
3679 2657
8668 3814
2116 4913
7736 1280
4712 3732
7886 4478
6971 7998
8992 8988
978 1462
3052 7315
1581 1676
3909 3899
2875 828
826 6889
9927 4893
2755 7930
5948 714
5612 5096
4562 77
6055 6864
6113 2569
2648 8262
6966 6706
2690 3045
6188 3636
7721 3780
402 230
4675 8665
7491 7253
2702 5886
1283 8767
3921 5781
7302 4343
2023 750
792 6378
1891 9631
6018 3150
8306 9553
8015 9602
1883 5739
9048 6934
1978 7835
3765 7767
2299 4382
1940 3020
7466 2209
4964 3879
9638 1902
8331 2920
9079 6847
2685 5154
6531 2445
9362 4723
8065 6196
5037 2976
8068 2751
9514 859
2874 9751
6857 5545
6837 6009
3720 8758
5897 3589
7861 6008
3940 4804
8789 8525
1154 2883
4243 3928
3343 7260
6663 8365
6680 1560
6585 9589
1019 5048
2884 5327
4805 8194
1342 6579
815 3577
6946 5537
1242 3754
9701 2395
4293 2613
2441 421
3655 7632
7377 8728
9671 7470
5174 3845
3795 3860
6410 9488
5780 9128
6024 3409
1114 5392
1829 4942
4354 3204
2744 8169
3796 3321
9348 4328
4446 5071
235 7818
3759 2206
9607 2212
8160 856
5480 6172
6603 6039
6157 1343
7960 8034
6279 9438
8557 4322
8121 726
8986 852
1660 6845
5606 1124
3688 3058
92 7921
7716 5735
1243 9684
5943 7159
6009 5230
7685 1923
2816 3628
3693 777
4527 7954
3874 7575
5763 1701
3477 9420
7121 5908
5240 2548
5427 163
9465 1560
4759 2626
5180 175
7580 7674
9093 7199
2685 1141
7976 9251
5108 8027
1906 6637
1384 5369
2744 1544
6180 9161
4461 3623
864 6411
9877 3191
7117 337
314 9983
5594 1670
6064 4537
9836 5314
9552 8886
1757 1651
637 2894
3475 6461
2498 1429
5277 3170
4364 8069
3950 9660
1405 3349
2973 6662
1267 8729
2475 4475
4763 108
8334 2348
7724 3453
1776 5599
9330 6864
5017 8743
1333 6128
6077 5464
5632 6698
3741 8061
2664 2580
3055 7798
8868 9585
3984 6431
738 6412
858 4929
6871 8687
1167 9892
5360 483
2113 7755
8154 8475
173 1626
3448 2806
3311 6749
1441 293
2440 7713
3391 8532
387 3270
9806 2520
7610 4045
9203 9477
187 3593
6181 9497
3870 3712
5339 2023
2754 8987
1194 5327
2978 5141
3195 9912
8834 5828
4184 7457
3086 5969
3319 5631
284 82
4863 2452
7183 8407
3484 3141
7212 9062
8562 702
7975 7816
9916 7206
7234 9546
443 1527
3901 4652
2969 7683
5114 9832
1687 9033
2300 3597
6963 9213
569 7820
897 6916
7243 6486
3819 1878
6138 9850
6364 7996
7986 3487
9704 6147
6529 1877
2689 6547
6147 1912
8241 7603
5701 7015
2173 289
5713 9493
6910 5540
3859 4314
5793 5132
9710 2970
3689 285
422 8997
1747 6509
3074 816
5074 5569
1307 4398
3315 2409
4295 427
5562 6011
8989 3282
2654 6635
6407 2576
7304 666
6175 3174
9450 9467
3418 7879
1630 4075
4053 6281
3268 864
6142 4196
4502 191
3423 4674
5931 4385
6086 8526
6351 6550
8909 85
1289 3224
6008 276
126 9828
5665 4070
7629 4171
4976 4783
550 1723
6563 1768
8711 7694
1905 4631
8612 5137
4065 3765
6968 4853
2570 3840
3139 1830
1901 9520
7796 8609
290 3756
8277 5414
8076 721
8315 405
1427 2676
6834 3940
2652 9339
6564 2251
5497 2862
9889 9644
4415 6466
4403 2752
243 4712
6012 1302
3032 3458
5906 7762
5619 4523
581 9314
1471 9834
8267 5963
3654 9291
9689 3654
3734 3022
3078 9885
7770 7170
8312 7000
8514 5909
5581 8041
224 2878
7979 6915
6416 701
6628 4171
6749 1018
5712 6683
3627 5905
8885 4679
860 584
1689 2706
8871 2342
7806 8331
8508 4327
8721 4148
6172 5448
4789 7986
7275 7187
7844 2163
5933 8584
8373 3248
3894 9961
8238 2003
4351 958
4899 7190
1564 6562
729 1408
4555 3857
5565 8748
1768 1008
867 4531
2286 616
2306 6010
8277 1283
7761 4546
1090 7035
6552 743
8058 194
1973 7909
4344 6473
9636 2040
9128 8910
8454 3829
9065 2758
2904 5680
7806 2211
7738 4209
9047 9927
8101 5555
2393 1885
7732 8024
6722 3837
7807 8426
9322 1094
506 9374
6355 8305
616 1397
2134 1404
919 5847
1014 6731
5566 4848
486 3339
4185 4565
4200 4957
5065 5933
1302 3238
3894 9167
2787 1745
4722 2544
1097 6651
3119 80
2071 8390
9512 2110
1679 1268
4667 5485
1242 4300
1640 1364
6145 7217
7941 8858
3673 3421
9678 5976
1524 7810
5491 3142
8961 3825
3741 1869
3683 759
7241 1689
9683 7603
6943 1007
3970 1539
5726 3118
7174 9820
9088 142
1653 840
2367 1708
5907 4021
1116 3400
4181 4747
5381 5510
6285 8997
9750 3128
5733 8117
8595 6231
4777 6930
8868 8954
2922 3329
2842 4011
8986 519
2064 6166
5106 4787
2839 5032
1184 7072
5144 3185
6743 410
4014 3997
4664 7930
3447 1575
3904 9732
5345 7524
2986 5914
1012 3075
2376 3690
463 1435
9516 5751
3826 9308
7407 6429
399 3423
5586 4290
3239 5049
336 633
3338 1438
9362 6973
6111 4342
8944 689
8308 1128
6613 8728
5450 7852
4109 3113
1332 336
5307 3168
2063 1375
6866 7232
4765 630
994 3173
1470 5887
9243 8173
5979 3116
8898 1124
2287 3894
3427 7867
8144 2798
5727 4271
2735 3236
3449 4883
2872 1661
4782 6098
6966 7072
5630 6720
5065 5126
8219 8683
7223 3592
3432 4044
8202 9398
4224 5386
8036 906
8865 2878
4159 6826
6719 9674
1821 2945
5347 8379
7264 5973
540 1404
4982 2790
8571 2797
5871 2204
2798 2045
7453 6628
9675 7388
3849 748
281 5154
6783 7569
8624 6187
5116 7956
8035 3148
1120 7535
2709 3556
986 558
5728 4421
6226 2901
7741 5697
9154 486
2788 9158
2901 1737
8699 410
5666 421
2022 6042
9871 1137
3888 1468
8352 1654
7776 8098
8011 3211
7593 5609
7151 6614
2133 8317
1542 6841
3898 3932
9042 8119
3059 9502
9125 1828
7471 9822
4309 1293
2832 1727
6525 2891
54 6303
1861 2159
6060 6063
1633 9590
2171 2428
8075 2499
6251 9959
2673 7250
1004 9529
2215 9146
2298 8755
3212 7515
9517 1412
6471 1966
4505 2242
7250 9531
9145 6673
1428 2122
2025 1210
7936 1508
9517 2174
1324 2157
6034 8548
3760 4864
2024 1414
8639 4583
7184 4944
4566 8218
504 8970
1130 8362
6071 1018
985 9442
3163 4678
75 9484
5787 4034
2849 1686
5250 1122
5973 7037
2636 240
706 6189
4213 9535
1113 9009
1870 1266
2145 6182
9357 5237
2739 9371
9169 9916
4176 7849
9435 6117
249 9061
5000 3385
8294 2972
2384 1387
485 6583
5675 4604
6684 3782
3199 8723
5617 3213
2360 4130
2131 7283
5149 20
8021 6861
9249 5464
3272 3492
8075 2693
1790 8628
7995 9970
8526 5001
1257 488
367 7167
2302 1963
9809 5370
15 4206
8369 7263
4079 9029
8569 713
3038 3963
7193 2324
5272 4644
5129 393
4913 381
8216 4358
3967 1052
9524 6425
3751 5601
1529 3038
1727 3726
7617 8912
8171 2421
9951 260
4587 4330
7105 3220
5800 8356
690 9176
5925 3346
2563 5635
954 2353
3669 3933
6867 2792
8451 6621
1970 9742
1194 9178
9510 1136
3284 2359
7247 7267
7439 354
308 7540
2187 4872
798 1893
1537 3045
5461 5036
34 7935
7895 7394
7952 7515
306 6965
7670 1742
5239 2081
2157 3870
4427 6273
9418 6756
4332 2013
5027 3859
5913 9075
207 6050
7292 7453
4541 2282
8958 2556
1542 4122
6539 3712
3257 6134
8078 5596
3278 3176
5948 7349
6462 7890
7355 1746
7701 3404
6896 8100
3326 7179
2423 2111
6022 7170
243 8854
6212 4603
5973 7755
3573 3930
1623 3225
1915 4292
6390 8071
672 760
9910 6052
672 3936
8223 9471
333 5895
4705 3269
1769 3569
2053 115
1622 7518
3631 2734
8528 3081
8517 8241
5153 6556
8252 891
6459 4268
7119 4555
1643 2205
4677 8229
779 8571
3904 6418
5522 5293
9507 9955
8304 7010
2923 4786
3541 7947
4499 5753
3711 2878
9037 6886
2591 2257
7388 9542
2116 2606
9001 7570
9713 4565
226 2451
1388 2798
3050 9666
4532 6463
5045 8368
4198 5556
9135 9314
1702 4396
7640 198
5832 7862
7354 3073
481 2469
2335 7959
7287 5204
7813 3349
6248 3166
609 4667
7213 9743
8935 7553
3670 3013
1622 609
5440 5775
598 7622
8532 305
5187 9200
8366 7886
8072 4831
3208 7207
8942 8402
3722 5923
7016 8325
1999 9039
2145 6891
9899 1526
2843 2575
3080 1256
859 8148
6814 269
7492 3123
2178 1217
3905 8300
6102 8514
538 9731
5740 9228
4888 6063
487 9071
3545 1346
6111 2084
3881 384
7677 8501
7514 7517
2517 6748
8540 3780
5869 9426
1453 888
9237 7662
3553 8829
9850 5970
7318 9932
8774 3415
1588 8142
1332 6561
9402 3870
3755 1686
151 6941
3113 4367
5442 2400
5149 5920
5554 1909
9027 5822
7532 4415
921 4535
9084 7973
3350 3653
6770 1239
352 4992
4004 5322
2426 3133
7900 233
5470 2019
1377 7086
38 8824
1379 3486
7975 106
4033 6875
2455 5069
9066 8148
9369 9056
7417 1899
4245 4674
2500 6634
484 5192
937 5174
5069 5536
5317 479
9874 5130
1127 8410
7052 9116
820 9247
6174 3547
8829 8329
2166 2366
2301 7340
7853 6618
2108 9205
6483 5294
1791 3099
7309 4728
1148 3580
126 2756
5573 1438
481 7954
6042 1913
1641 2313
6207 5754
6008 9759
1691 7717
9950 8008
9139 8182
794 1708
664 5709
1409 3061
3832 8581
6589 6250
3132 2618
5936 2459
934 6691
6146 6500
6478 8952
4666 5428
179 1067
2582 6751
6385 9156
6920 3246
317 2125
2822 6693
7251 3561
3214 5519
2973 9847
5386 2668
2301 9282
6701 9554
6515 6476
259 6313
9293 7574
6714 2147
6376 2460
3956 5510
5774 8797
9369 4815
4283 6059
6991 9877
1588 3602
3365 3139
2137 9487
2978 1027
7637 2633
3685 4535
6296 7619
8547 9837
6963 2990
2633 5850
1978 1578
2747 9650
4613 4772
232 7853
3979 3601
1844 7638
8688 5215
2191 6796
4904 9038
8408 2486
6925 6847
4599 6787
9011 5756
3619 2744
992 8032
4152 7288
3945 9107
841 2778
3595 1332
9177 4479
396 5420
8255 5640
2901 4926
1260 1137
8586 1906
10 6903
9317 1704
5842 6510
1211 9838
5500 5349
4382 9441
2127 9066
1359 9921
1347 6230
968 4225
9700 6910
3832 7958
4087 7642
492 7072
4873 8076
6192 299
4991 4788
9208 8018
4095 9687
2150 9610
6880 4962
3796 9766
9265 7010
762 8479
7731 8936
1735 4906
9449 8620
8221 4966
3529 4161
5785 1291
6506 6250
4685 6167
896 2115
7421 2422
9232 3411
1562 287
2217 7427
1106 2766
9428 323
8315 2478
5896 8278
7228 805
393 7150
4510 4017
7724 7456
3409 5360
8336 4338
1782 133
1204 5693
680 8020
34 516
2516 4869
5366 7110
3867 668
1129 4572
9480 3430
2372 3413
8132 462
5597 4274
1701 5007
7363 5969
7378 9333
9759 3046
2784 4800
7053 9103
2723 6704
1282 2599
5323 4368
2986 5344
6998 5654
4146 7097
3314 8179
1532 6563
5671 9586
8692 8691
9027 8889
963 9014
6782 1374
328 4978
2512 8422
1313 3874
3240 5673
6084 331
5416 7618
4973 4887
9559 1516
4732 7055
9528 5751
6891 5780
9721 550
9026 4552
8712 2175
4323 5055
7669 6875
705 6922
7710 8931
838 7984
71 9067
9103 9769
6969 5570
2462 4281
7078 5353
8320 5422
5152 5035
2368 9666
7846 3007
9753 5154
2653 9570
8963 1043
1026 9687
6733 4076
7009 1671
6033 2096
6507 3015
977 9959
2664 2973
3311 6653
5795 2872
4751 13
4119 7780
9268 5112
4164 7890
1591 7394
8152 3813
818 8290
8034 7086
2822 6140
1260 6381
547 6360
8881 2039
4714 3032
7398 759
6277 1293
4018 5136
4357 6420
4622 1615
6448 6188
908 3474
4920 9016
9259 7036
9492 157
7521 3375
7142 1968
664 4425
3074 3703
764 3064
3704 5429
2547 8531
6295 22
92 4103
4246 9825
5937 7410
236 9506
7838 4731
7910 7650
1759 1390
8491 6405
4239 2335
4009 6344
4114 6918
5095 5250
8435 7059
23 5153
1296 2416
7741 8186
4605 5353
7565 5596
3142 4879
7206 4761
608 3922
1982 7923
5402 9378
1106 8653
8848 3670
4713 8829
7609 9892
8399 1272
9604 4540
5926 8221
5571 7358
2914 3893
6368 4821
7643 5803
574 21
7273 1415
4319 8918
6823 3043
5284 7019
3141 4014
2726 6884
4309 8395
7316 2018
9534 128
6088 66
2036 7988
2549 9026
8179 1855
6044 3726
54 8570
327 5262
916 9745
8443 3930
5996 5728
7719 992
1830 9142
3628 4649
6897 7158
7227 4467
5330 7384
4516 4951
8190 7778
4310 7040
471 482
861 3476
2898 1583
9766 3968
3176 962
336 7484
5383 4136
8410 3139
4525 3538
7826 7003
4660 8791
455 6717
1147 5868
7747 569
1858 3460
7794 1586
7005 4589
1559 3408
6455 9392
4949 5882
8028 3196
5180 8760
6443 4266
508 4584
2598 6035
4191 4393
9910 9096
352 6381
6718 9295
3377 1097
189 643
3466 4427
8538 7545
9570 1920
994 844
3199 6166
6935 2804
1293 5818
7071 1606
1953 9027
7376 8481
5536 1226
2649 7796
1374 7574
4567 6447
5502 7021
8990 3182
8227 6953
888 1696
2296 1692
8747 2528
2502 9882
1867 9670
5027 2376
8226 6903
7515 9772
5728 1139
4011 5997
9794 9934
7900 8644
3919 939
1654 9160
465 1900
5520 9400
2950 4971
3163 8185
2182 4917
6678 6051
6617 6674
2590 6665
5549 2249
1058 6530
1093 7539
416 4848
2708 9360
1576 7700
6402 4872
3526 2642
7688 8100
7161 5671
3503 8616
5648 7766
6854 3016
5688 9946
8083 5021
7336 8801
4349 5764
69 677
2223 4347
6072 5606
8398 6485
8997 915
9503 7740
2132 4481
7135 497
3055 4397
6086 7336
9689 3449
1268 4104
6883 4250
6224 2066
3984 8968
3603 1611
1043 9728
4309 7584
7932 8910
1052 7885
6894 7718
6095 6762
342 3476
4115 2834
6932 8352
3800 3634
8713 3530
4991 3315
2453 8919
2866 4680
8107 9801
3814 651
8004 8864
2920 9037
8722 1999
1429 2853
6568 3365
647 6272
3712 6295
2928 4846
5128 9239
9002 6745
3785 2545
9456 8911
5896 9793
7561 3811
4474 8251
3204 4084
8429 7491
8651 4373
3872 941
5224 2238
1595 7473
4413 6060
2430 7806
4722 429
1478 6991
6652 5575
7508 6656
2207 6945
805 8633
6088 4302
672 1273
2888 9311
6826 2021
2232 5495
2845 5597
374 2013
9590 5475
8991 341
9665 3984
8386 7154
9562 773
8923 2963
1644 5405
8808 1792
2432 369
1719 6280
8495 3740
160 2937
5147 6524
5582 1546
9729 8930
7349 9174
6211 5991
5784 7479
2538 2402
4440 3476
9889 8179
7185 177
626 463
2577 2501
409 8943
686 4140
2175 4104
8391 4077
7790 2695
4912 6918
6880 560
9701 2372
6250 2504
5615 8583
813 55
2877 3215
6473 5794
8935 2837
1890 7148
7801 3280
3601 7902
4515 3566
1325 7010
5072 2145
755 1109
9533 1750
6556 7290
