7152 9596
8353 4603
5924 1726
3970 2220
2522 3264
3266 3420
3925 2819
3169 6193
29 2755
6320 2721
7025 8733
9578 9135
9023 9593
9032 9080
7572 4409
6769 8194
5838 7582
144 6767
2995 952
6741 3541
2316 994
6344 6669
6254 6326
6542 2164
5908 594
2365 89
6221 4874
5262 5649
5354 368
4886 3039
8668 3861
1353 1637
3878 7316
7797 2844
1653 4178
102 5339
9253 8750
7804 5013
2988 7229
5254 9405
4161 8036
6022 5874
6292 149
4322 7877
7990 3134
7339 3635
5207 1505
1468 2673
1806 3278
1612 1010
9683 9896
7008 1809
8411 8127
1193 6511
5499 6615
3490 3471
6190 9786
173 6344
9278 7524
4375 5614
9286 784
4633 9973
5039 3408
2449 7004
3288 6789
5069 6483
7830 8487
3359 5716
5967 970
8181 9893
4636 7620
2606 5790
5136 6138
9434 4445
2462 646
264 4188
3599 2711
8579 7145
133 4872
7431 6448
6548 2358
8768 1817
183 8632
5716 5765
4537 7998
3471 9070
7844 6536
4844 3644
4729 677
2817 9884
2715 4426
212 6205
9099 6134
4246 4151
5792 8529
717 2995
8419 8851
1954 2842
1330 3463
9451 7786
4129 6805
5288 9443
5452 3745
9721 8662
7381 8122
4796 3622
7361 7847
5535 4654
3070 4160
8907 8357
7133 4726
7582 8278
3065 9841
659 1126
5628 1230
773 7927
7836 3919
3251 5259
8155 5935
5252 6358
8952 5163
9328 2802
9332 9575
7032 2753
8596 9372
6816 4082
3871 9329
1570 121
1989 1585
2874 8825
4750 3823
8348 7095
6434 5645
4155 6244
7078 2818
2249 4837
971 4536
2515 2411
553 839
2593 6223
1136 1839
858 6207
2530 7885
6300 7198
7442 9438
4634 6311
2402 5032
7662 8034
2567 8879
9916 663
52 7060
1975 1541
5051 8891
9042 9883
9958 9168
8517 8836
4306 5650
4765 1356
6266 6502
3301 1440
962 3400
3398 1102
281 1583
2857 9281
8897 820
8656 8583
6984 9550
81 4798
7319 6874
5185 2019
2600 9034
5560 4589
7586 2231
7630 7164
8120 5367
8458 7488
4589 5643
7044 8995
7110 8112
8450 7539
8327 2261
3018 299
3630 646
3720 1788
4656 6126
3351 2522
6819 1856
5858 2414
611 5796
6671 7318
3780 6122
8218 9217
3576 433
1372 7236
669 6559
7740 5818
9566 7288
8224 3798
6827 7309
3200 7975
1097 6110
986 5578
5512 2752
9337 845
9203 8074
7496 4378
336 277
4869 8061
6605 5966
6663 752
9037 1284
6287 2069
6866 726
3823 1116
9606 6332
9015 9999
3384 7531
4433 8500
2219 2679
3435 2356
6805 4816
2712 8749
7440 7643
1413 84
5236 4683
8513 2437
3470 353
2514 6795
7250 5730
6453 671
8386 6089
7206 1509
8207 8745
5056 5525
426 6773
7127 8876
3713 6363
8691 2104
403 9757
4989 3831
4676 9894
2527 5699
6267 2375
5216 2031
6017 2478
4216 8494
7485 9832
6682 4081
4867 9312
2914 1192
9440 4552
6587 5198
4627 1426
3981 8700
4522 485
861 8805
7336 652
3441 2304
7570 9056
1583 9239
6223 3208
6680 510
6066 8318
1660 1047
8193 3176
8793 8137
7325 4400
690 6119
9838 9564
6474 8670
9 7738
4251 9288
4817 919
2326 7731
1748 2945
9122 7815
8038 6462
3473 835
4820 1386
4281 7731
6729 2588
5290 3499
1506 1760
1388 8529
4290 7799
3736 5739
8033 6698
9756 7807
4411 878
6977 2578
9614 6843
3291 1524
5773 8485
4055 5407
6977 9325
5843 7816
876 9218
9852 5003
5422 1163
6685 6393
2347 4915
3033 9031
8234 8447
1920 9550
2500 5419
2194 7914
368 8453
6130 4704
7755 8128
3358 8420
9060 6681
9255 7766
9295 7718
8326 3927
870 1974
1203 3117
2500 948
1717 2904
2488 2153
9030 2953
1200 5452
3646 515
4250 4417
8427 3644
6413 1769
9681 4292
5474 4141
6747 9903
7430 7953
8837 9507
793 4902
8660 918
7274 9735
6852 9043
7373 8450
9745 3820
1448 7086
4690 4948
5859 6157
8463 128
6700 7266
1629 6231
6791 6810
929 2376
936 6896
2437 9441
7499 5723
3036 9276
8551 3010
2414 4248
4815 9127
2287 6156
2619 4282
4794 3909
3894 7876
7690 2657
9166 4436
4365 7508
8643 9375
4371 4767
1456 1792
462 7314
1403 1081
3249 7363
6749 2187
7621 2215
8369 3064
3186 1380
7541 7255
4914 6312
1912 2306
6790 1432
2977 4806
737 4378
1801 6248
177 9464
2662 7141
4153 1615
2186 1321
7088 43
1375 8136
8276 5461
7066 4715
5027 5148
1618 215
3606 4621
8489 215
8219 1965
8777 471
5720 8007
3938 196
2184 9877
9166 2391
8461 8797
9568 367
9016 2973
1116 3476
6537 6758
8720 5726
975 1646
9402 9639
4493 291
1366 7675
146 9631
9896 7359
5206 2293
9407 9313
7048 3504
1805 2192
8636 8413
1963 9952
4125 173
1775 5845
6980 8907
5579 7679
2492 9421
9888 2610
9778 1105
1232 4954
6276 9423
6107 8144
2209 1505
8911 8900
4507 1476
2709 9065
2110 1626
1712 2269
6801 4066
237 5757
9343 2728
2230 944
1187 679
5525 2062
3956 6415
5159 1804
5687 7392
5448 6324
5335 8626
9861 1514
1509 7815
3818 8300
8279 5199
9227 6274
4674 8217
5039 6852
6997 4449
9410 7268
8120 9824
1496 6741
6315 4953
7377 1300
7267 823
5652 4105
9122 6128
1977 6249
1645 5997
3452 5257
4210 7243
8205 5112
7980 1459
3241 4341
5667 2773
4488 1611
5993 6684
3115 3828
944 1303
9084 4867
22 9797
69 6807
8937 6657
8138 9274
742 6544
2777 1972
7776 5381
4887 6014
1315 116
3674 2083
7882 4403
8453 9601
6006 291
3186 9921
1032 438
5449 4965
9410 3588
7760 7367
9882 6490
3927 4459
4543 1821
5327 7199
6888 1128
4480 7479
2837 5934
6078 6637
2009 7093
8968 3616
6278 9787
9329 9934
1836 6186
6535 4943
616 9753
1432 4187
9251 9421
4899 712
1606 2968
5186 8395
6641 8509
1137 6532
9943 398
9140 8967
3498 4297
5589 8435
7288 6069
4889 4510
9306 2337
5547 665
6791 4141
1955 5342
8570 6740
6782 3527
8662 3954
7227 8169
7415 779
6464 5734
1054 3240
7040 7365
1291 8909
3645 1375
6729 685
7294 5718
6998 4394
6726 4972
5696 398
422 7866
2515 8401
8920 3077
5581 4821
8711 4575
2970 6065
6307 8835
8234 5781
1013 9484
8546 6505
4338 4433
4140 3715
7832 3146
7176 1069
7775 1946
7612 3097
7276 9695
2874 1204
8022 866
5674 3058
5872 1228
8928 7840
1703 8721
2355 5371
8605 6240
5710 5480
7230 5452
5551 1112
52 8579
10 8740
5365 4162
4504 3061
1084 5573
4570 6759
8080 3921
4863 1886
2830 9505
5876 494
7315 786
9011 5712
4366 3110
6972 2807
4326 9343
1063 4344
8565 3899
1932 3993
6365 1789
2744 4940
8740 9914
594 8555
6079 6361
8149 2988
4499 3403
7906 2788
378 6057
6005 3394
9083 4928
1151 4725
1180 3563
1723 1940
8495 5350
2727 2432
4472 1101
4985 7032
7965 1483
8084 188
4424 6245
1306 6057
1781 4829
698 3393
1933 707
1861 548
8241 17
6335 6951
5962 6080
6854 755
2185 2244
1887 2970
5398 9057
6168 7345
7473 1549
4872 594
688 4767
6486 9662
6507 3266
3354 240
993 6291
6365 7319
1978 5302
1821 7607
7032 262
7140 8282
292 1742
1976 9950
3527 8239
8928 435
7548 2622
6616 2265
2753 4392
5154 9839
4327 2535
3087 5570
9498 4719
600 6381
628 8136
368 9539
9878 1834
7055 2218
3387 2950
6467 5276
7696 8588
1027 8049
4110 9962
637 3503
5695 8811
9313 1526
7083 8869
3896 3788
5428 4733
2616 4780
1630 7210
6350 1378
4173 9996
1686 7467
3077 4247
5145 7103
2041 8234
473 2470
3637 6597
4085 3272
9677 9982
4214 1349
5882 6959
7749 4929
8970 1159
9069 7010
7226 1897
151 4744
4721 6442
306 3275
640 810
3910 9383
5470 1321
9132 8780
6416 169
724 2224
3156 3630
133 9250
1641 3585
593 2898
6867 5461
9233 5046
8415 1914
1395 8455
3830 3066
9700 2095
5745 8531
1202 5037
5766 293
8548 9407
9954 4073
1985 5713
3034 1574
7407 4642
10000 5595
4984 7177
8672 7393
2100 1282
4476 5904
7122 6046
3233 7769
3243 8521
1025 857
7490 6398
970 8972
123 2752
4098 8399
8454 5206
2138 5421
864 5392
9613 6582
2827 4338
4367 5193
6349 6063
9839 7111
2067 3859
3331 3929
8211 22
7563 1163
4332 2076
137 9005
465 6463
9747 2095
4385 8204
4776 1201
1473 4721
1894 7179
9343 6912
1571 2812
6772 1552
440 4139
8930 5424
1946 6931
9864 9642
3445 9075
8559 7497
5738 5536
6371 2292
2909 7889
9620 6667
5106 2275
8491 5925
9827 4413
9380 5580
4164 9308
2922 6035
8857 8831
6024 1934
2106 8083
5826 227
2608 1307
5024 6410
1402 5609
9945 6365
2909 4908
6380 1952
9798 3482
9535 1737
1039 2733
6860 9984
3610 9009
3938 9195
680 9692
6841 1959
1993 9171
1196 9885
8472 3111
7006 1578
8577 357
3997 3573
547 1715
8915 8151
1991 8863
5177 5196
5338 5589
9000 855
2670 2282
5881 4633
3872 4407
1925 8076
3018 5748
1870 9799
4018 150
1998 3115
6294 2372
941 5420
6410 4470
3665 7281
2961 9967
1353 6264
6520 4507
1227 5252
6918 2292
6290 6803
3610 7738
478 9055
56 3194
5892 7992
7850 2128
9043 8974
7762 6889
4329 8269
9792 5615
2725 4431
6113 8997
2006 7651
9221 2645
9667 2994
3491 6851
6889 8632
3100 2547
1777 7304
3130 1912
6179 1878
7636 2205
429 5839
5840 9870
6073 4291
7046 1160
8816 6729
827 576
1935 3751
1393 1899
2294 2653
4686 6036
2137 7192
7645 491
2362 3168
4791 7171
5680 2055
1833 1844
1453 2888
7902 641
6926 6739
953 9712
3966 1117
7397 4568
6 3847
1508 5342
2644 1226
1562 5666
6313 1202
2905 4425
3439 5981
5019 6395
5972 934
9814 1725
3236 6543
9214 6954
7127 5917
2948 9451
6110 8100
7555 3776
6948 5203
5109 1670
5319 1407
4742 1125
7160 4489
8434 4590
7892 1018
5630 8657
3000 6986
3964 64
4317 8581
1360 9770
7666 1515
2900 1008
9382 5838
7596 5109
7994 3198
2291 6596
9931 5390
5820 6768
2498 1253
6007 8866
1781 9781
9983 8606
3275 2209
5833 9086
7275 9598
9163 2185
8203 6540
9555 1532
8540 2619
6851 4615
3132 4359
2770 711
5761 490
8132 4322
8573 9750
8644 7060
9632 3696
2692 5718
260 7401
3392 572
8259 2601
5902 8748
7650 7779
970 2645
452 9392
8292 8399
1850 7830
9443 3665
9638 8581
8400 2465
9742 7292
5480 172
3594 6697
288 792
7251 1429
2161 9130
1643 6007
3324 9011
7078 6452
1185 9230
7376 7071
405 4344
9985 3521
6411 1302
4564 4289
2042 3517
9471 760
7572 5455
7538 7221
8824 8593
430 3112
4604 9730
6469 6931
1100 986
8976 7595
4094 139
8604 4191
3230 7861
8080 7554
1652 4703
1419 583
2060 7293
9425 2536
8983 9776
6443 5025
6779 331
4283 5561
5108 7510
2358 5245
9266 2681
791 9861
2176 70
996 3277
7111 8249
5182 813
66 6377
3273 1663
8706 5801
2430 6158
4503 3482
5692 5927
6494 5564
7044 9151
2616 6513
3187 8450
8813 765
6052 3128
6045 259
9758 3683
4106 9485
4456 3385
2924 3609
2389 466
7489 3942
1531 5861
7115 2427
403 3341
9169 4348
2411 9295
3256 6010
272 9376
6628 1374
4669 6792
8308 794
2882 5512
8867 6036
6417 8199
3138 9603
3797 7140
8670 3523
2061 1096
7330 7722
953 5235
3190 3884
4938 6069
5433 1139
7051 499
5803 2835
6764 222
9543 3562
8727 8989
6128 1171
4020 2439
386 4701
7009 8711
2603 202
5351 1243
9915 3276
9272 3509
8177 641
8494 4894
2295 1840
3528 9707
1118 3120
3098 4560
6267 1254
8961 2548
4018 4255
7128 1141
4316 9923
5170 8742
335 6682
234 1397
4008 7884
1095 6277
2034 1852
617 5640
8164 4877
907 3026
2355 5236
4536 1202
721 6834
4838 3953
20 7521
7989 83
1217 2361
8074 5825
5789 1042
6968 3829
1350 8347
3677 4498
5230 6415
4675 1245
1828 5764
7278 1744
1253 3653
35 792
4495 8791
7426 4532
8109 1942
5914 1380
4402 8183
8263 1493
6870 6293
94 8813
5028 7760
8217 7366
8970 3622
6975 9470
8242 2140
9494 3213
7262 6389
4234 4821
2637 4800
5075 8884
3423 2019
7135 5920
4822 9871
5656 6364
2766 4536
6828 697
1631 3400
9265 8868
6226 6448
9105 3738
9523 1271
6560 9195
3970 413
3193 6300
1746 7013
4034 8006
8937 4342
7846 2476
8834 139
7940 1540
3907 7727
1027 621
4272 740
63 1428
7108 9078
9290 3584
7360 9991
5728 526
1208 5148
3641 3151
1718 1599
4911 6689
2600 3332
5057 6422
565 8353
6694 54
2990 529
7786 4302
9530 8043
9604 2550
7370 3732
3099 9150
2991 3316
6008 6480
628 5026
6851 7210
7994 5904
9779 5552
4452 8557
7196 687
8834 3100
7885 3893
8240 4472
1365 6503
9269 3968
3218 1674
8791 878
8863 4772
6830 3687
8943 3871
1172 6225
7844 4102
433 1447
463 4331
9064 9272
6818 5543
4072 3729
4655 6638
4139 7601
5490 1653
6433 6135
9063 4209
9276 8516
3802 3160
5709 3398
8175 9807
3733 1719
1719 5143
9722 8185
3693 9334
9894 6057
8297 8685
4013 7070
9650 3389
9217 3109
3225 9570
8781 6787
4405 3607
9989 9262
2262 4208
2139 8246
9499 4463
3112 8942
3505 620
6889 6590
1582 8642
2989 6270
299 7587
7357 3050
8617 458
6977 5037
6044 3546
6568 11
2157 1734
4875 5936
7303 8319
4919 4289
5056 9613
5118 9915
7082 9288
4090 1850
8747 4829
3604 2451
2739 4376
5906 3794
2184 480
3027 2044
9668 7059
9978 5159
7333 3049
7172 7212
7593 1136
6654 6434
7481 2793
891 9706
7757 3117
2697 414
1325 1029
2218 3101
4830 2097
8229 8378
312 4344
1654 4278
7212 7420
796 7682
8627 9050
4764 5844
6246 1648
2378 2817
4583 2154
3526 8058
310 1922
4019 4461
7833 8234
5906 9127
4911 1288
3404 7727
6439 5691
3750 9689
6034 2690
9281 2314
1462 2987
6918 1308
565 9348
7387 4354
3982 6324
2322 450
4252 8276
5354 7121
3238 2989
8352 8657
3993 7209
2231 5129
8126 6482
3546 3397
1807 6108
3288 2548
6778 8146
6500 9841
1139 7449
7983 2285
5399 1940
2918 5733
8949 6077
2327 1057
6859 2503
7961 7743
8638 5104
335 3995
1162 9612
9627 7699
909 2050
6675 8778
5871 2718
9332 8548
8708 3196
3241 6435
8854 8701
6666 1921
7648 3857
9790 5652
9504 366
1226 7097
6280 6232
5527 2132
5221 5073
7126 9542
287 2077
6662 7158
1621 5336
8171 9736
8038 5590
5167 6077
5656 9605
5788 9659
9775 4760
6741 5813
1825 2697
8292 8324
1965 1686
7615 4736
6358 996
451 7390
1616 3209
7753 2344
5370 2620
2828 4815
8785 3579
4549 3222
4752 8981
7302 5091
8649 5123
165 9656
982 8153
6379 815
4745 3569
5549 4071
3126 7935
6846 675
776 9400
1585 5598
6300 2512
5266 211
2201 4775
7920 6196
9673 7266
9704 1570
1784 9695
4290 7277
4589 150
9231 2099
7048 9474
9610 4090
5199 2199
3283 6114
4965 9667
3372 5733
6126 3327
3795 7459
2670 2255
9025 9686
8862 9001
9723 7263
6833 7717
1886 4718
5672 7395
7115 6746
3029 380
637 1000
9142 3120
4652 6254
8458 2880
483 2663
9464 1045
403 1451
7928 6143
4609 7225
4119 4977
1069 7631
4372 6705
7249 2502
2373 8149
1816 1662
4059 7148
3063 4813
997 569
5808 9657
7586 9523
1445 382
6479 4225
6258 2253
2366 7200
6968 4390
3625 7357
4075 7099
4087 2049
4679 7828
1707 3572
3829 8285
2117 4406
3839 8877
8619 5952
9548 9270
2253 6777
1624 1835
8894 8476
3266 60
908 4952
8135 2335
8780 2002
413 908
1222 3940
2936 2665
6868 6297
7121 9377
2428 6575
952 5478
5609 7448
6658 4618
9020 6462
4626 7380
6149 4378
1702 4601
1658 756
4486 1215
1828 6567
5817 7005
70 6567
9075 3231
7210 2597
9503 107
689 5148
3446 8346
1724 5294
3979 4658
1231 9036
1574 9737
5199 4851
3610 3625
8455 4034
3641 2457
8602 5424
368 82
5702 9149
4758 8387
2259 4376
2922 1717
5086 7133
9636 743
9340 9030
9602 7618
5674 721
3103 803
7114 3857
4846 7376
7229 7477
1660 9199
5210 213
7456 6257
9925 5901
8639 1826
1673 5248
5876 2733
6902 9042
6335 1706
2076 3602
551 8849
80 2055
5038 5563
5676 3119
5711 8241
3972 2819
8619 6441
9427 4467
2208 5560
2382 2901
92 6812
5714 8325
9806 9590
9400 4051
84 9559
6715 4908
7335 4070
4010 6291
6405 9735
3976 5144
6529 7542
1018 8684
8835 9788
1798 7896
2460 9361
9368 1805
3250 3959
2804 5482
621 1870
6290 6018
3732 6105
4420 3198
4763 9907
9773 9432
8277 6199
9951 1046
2768 6714
6052 8617
1702 2453
8789 9618
4490 5483
2729 4414
4738 9390
6202 7322
6560 8811
1583 7707
914 4360
1264 8565
7431 6573
8784 9742
524 1148
6671 8855
3972 5820
1694 8526
6820 3344
5722 7022
7420 1708
2194 283
1144 460
3636 7662
4068 7867
6503 6665
6291 29
2081 8593
4210 273
4828 4579
653 3738
8688 7459
6943 3143
5024 9328
6548 5761
5090 8543
9121 3468
1114 7916
299 7343
6953 7486
2120 4702
2304 9970
4150 458
8241 2140
7602 4665
9849 8672
918 8886
2329 6221
4055 1819
4940 2228
3817 9657
7563 5734
9631 3108
3574 7031
2723 8071
5856 1969
8892 3925
4568 1953
2519 3009
3316 1695
8772 2896
3081 1893
4981 9050
6194 5965
7540 5399
6033 1876
477 2565
7940 9720
4670 8475
8575 6881
987 7524
5910 7372
6611 2740
1077 5272
1077 2914
4417 6395
9447 5226
4875 6119
5485 6728
4485 8185
1966 7943
589 1508
2614 9792
4634 1841
3198 1149
2686 2784
1300 2605
6696 2968
8700 8597
1100 9899
2662 9844
8961 3505
8012 467
9527 681
5758 4712
9361 2166
1527 4257
6607 7910
9886 2812
6719 7592
8278 4848
3916 6607
5435 9014
3111 8972
9421 9028
2527 2117
1183 4553
7909 4317
4333 2816
8151 5293
736 3245
7861 4852
6542 8427
9313 3322
4155 5284
1449 6395
3387 6286
611 9271
4090 5920
1925 3408
3960 72
2032 2735
8818 452
802 8546
8195 7342
8801 4351
1983 6389
3555 52
6992 2945
834 3973
7278 2996
8842 9536
6857 7675
5258 540
5543 8924
3970 8719
4551 4666
9981 5581
1107 2442
9944 5702
9556 686
3712 6159
9867 2753
3696 7094
7646 7887
4257 4954
3944 8527
7657 363
9324 1425
5606 8562
56 9633
275 1071
9658 8637
8166 1526
852 8374
1237 1589
617 5699
6142 9592
69 6823
2521 8386
2690 7568
5813 7691
874 6094
6301 5623
1054 7351
178 7052
2859 5197
4846 9344
902 5638
4519 9371
9340 8549
8242 6731
2066 8299
8874 4193
9172 3824
8022 1188
649 4244
5099 7170
3520 3113
6860 5937
8310 502
4160 2743
2738 4580
7675 94
1396 8687
8471 5163
479 1823
9572 596
5290 2866
5611 3544
7411 3659
9059 7739
5878 883
2067 1028
434 1768
6236 1223
9171 1777
4802 2031
945 4174
9045 2838
9071 9764
3584 7272
5163 7542
9175 1433
9259 4985
7175 6734
313 3283
3196 6831
5037 2463
4119 6065
9330 9737
9539 4229
7404 3210
9516 6957
7414 6995
4028 1751
2614 8088
3961 8132
3468 2724
5468 5485
3248 6792
9172 6720
5597 942
9067 6943
7977 1686
3201 2441
4873 7944
6646 3135
440 9663
8348 6022
4760 7006
4860 784
9480 3957
5808 9529
9137 5122
716 7668
9791 4502
3885 8931
7655 7931
3466 1191
5981 7436
1840 240
2119 1314
2259 1379
5178 9815
5308 7361
1214 3709
7436 5414
2967 3844
4985 4816
4524 8740
6373 6243
1230 9827
9175 4225
6381 2844
5432 2239
5660 1136
2732 5693
3304 8156
6570 9823
2237 6285
8025 2179
428 3014
4848 197
4924 10000
5667 2028
9304 1987
3184 5901
6227 4460
2906 6351
3555 2513
1481 5420
6969 2171
1976 5585
9291 560
3515 2635
6416 5637
7726 4422
9891 6370
737 7023
1179 5265
6731 3872
6612 7540
9041 4940
5305 621
8123 7398
8165 6018
7946 1796
2451 6341
5652 4344
3310 9771
2719 5848
2469 9727
7213 1182
980 282
1497 882
21 6754
8590 5437
1871 3766
3087 76
4121 7556
7283 1149
2026 1660
6755 1379
7696 7449
8993 5489
4623 5857
7512 483
6023 7072
7157 2613
7137 8002
1030 6442
5546 3148
8536 561
3725 9234
3857 4074
7762 2043
3440 5829
8961 792
2433 292
5920 5732
9461 3937
826 619
7560 3349
6497 2942
6629 6042
4302 1661
4220 7620
4208 9060
1806 1842
9731 1921
725 9409
8488 2671
1392 6257
3971 9563
8729 2856
5915 6942
6269 2341
1390 1403
5222 7333
9942 8826
1399 3088
211 9603
83 8185
7929 4420
2974 7184
4833 2583
9738 8273
7154 6483
8969 2487
6750 8228
2820 993
529 6918
5119 2137
4529 4082
9081 9996
9425 6931
5042 6157
9583 7080
2976 1001
2778 7506
1099 8071
9302 7742
1199 6284
1199 3827
3470 1090
2572 8870
3952 4027
9987 786
2796 2279
4392 4636
8187 5782
5440 8988
264 8080
5068 9644
7719 4979
5623 2818
2465 9049
9388 3779
8135 2373
1299 3576
6627 2528
5311 3998
527 6152
9097 7742
3561 7066
6077 5739
1751 6148
7967 1380
2152 6964
8732 7708
5455 4109
3946 2861
3038 314
2134 847
368 2789
5668 6816
1716 7373
9694 240
8818 8047
2579 5695
7922 6130
8468 3146
4340 6467
6280 8236
9991 1224
2659 3433
1955 656
5061 8085
5678 3262
4582 3328
6976 1892
4505 6339
7463 6135
1669 50
6031 9097
4981 8271
6734 8252
8574 5086
1100 4596
3229 5039
2106 7999
8627 1425
6524 5862
3005 48
1142 8353
5990 4945
728 8515
6343 723
3824 4281
2060 5154
2202 7067
1758 8053
6322 2302
5033 417
3539 8252
1507 1577
4040 3350
6111 2597
6953 3615
8600 7635
7331 7375
5997 8919
1603 9454
9060 3501
6568 665
1182 9818
8173 4576
2925 982
9596 9728
3022 9330
1463 2436
641 7419
8333 5019
4640 1132
5043 6664
5259 2996
2822 5162
8187 8783
1311 8016
5635 8140
4436 7485
1550 2575
476 6283
5570 8177
6451 4965
1174 8989
5886 8900
863 6642
1691 1304
2649 5509
2117 2333
8129 6859
2510 7684
7732 6872
9740 5018
2287 2034
5536 7065
7475 6695
9289 5273
5072 7585
8572 9302
10000 516
8938 7853
3468 3520
3 2164
4815 2272
5850 7160
2973 9600
3328 4513
6636 7333
5981 6773
7478 589
4993 3916
7895 3000
6205 6618
4142 3477
9690 6009
1486 1800
2516 7059
1226 5482
116 7258
4538 6144
4465 3970
4886 4224
218 3680
468 7905
9127 1040
6561 4692
4361 2073
5216 1689
4353 2888
2942 1331
1107 650
7837 7556
3057 3481
8191 7681
2059 800
4387 6794
6827 8235
8929 1203
5082 4084
605 6773
6547 6486
2538 7563
1049 4654
4541 3410
9063 7681
9836 1584
7323 747
5560 7198
7841 4897
5397 5708
1838 3006
6789 1991
8189 5726
1413 5565
5428 3140
2645 5120
783 1411
3794 3163
973 2929
2882 4806
3544 4904
7628 6287
8609 4912
6232 9209
447 8699
2293 4332
2390 8331
9688 1188
2353 6260
1126 9409
1126 6151
1111 6063
8616 5969
3614 6495
568 2179
1391 9791
5525 5504
8635 6235
4885 1394
5402 2772
6996 6554
5989 3988
8087 5672
4605 7365
9947 5192
1976 5000
6132 1383
3829 3792
9847 4999
6287 8190
8647 851
2764 6353
1886 4930
5531 9629
3860 6341
8710 7939
4101 2129
1744 6444
9271 7848
820 5006
3213 3927
6869 8472
2567 7452
42 9675
2867 6361
794 2563
3421 1885
8368 9548
1736 5328
4178 3331
9149 6890
1305 1973
3773 3978
3907 544
6551 829
5280 7414
6049 8117
8714 1788
6775 9663
6234 697
4689 4270
964 3374
2774 122
3746 1126
2922 6977
1061 7231
9874 2483
9193 5511
6645 9021
827 3729
2056 5841
4900 2341
56 1699
9499 5760
3539 3297
1338 5494
1970 9885
1195 2056
4159 9457
2429 4572
6917 5378
9179 5829
2518 8701
126 4412
8665 3143
1593 6166
8864 3536
5567 5431
6836 3342
4915 8217
4125 8380
2828 5998
2776 7457
9846 7720
7461 3646
5350 2709
9914 2356
5414 994
1147 498
9012 9672
7344 2483
4643 1671
2293 1056
7049 2791
9250 349
4645 3779
4982 5872
9384 3766
2795 4332
8827 375
5240 4826
9624 8863
5294 8781
8528 3277
1853 683
9827 953
8196 7902
3363 1696
4787 5411
6598 4583
9301 2843
1650 1062
3131 9568
1891 6569
4432 8800
3320 3817
1566 7531
7221 4221
8479 1345
766 6688
9096 5976
339 2330
3241 2181
2900 7793
8757 3269
8678 2675
2358 7160
5106 7591
9789 3292
4950 2344
7145 1752
7056 3291
9036 5313
9797 4020
8170 3395
2577 3240
7866 1159
4588 1354
3824 5103
9805 208
2984 1157
2698 4774
5561 7258
9314 9692
9106 7201
6414 1996
8337 1170
8640 120
3744 4280
1487 8344
9641 3487
9704 3260
8710 8470
6245 6593
6025 7211
5150 7322
6449 6411
7213 8451
3861 9904
4434 576
550 1388
988 4365
1480 3934
220 1107
8340 351
9039 8533
1087 2475
1373 4245
5514 2471
7691 8737
1766 9487
1878 429
6706 7059
2019 3827
3162 5219
4466 6294
3879 2412
3175 7295
5253 2934
2336 6117
7914 6543
1420 7826
4864 3668
4862 1578
7566 6064
894 1724
3359 3735
8 5018
8808 2873
8486 5284
437 316
244 3602
2033 303
9191 312
3480 4733
4650 412
2957 6647
3220 6411
1171 2522
3976 5514
1713 3168
4727 1631
6929 9733
476 7722
4785 5090
6611 7699
7771 2284
5088 6375
6421 4342
2450 4215
6731 9744
7158 6680
761 9278
7317 8380
2090 9386
1040 3522
2005 4741
986 9929
6472 7871
4498 6195
8196 992
8170 5479
9715 8831
102 6370
4019 170
9606 2552
3043 612
8197 3870
9230 3974
593 7991
6525 3336
6966 4972
3644 3651
7489 482
9772 3888
9183 2426
7567 944
7722 6428
5445 2474
6837 989
9492 9461
3153 7447
4865 7909
4447 6800
3877 9106
4033 6699
6156 7016
8512 5388
2790 9305
5196 8530
429 342
2627 1212
7168 3268
2558 3142
4974 6436
9450 6610
7356 5995
8950 4851
2412 3637
7706 9623
3731 4260
4503 6544
4808 9703
5248 8983
1633 425
6557 7901
5533 846
9543 3312
9062 1162
7889 4481
7706 4618
1264 3866
8267 5508
7780 1699
9856 6085
9575 5063
8382 6402
3643 35
8694 4244
8732 9660
8864 8238
6997 3504
1719 941
3157 7298
6735 4258
6821 5139
6774 1031
6481 4961
6810 4384
6015 5567
6159 711
7458 593
1133 5505
7257 3381
8583 9149
5323 9645
1128 4599
4117 3636
9409 6438
9333 7944
7840 5137
139 9998
5173 5844
1498 9444
8118 7938
9137 8579
6822 6057
6697 5826
7963 1008
3879 6211
6602 3748
7461 9543
4351 5226
4058 7376
9819 1788
4218 4772
3442 9242
7596 7712
5445 1962
5917 9155
3396 4542
9498 3048
6679 9429
6105 22
5501 9448
1601 9344
3420 6384
5131 8536
5132 1419
2463 5935
7273 8848
4401 9094
8659 7658
6387 9736
9654 2546
889 9620
7400 4713
6089 1571
3532 6166
5909 2886
8658 256
7535 1755
671 3568
8591 4053
9104 9033
8604 1427
7897 7836
7985 2079
9500 7104
3299 8209
393 8341
5667 6999
479 2098
5143 3387
6279 5938
2379 8292
8293 4498
8761 6676
1271 1512
5864 7967
7240 1351
2406 6104
6762 2460
4811 2762
961 3540
2507 9385
216 7982
9620 997
2003 6090
6389 7040
3910 9950
4789 7468
634 4921
1611 4499
9005 6714
3479 4409
6287 2024
588 3893
1448 5899
9 7250
4664 8326
9111 8536
4518 1097
6110 5654
9728 6232
9200 7281
2460 9115
8616 3250
7623 5613
567 4024
6843 87
7224 654
4746 9956
111 2399
7711 8012
7589 6176
7153 5968
4502 8910
1884 8224
221 3419
4489 4642
2992 3655
1440 8348
4399 4274
8587 5148
3274 6668
2982 2558
6215 1574
3334 3047
8657 3556
7925 9033
4262 278
8150 9475
9020 9664
9504 9624
1306 8490
5797 7981
4482 4537
4338 8486
175 8124
1708 9197
969 6729
103 7700
6161 3546
2296 3314
305 8612
5894 4036
7082 5416
2494 8232
370 4161
5589 7449
4759 6458
6110 1810
6390 7981
3162 5503
8044 898
8409 9677
22 9708
7520 83
1957 3367
3601 6934
9077 1257
8733 2208
1369 3907
627 5793
7636 9633
1678 2210
8497 9581
2169 8263
5308 3514
5686 3723
4479 8606
1140 9528
4744 6741
5688 7328
2718 388
9676 131
129 6413
5816 9240
1266 9971
3235 709
1866 1081
2797 3020
9641 3114
34 2590
820 353
2188 6611
558 2644
1750 34
5504 7662
4287 7151
781 8883
4221 6571
7362 2686
9171 147
2344 6871
4665 4503
83 9234
6534 7238
1531 7101
726 9164
1472 8541
4145 6964
8535 7624
5891 6347
2336 7640
3950 6791
2032 9624
2639 7565
2371 8159
6564 5831
8959 8130
4018 1806
7060 9560
9002 9067
1893 8071
8970 6769
9993 4380
8722 8148
4467 2930
2895 9246
4563 8352
2546 6421
5412 8798
8011 7774
8615 4031
4054 8589
8265 1052
2351 5860
9323 5052
8743 8392
6443 8776
7396 8677
1463 1169
310 2270
3937 6366
8585 7202
2183 6581
4833 4140
7506 2340
2914 8809
3546 3763
9565 4840
7137 1965
5674 3820
6236 9335
618 2302
683 1898
8063 5237
8810 8307
7387 726
4300 6159
9301 9262
8247 7662
4130 5293
9889 8664
3942 6998
285 1182
2945 6299
9008 3021
3260 4237
1169 2353
2522 4868
9391 387
110 3780
5633 6390
6790 2593
4783 2222
9911 7005
3100 1909
2193 1966
9077 1618
4997 8328
1864 5138
4159 9646
8784 2385
780 4608
800 4036
9279 8046
9030 7554
7293 2809
5211 1505
8310 6602
4758 7163
610 9643
8097 2714
1434 4194
484 9314
2070 8593
3559 5626
7601 2788
9497 3594
3198 8366
9556 7583
5872 6154
1707 8551
3127 6631
6033 3693
7711 478
4826 1172
4223 970
4717 6088
7559 9720
3139 1245
469 8080
2277 3194
1333 2483
5078 9077
7964 5973
8895 1024
2111 255
192 5762
7858 8903
5328 6743
7979 4240
3790 7510
6513 3440
4753 3658
9627 452
4680 2803
903 4824
7025 4776
6690 1798
5684 5758
9682 3719
3013 9422
1564 1478
2482 7217
4587 6816
7514 9577
3934 121
2129 4962
5554 7179
1597 5929
7682 9061
4524 6324
6828 2417
2215 5029
5332 3269
6180 6491
2089 1518
9295 4138
4671 2026
5445 1811
9568 5577
5328 9116
6129 9131
2486 8199
2751 1578
9884 2190
5165 850
8165 3978
4512 5977
8385 4620
757 917
6865 4209
3562 5603
6451 7297
2177 1400
8401 7058
3993 2306
7686 8329
5621 7182
4218 6220
5210 1124
225 429
2521 2618
5522 6778
6804 1124
6462 3515
7967 9812
4649 9303
2362 861
7398 8334
5642 7100
6316 5548
3384 3501
4708 1698
5694 1688
7655 7877
1523 3743
7201 8411
9455 7269
5722 7281
661 3661
4529 2086
4207 9059
5512 3508
7176 4209
488 2722
5312 8421
7953 9966
2720 3395
5498 9080
8457 5823
8761 9403
6423 1047
5059 7298
8168 1521
2797 7734
5494 539
1574 7768
335 9074
4229 4244
7575 5324
1464 1133
3960 1632
4339 9295
5749 2617
9118 2744
5304 2393
7284 9576
3532 2774
2666 76
4151 1713
6002 7964
6522 6462
2839 2025
9461 5807
2665 675
1946 8759
5305 8883
5706 2612
3222 4610
3573 8461
2738 6140
1086 429
6698 3516
638 3980
2237 9565
1990 8196
5232 1345
8224 6861
7773 3802
7206 6214
6369 4608
4223 6133
5322 5678
5173 8554
1796 5786
7627 8808
1457 3730
4246 4114
6210 2734
1760 6876
1272 4961
9862 5029
1195 4431
9089 6112
8148 7435
223 8794
2913 7922
6549 1795
5767 4610
4002 2881
1595 1346
1826 230
6930 931
9205 2551
9516 127
1272 1633
5785 9288
7431 9247
8769 8732
4338 8181
9811 807
5757 4976
810 878
2710 266
631 8080
9308 1218
1936 411
6788 5257
8530 4098
4240 1776
7734 9314
6793 2445
3718 4289
4612 9495
2574 58
5337 5667
9873 3460
4646 4557
7738 5321
6321 9269
9402 6201
3933 2984
7496 3007
3672 6419
7537 1672
6803 355
7574 8480
8427 6381
9359 6406
2507 4780
4695 4610
2699 5908
9124 4
7678 6834
728 6957
4416 8162
2329 6787
5361 842
5380 1102
6111 3013
7375 4481
7051 2245
9408 7304
8370 6813
8774 2809
7305 9806
2922 1841
1331 4752
1688 735
4981 5182
355 3080
3745 836
6076 6154
8449 3812
4157 6568
8210 50
1778 4324
6449 378
2020 8738
1430 9320
9425 9790
4254 3076
4508 7732
4861 5420
3088 8133
5588 2173
5784 4239
1885 6822
2118 7850
6709 2417
248 6051
1461 4162
7214 2570
4809 4263
7093 5340
8218 22
2971 9867
1572 8835
5514 2668
6674 2544
3791 3672
2390 3891
4136 1494
4674 5106
2342 2559
9407 5756
4952 2219
8176 4554
5646 6026
7526 4050
7679 4324
4177 8882
7985 8589
3686 9781
1746 6670
9440 704
2256 5697
6648 7320
5470 1562
8311 8105
106 5967
8317 3866
7528 9735
3679 8375
1146 6156
7574 8766
1113 1055
3194 5552
1264 3236
1720 4141
6082 1030
5132 9628
5994 9178
7517 292
1591 1036
2008 8841
6680 6604
1023 8499
8940 4048
2155 8349
2206 1601
1685 5088
5288 1167
8086 7347
8496 2638
4008 348
714 9091
9742 274
3099 9127
8092 875
7459 1871
2245 4292
96 5340
4410 3373
2793 7159
6312 9622
3491 6882
2726 374
1508 2907
832 5379
4416 1760
1157 2840
5278 5664
2797 5464
5377 8304
2120 5820
8554 5148
3156 6308
5756 9375
6690 1325
7330 5624
9483 9389
2719 5800
3689 1549
8434 4098
7624 8266
3183 1018
3738 9827
3397 3926
699 4547
6334 6317
6197 2400
2396 7086
2064 7610
1825 499
8116 1644
6382 257
2006 318
7009 4323
9999 4033
2005 6537
6755 9664
1968 6950
2811 4956
2293 5355
1569 2838
8193 6379
2431 3525
1487 7132
235 9755
716 6514
2737 7572
9039 4103
6208 2546
2544 3349
8217 7634
340 2389
2339 6938
9997 3323
8336 1941
2557 2024
2373 8979
8262 3007
4048 5144
5684 1481
5430 4491
9927 858
3469 1846
2213 5344
7599 594
3476 7295
5138 4445
65 3889
122 7025
4188 4183
2413 5140
8096 9377
8485 9860
6543 64
7044 4055
5195 5210
6377 9828
2505 3515
5082 3949
3258 6115
8764 8580
3024 9724
4552 7300
5816 4708
4674 5211
7357 6594
9223 8388
4785 3837
8307 1176
9968 4575
4042 9142
6762 6316
8924 3491
8635 6720
6944 6193
4375 1988
1656 8825
1400 379
1040 9617
1137 4281
6547 7557
2856 1555
74 4177
9220 7336
5961 2747
3833 9703
5248 9096
2529 3770
6090 5962
9135 3716
2003 3399
1402 2666
7864 3978
3480 8499
6970 5234
3053 8023
9021 2346
4502 5967
1934 7480
1293 6080
4342 7960
9508 8642
1314 7713
1646 7682
9764 4939
6728 6991
6822 5933
2045 5172
9003 3467
4013 6215
3918 2878
1904 5158
333 4683
1089 1661
1286 7142
2662 3262
5622 3889
5414 3451
7261 1357
414 9902
5454 7935
5293 6570
8605 9039
9015 763
2527 2896
5654 8447
215 1556
6132 5080
2971 350
5124 1494
4426 6111
4923 6328
7395 4561
2258 5758
8765 4230
4879 3967
7773 5628
9407 8207
2239 9607
9551 321
9697 1588
4101 7489
6745 1121
3017 3184
9823 6135
3224 1892
149 9384
1409 9997
3941 812
188 5502
7974 8382
287 6757
9444 4586
3828 1110
6679 5392
9119 2169
9486 7185
4864 1521
4638 3828
3307 3830
3344 818
2920 580
9387 9532
6825 1367
8513 5687
2544 8314
2686 529
3596 2735
1814 9739
4436 9701
7354 4522
5619 6593
2622 217
7471 7120
734 241
7644 7331
1342 2316
6916 2658
2975 1436
479 4369
5555 1386
4089 6523
7035 5210
4416 6091
9867 4287
7805 5726
5380 4036
4702 448
5119 3196
9943 8814
3384 421
7145 5286
2304 620
833 2192
6635 1321
8504 1397
309 7098
5504 8703
4378 8726
3520 5167
3944 4172
7420 1045
8351 3548
2099 905
7276 3870
3443 3252
3360 6497
543 6869
3544 1993
5388 4695
2869 4908
7313 53
9126 8445
9196 6354
5431 4222
3740 8274
2733 2016
6475 9334
9207 3976
2194 1416
2992 7979
2190 5718
12 3921
7509 6560
908 3891
5344 185
1364 3807
1203 8096
1525 4649
6062 6058
2689 6138
828 1247
7136 5292
8056 4457
873 8509
9258 6096
6411 9548
287 2263
6611 4244
8897 9778
2428 1850
9946 160
1743 7869
9238 9714
1528 8139
8424 8502
1932 6949
7542 3201
4662 8541
7841 2129
7121 7338
7020 9480
8050 4439
8186 2326
4343 7494
4247 6138
2614 8682
6426 3947
4118 591
2590 4614
4276 4254
612 6868
8546 8198
2915 8352
5665 4284
3547 5590
9143 3951
4097 7136
322 288
901 4138
1020 3018
6668 5035
632 4142
2888 9422
920 8487
6616 4233
7607 8633
3508 4160
9309 7668
7901 4097
6239 3418
9457 8361
4944 4448
6696 4167
9685 5273
9557 377
5284 9586
9065 6456
3824 683
3098 8627
2087 9885
3428 5779
6205 1510
9931 6588
3179 2773
9532 9772
554 259
9950 4897
1314 8378
9198 6700
811 9645
2654 6161
233 4665
6126 1305
4444 360
5969 6538
9092 9633
7171 6569
7560 7982
2095 8522
5182 7251
5045 1109
7699 4274
9880 2364
4224 15
6444 2989
1235 5091
5045 8564
2755 6781
1657 1745
7060 8978
6796 74
9024 2413
4983 6799
622 4932
7041 1830
8797 7241
4118 2148
9701 7956
8343 7168
2670 2768
9151 9946
9919 4226
604 8715
2570 2066
6759 897
2899 9872
5484 6935
207 4277
2072 7726
2245 4304
3059 1088
5576 3934
3611 1552
5397 7478
3252 7977
169 5995
7185 3838
7980 1916
4590 3570
5899 9765
5245 2136
8171 7561
5054 1435
7522 6930
6927 9720
6237 7034
6599 2610
6509 3344
7891 7388
4911 8116
9462 9757
3928 7467
3393 6762
2754 1553
1875 3992
8433 7968
9936 8537
3085 1187
7490 7146
5425 6363
9426 3323
5373 7146
8365 9920
3906 4606
843 2267
3080 4315
9683 5709
6033 9295
3507 7549
2830 6509
7484 5476
3489 3216
5378 6295
6131 2197
2257 9882
3869 9200
7288 6205
6721 6522
8520 3416
1828 2140
2122 2137
7956 6694
1716 4863
3267 2804
7623 6318
7771 6056
3340 504
5912 1736
8228 6227
3912 1037
4364 904
3051 7803
845 9416
8364 5146
805 6205
2287 7792
1510 1072
3813 4755
7660 7368
626 9803
8160 6146
326 6343
4967 9278
9526 2959
5429 7249
8284 611
6704 6705
9315 8636
3555 2456
8807 1808
3913 8197
1314 3542
6375 4189
3279 6669
4286 6493
8779 5495
2836 4913
4529 6217
7526 4616
8972 3230
8371 9713
1537 7302
6210 9207
8088 6536
7198 5732
9070 7593
8401 296
7159 1005
9115 6354
7624 2386
6536 2711
1801 3333
6577 9954
3262 4589
5689 268
7729 8176
3410 2470
798 8478
3066 7815
3415 3690
5549 3074
2888 9476
1853 4898
6727 462
2631 333
5107 9997
8224 441
4343 1458
3198 1035
7670 2843
3788 935
682 8355
4148 1639
9439 687
8138 2409
6297 1913
474 9794
5302 9193
6768 2532
3382 7055
620 2151
3736 429
6082 8199
9221 5213
7858 9542
6521 1030
3349 5080
4252 9144
7842 9605
5583 2199
5557 4726
7100 950
9969 6132
9202 2948
7321 7239
3964 4292
5422 6772
5347 1387
2846 618
1088 7522
6336 4049
6441 6352
3428 9974
5479 9057
8398 9303
8985 18
7214 6233
5399 1102
50 3103
4117 823
4974 483
923 3685
7475 2347
8492 3288
5574 6278
2903 3725
4775 2904
8534 1842
2664 5121
7302 3645
398 2906
3630 8424
3126 9338
9646 9807
6608 2608
7065 6434
9085 1902
5802 8059
7166 5081
7177 4826
6340 9983
2644 5557
3920 3674
6739 7805
2832 7888
4839 5532
9123 1477
416 4356
6076 3047
3187 2621
5940 9811
769 7049
6929 6932
234 4490
7483 3171
7294 5151
8683 4057
7979 3858
9273 7173
5343 3059
823 4479
7801 1087
2666 8398
7789 8520
1105 3047
3644 9080
2074 7538
74 430
2382 5566
7680 2388
2185 4322
1709 864
1132 7303
5064 907
9736 7457
6862 8334
5393 5733
8874 7275
1163 7448
8230 536
8946 9613
1218 7531
1427 6071
963 8430
375 9880
5209 3427
7675 7589
8650 84
2933 97
3826 5598
103 7985
4836 9496
4768 8309
4906 963
2215 7465
3313 5371
9166 8733
2855 6757
9912 5927
5368 1088
7384 4088
3558 5874
5377 3573
760 5738
3069 53
4573 3907
1150 9794
5879 6118
4448 8955
4803 4638
62 1204
108 2580
9554 554
596 7507
1741 8427
8021 8329
9998 9823
1788 5947
9828 7455
4540 8814
8051 5619
9824 3099
6798 1763
1147 394
1532 7913
7105 8788
1411 9219
7506 210
9435 7092
6037 8371
4957 691
7575 9789
5302 61
2210 5497
3817 7371
3500 4248
3819 1392
5029 5349
440 5952
6756 6934
6035 5295
2419 9424
4570 1607
2144 735
9226 2625
6527 4974
3857 5061
9413 2309
5564 4703
1078 2003
6780 7325
2320 1377
2234 4609
455 1186
1112 6497
7091 1691
5486 1284
6010 542
540 8272
3175 2736
6003 5098
9259 7730
9823 1428
1906 8290
2058 7091
5883 8825
1773 996
6117 2640
262 5022
7866 2528
5463 1644
1882 8301
3377 3073
5115 4083
8133 7166
4216 8222
4090 9633
1483 1863
8272 4808
5886 7401
4381 3546
4762 8141
2886 4455
5703 9895
3308 9645
3991 5718
5859 5406
1375 9622
2334 2839
4179 2559
3614 6810
8774 2264
9292 1554
6360 3178
9831 1798
8460 6081
2870 7976
4407 3153
2489 311
8574 9600
9397 113
281 9758
4757 1732
1105 5635
9892 309
8994 6850
8527 8324
9297 9138
3266 4794
1217 1393
961 1376
7922 6993
4027 82
2759 7585
8319 197
2336 3968
482 9708
894 4287
369 1912
2770 8638
2440 2399
2286 8237
6065 9370
4644 2990
4885 7884
5497 2829
8935 1814
1981 7189
6781 8330
1072 3398
5410 315
7654 1695
4471 5975
8643 6521
3428 2446
6608 6035
61 8333
6506 4928
6600 3522
8716 2905
8881 9337
9023 5745
4443 8940
9582 9061
598 6068
436 9453
5367 9276
3290 7838
5988 7730
4995 7105
7880 3439
5076 8912
8895 2176
4394 7804
1775 3762
4395 4646
7104 5856
1230 2114
8504 9480
3269 8556
582 8437
9568 3614
4939 3572
5276 8989
3437 4113
9565 4921
2966 1929
3207 1981
9499 2224
7894 523
9536 865
8308 5632
5687 2719
8932 911
5306 3392
2023 7198
1091 1673
5899 1523
7029 5836
2274 626
3658 9221
8264 7052
258 88
2285 5965
4879 4373
4333 7926
4706 8044
8305 2463
4318 9901
2353 605
5228 9456
7087 2115
690 7371
3998 3952
7644 5202
3801 8697
3247 3661
6152 5970
5387 1269
6925 4526
5407 3474
226 7637
7620 4891
2398 8745
4346 9935
2436 7861
4513 8055
9947 657
742 5556
6577 5559
4193 9878
1558 321
963 5280
9431 3972
3252 6999
6147 6158
5277 2458
1169 9413
7219 1636
557 262
1894 6124
2296 2537
5166 3154
6183 6198
3085 5158
6720 1365
519 6462
6034 2980
8394 3122
3676 8705
6806 1206
335 8901
2040 1509
7741 5931
5583 7231
285 7436
6804 9688
4431 8876
5835 3803
7097 9651
1934 18
2585 7391
9158 5122
183 5465
2691 5120
4048 7532
4712 4216
3259 7770
2083 309
9541 1231
361 4364
1045 517
1600 7618
7367 3188
7846 9117
466 6044
1831 4318
3530 3947
79 2054
7972 5094
3346 186
281 6914
6461 8030
1297 9413
9857 9773
2203 1410
1734 1836
4070 408
6399 2970
4923 5629
5993 9188
6471 5592
995 835
7989 3585
5081 4815
7930 6741
1629 3463
8181 4368
6958 1391
8044 3690
9595 4899
3326 6323
577 6410
5477 5372
527 7828
2792 2110
7925 5838
1109 8251
5559 640
4470 4259
3748 9550
9780 5718
6662 9558
2889 1541
6750 2392
9051 4309
1418 9222
9486 1558
3930 5110
1788 9771
5473 5461
6395 1259
782 735
8417 5007
7809 8965
7610 3456
311 5039
4828 2812
4524 119
4732 9918
8332 6987
3355 6659
3266 6379
3861 2219
4622 825
4023 5958
5941 3778
1611 7825
6857 9949
2411 2359
2491 771
7213 4783
919 8581
8422 8792
3206 5059
5974 4374
9642 1236
9566 1092
3201 7568
4372 5046
8854 3354
5131 8706
5886 8146
4445 5786
9120 1192
1498 5641
2110 3204
8916 4510
3261 9089
6250 2601
9917 5438
8710 4553
5574 7318
1041 8877
6383 546
8722 2360
9444 3366
3915 3131
8936 6139
4030 8340
2146 2376
4450 6047
982 4634
6862 1605
9077 3606
5546 4548
2221 2912
9256 4975
9902 4521
1101 7475
6052 1638
5778 7678
540 9178
729 4287
113 7163
9828 369
4651 2186
1642 3400
161 7095
5319 781
3010 5174
2320 3793
9462 3684
8682 4788
8305 8029
1669 1919
5335 6376
4926 3713
5740 7778
7386 85
8 7536
4963 3210
4837 3089
1356 2976
3075 4910
8786 3943
9520 373
1715 6455
8905 4881
9596 9273
7107 5438
4235 6826
932 452
4837 3177
3037 7485
7982 88
3762 461
2394 3295
5498 7902
4925 5427
2238 7353
8682 2130
3009 5616
4945 3889
5190 1869
2665 1576
4543 7995
8832 9494
144 110
123 3944
726 2431
636 8940
8965 6840
5987 2012
7938 1376
4593 6082
7852 813
1950 9920
5505 8516
6533 8250
4598 870
551 7170
3738 7330
6907 3706
2015 2994
4635 3428
7683 2002
6645 9426
8463 4132
4405 5909
3876 2715
7832 4045
1388 4340
4907 6614
2762 2496
9704 5414
8831 1101
463 2062
2563 3672
4037 4414
9019 7218
1403 361
2045 9823
6906 588
212 8574
7221 2627
4170 9338
6653 2640
2782 9929
7467 8938
5119 5605
6499 8472
1969 4026
215 1735
9855 2323
3519 6676
4455 8558
2267 7993
8314 2041
9789 745
8322 1808
322 2050
937 7674
4113 7536
5446 7363
2452 3524
2154 9947
6698 3759
8052 3814
2258 5939
2883 6373
7456 4995
4215 1345
3300 4484
832 5361
401 3604
9648 9797
8032 9116
2787 1709
5132 9916
9834 9374
4989 7811
9641 4919
7386 5141
5130 5073
7664 3418
2050 9189
2788 9634
4719 4679
4553 9345
9054 1891
9604 8847
8980 3008
3650 3390
9656 5640
3083 9310
8016 6470
9015 6609
4005 7530
5103 4155
8012 2958
3213 6828
6106 9805
43 3727
708 5207
1007 6394
2642 3467
8693 4266
7585 842
3745 6320
7014 900
1612 681
6817 7252
2553 2814
5737 1664
3741 6366
5181 3033
9365 4743
4193 3326
8950 2342
1858 5161
4780 3616
2531 8228
5382 7233
889 7298
7997 8251
3898 9426
1222 2501
1995 6281
5635 9089
45 1847
204 897
6623 17
4619 4402
4508 8582
8049 2128
7898 3637
9858 5984
4934 5528
1298 7927
1796 4707
8789 5023
5834 4282
6387 1231
9271 2461
1858 4173
6469 9290
1876 76
8237 7482
7064 4451
814 1772
2809 2377
8123 8454
1451 5085
466 6324
3346 8231
432 4029
1546 6169
5397 2575
9256 416
4614 4200
5724 1773
8567 4558
1771 4158
840 4333
7686 2391
8698 3066
390 4587
1576 7221
3304 4985
301 5316
8313 1988
4133 2971
8677 2326
1277 1809
5281 8682
5176 8056
5236 1442
5102 9357
551 1741
3056 7061
4938 7980
1041 7061
2609 1873
8152 1343
2739 7324
1848 7824
399 8221
9047 2014
740 3553
9183 4790
4098 970
2404 6519
1150 2242
6751 6619
2726 6137
2392 4809
8551 3402
9834 5562
8722 373
8373 6294
5680 6412
4837 7035
4879 619
463 2600
5759 5120
2460 2936
280 4952
888 3761
5930 870
1717 5048
5770 3665
2145 6926
4088 7905
859 2120
9839 6516
3952 4185
8699 4639
4344 3279
5716 2430
5098 9930
5754 848
6910 1445
8974 5022
7940 8635
1087 2372
8161 7220
7489 2374
548 6144
6627 8870
101 7227
456 2809
2754 9061
2384 4324
4837 3439
2562 1643
1140 2289
1538 1246
1660 6231
1282 7788
3091 5148
9870 4015
6560 7949
3639 612
34 3290
1566 61
8977 9257
4061 5056
7476 8684
9045 3454
7517 172
9846 5280
9939 5061
1592 2054
2209 5335
267 4625
2485 4477
9186 6548
3652 3912
4849 781
1378 1269
1497 177
9342 100
6112 316
7578 1480
7505 8645
53 4234
175 6232
7400 227
5685 260
733 922
6034 8432
3289 894
6425 2025
5655 7936
3416 65
4608 2965
200 1652
162 123
4339 9395
5882 3933
9153 7508
8499 5147
2909 6491
881 396
9997 3135
6802 5192
7500 2708
9276 4623
2810 7475
9523 1928
49 1362
7127 539
8117 3079
2614 3487
9621 3176
3389 7822
5577 6752
7963 3162
5483 2351
9738 8800
7046 1984
6870 6547
717 5881
2685 1929
4593 472
9348 8808
8228 4814
3946 809
8861 9150
9507 336
8889 2636
3606 9736
7877 7780
6625 2358
993 8431
3273 7838
9487 3615
811 3472
6536 3954
117 1057
7977 2458
6667 9600
8220 1779
9228 5371
4538 8961
7609 9689
3964 907
2454 9961
5679 4551
4701 1191
8888 1961
9554 8928
1869 6168
5710 6619
8632 2518
1655 6939
6171 6422
770 6153
4175 2489
3987 9385
6465 326
2972 4840
7610 5849
6255 8945
2113 486
9462 4773
9874 6791
1664 9383
8027 4811
8072 1391
2988 7598
7685 9062
7330 8767
2379 5427
1416 2571
3494 9863
5211 6781
4075 6302
170 7699
8071 3770
7730 7166
1620 2151
4890 2100
879 232
99 594
884 4671
5198 274
4653 8995
8116 8001
1766 5887
566 7808
2713 113
7226 5423
485 840
8099 4829
112 4377
6540 3502
5147 6777
3296 8607
3633 1330
7091 6619
58 5747
7541 7631
7220 779
2964 4651
6351 6997
7670 8772
3807 7775
6353 3855
7432 4276
6604 746
3780 3913
402 5383
7837 3629
2766 8638
6500 7337
7731 3418
4133 7419
3228 2714
2727 6885
3125 7242
5898 4377
5253 9923
9747 6731
2530 3796
5772 3237
5910 1201
8048 937
2178 3029
6520 9013
1745 1595
8237 2994
5340 3394
3779 1826
1946 4706
5980 8034
5644 1907
7899 3180
7008 1204
1712 1313
1586 5049
2240 7939
6441 6343
8023 9918
4254 7560
5457 5584
4922 4938
6901 1500
9742 3948
6921 4172
525 8489
7775 2282
5502 2772
352 4348
1383 7116
8425 3793
1938 971
5833 3720
5038 1802
1132 9352
9543 3872
7947 8879
4544 2718
769 9186
9314 4882
1410 8906
1775 8752
9308 7452
7493 486
9116 1693
9143 3307
4526 2338
6304 3814
5833 2007
1888 8256
468 5338
7934 4519
9152 3292
9617 8304
5664 8697
2970 5916
3707 6514
7263 7448
4230 6111
5097 2454
7058 6835
4265 357
148 1421
5383 8551
2708 6615
7196 6169
1031 349
900 5009
7559 9298
4545 7957
5221 6493
7383 8008
8222 1586
4814 3219
7027 8409
4607 3588
711 4699
5098 6839
7870 3806
3705 2583
5009 8150
948 9715
2045 164
5362 8136
3915 9717
1276 7895
413 2224
7986 2579
8571 8832
1004 2079
5054 1853
9899 6418
6082 9484
4045 8696
9794 151
202 9532
6512 7604
3093 1410
540 9544
6859 9523
2780 5415
336 7036
9440 6744
7808 6325
619 6926
476 4664
5916 1248
610 4521
9016 7032
3868 919
6111 2116
9402 8760
613 9285
3673 5382
5599 8847
3028 3537
5066 7818
2432 6400
2542 4300
2190 6163
4735 7833
7152 5071
9129 5928
8540 2632
1337 9211
3967 7809
6975 5840
9370 958
5980 6615
4716 2113
7979 815
8787 9647
4569 1430
9194 3327
5073 6012
8296 1152
2718 5397
3791 8607
6281 7545
3101 9537
5783 1246
1642 3411
1324 3083
4753 4850
3737 7769
4743 8860
639 9863
119 1327
4499 2544
4187 193
8875 7911
8900 8243
8013 6249
7519 2391
3007 6243
1267 8198
4339 5632
3754 7812
2532 547
4775 8601
4594 3397
7198 8594
6057 3360
3836 2841
1644 1584
9046 6045
7162 7781
7784 9774
9323 4530
1252 4922
5027 7114
2613 8782
4111 9086
1587 4895
8228 5915
8905 4281
8982 4792
4742 5855
6043 6014
7573 3479
4017 8758
8902 5474
9149 1823
455 5746
2013 1911
8918 6984
7419 236
1590 5957
8382 4593
4065 9988
9892 2574
8533 9060
614 3663
9620 4766
5958 4528
8897 5731
6806 2588
2295 4797
6170 4032
5224 4044
1166 7323
3632 5049
9601 6113
5628 7760
677 5642
225 4442
3112 5099
1332 2493
5718 2258
4501 6802
2560 2051
5716 5427
2335 3164
2684 8931
6910 6238
980 1634
1024 6750
516 3797
712 7505
8265 3638
9242 6949
7520 7894
54 6746
5258 2169
9353 8033
4215 5005
401 2075
2631 3720
7375 5627
1072 1610
2250 1137
6475 5728
4633 1552
8505 8941
1440 5765
4498 8337
9724 5329
6219 3766
5120 8777
9484 903
7926 1454
7650 3259
8483 7420
5118 6429
5531 7625
5106 926
4084 9120
5541 7087
4703 2611
3746 7358
8022 4114
3505 8766
3313 1123
7207 8210
8258 8056
4286 8200
2800 6412
8918 5456
7187 327
9430 2448
3560 7855
4270 5829
1580 1294
557 2914
8487 7320
511 9697
5349 5285
3976 6178
1414 7055
4977 8883
4737 2131
5329 3766
815 9241
8918 9182
2473 5043
8081 6389
271 6239
4727 5387
5708 7316
3827 1342
8328 6821
223 5405
506 7653
9286 5196
561 5732
5084 5692
897 4678
9428 4236
7428 2644
1427 946
7493 4436
2105 6238
7936 2345
4543 7111
4314 6445
9043 7098
5598 5415
8512 9300
5583 6962
3089 2783
5588 1090
288 8558
7871 9884
4675 3849
4498 4748
1051 7602
9666 8985
1824 6766
6952 9966
1475 7062
1916 6113
5725 6886
7874 7867
1386 4876
1226 7494
4308 7779
1671 9647
3191 2076
8635 8069
7745 5613
476 1575
5207 2378
2045 3768
8407 8321
7203 4960
7873 8820
6505 6969
6134 4883
8328 7430
2309 8353
8628 272
6817 9149
3949 3550
1255 1314
5410 5311
8298 9747
5744 9208
8408 8779
6003 8382
9195 9166
4778 808
8967 1634
898 8995
5039 8327
4854 2793
5078 1825
6113 256
5946 955
8142 6633
2094 727
9192 1618
2065 9017
4858 1551
880 4227
2483 9784
9466 4357
4766 2483
3814 3110
6336 1126
8108 6237
3717 5985
987 1550
7057 6786
3003 8709
7958 7306
7296 9190
5001 1868
2168 6364
4222 7457
4289 796
8856 2706
9073 7309
5539 5953
196 3909
1814 227
7249 6006
9072 5832
819 1847
7053 4873
2459 6522
1122 3314
6204 6413
1946 1208
3477 148
5309 6954
1355 1219
7451 7225
7504 9285
5472 438
2273 2511
4166 9899
6199 5641
9415 5816
892 977
6027 6384
8035 8509
8393 2644
4776 4378
7444 1479
9053 6042
9938 1123
5990 5622
2160 4486
2279 7808
4553 6344
6659 3757
5250 4675
1861 943
3479 6015
5497 432
6332 7898
6795 1349
5133 9892
5432 4494
899 4272
636 5184
3637 1000
3672 293
2869 5253
9525 709
442 8243
3362 9634
2848 8312
7276 8914
3098 4428
3795 827
5858 6200
4522 2924
1276 4179
8316 7205
6432 3095
3705 2198
423 9245
4865 412
2294 7806
2083 1346
2262 6989
890 8461
9692 5653
2910 9719
140 8367
9870 7705
8354 4442
4861 5637
7323 1707
3955 9004
5363 6991
7542 9549
4194 1640
1504 7830
7762 8536
9288 8270
7165 4727
213 1617
5568 5620
1391 6718
9035 4569
1869 2309
6619 3637
4845 5074
3820 8063
6926 4397
2237 5
3553 174
9278 9245
3650 8522
6418 4914
437 3290
5574 8040
8044 1010
5648 3794
8932 1056
8454 1080
1076 1447
926 1694
2416 5258
8740 489
3973 1697
6228 1875
2313 8346
7824 8745
6358 2108
7801 1453
6679 9574
1252 1261
6782 8699
8139 5423
6881 7155
7066 4488
989 4256
9959 1075
9606 1059
8847 1495
5014 6274
7049 4159
9704 5481
3510 4078
8549 2580
2807 4905
3058 5873
6529 7125
1535 4032
3968 720
8755 9809
980 5295
3983 2283
740 3682
6427 984
7481 8564
7347 4788
7366 5576
9734 3262
3354 4565
2067 5958
4714 5071
8205 2689
4831 5067
3450 7550
544 235
2771 636
8899 6243
911 769
4941 7083
8849 4929
2414 2073
2478 2177
7392 7727
9123 5388
3439 5965
5464 8853
9002 3159
5509 7731
1377 5177
1575 7756
9625 5503
3126 5369
734 252
1465 8917
2892 4778
4616 3564
4498 7895
1717 855
6677 6053
5868 9053
1096 350
4655 2283
1458 7685
7782 7587
5605 9993
4021 7643
7434 2764
4580 8577
9827 4337
6465 6392
4696 7365
1866 4148
3848 7988
2727 8746
1779 6485
1071 2834
1159 5292
371 5254
5902 5456
3981 9428
3209 6453
2735 4443
1786 3148
6148 5847
3159 9846
6324 4327
7202 5963
9553 9130
4855 1253
9415 8005
4960 5196
716 5278
413 2150
3555 2768
8454 2101
6175 1429
9074 2525
6625 6471
4331 3895
4736 920
4158 5960
9198 8199
1457 3474
6139 612
1325 2635
7490 865
3358 9236
5033 4331
6616 6747
6087 2294
7643 5705
3991 3313
9415 7787
7185 485
9558 8843
8795 7917
8792 3712
4538 3991
468 2428
1616 6532
4029 8761
6726 5356
5825 1736
9024 5786
8833 9633
2650 4341
9217 2823
7119 4770
1899 1367
1744 8469
199 1287
7599 5835
2789 3307
6790 59
1289 6104
4811 8845
1031 8671
7269 2016
5147 8025
5888 952
8580 3068
3260 5499
7208 5902
8919 2801
3051 4636
6738 5048
1618 1737
154 6436
5132 6988
7170 9168
2153 7841
9817 1259
8933 5424
4428 3237
7587 7018
7035 4645
101 1011
1265 4376
5577 9542
7319 1068
5278 9941
1532 2375
4844 9372
8230 7628
6834 884
2405 1709
9674 3788
6937 8982
2884 7743
3032 5686
5701 8321
2276 9784
6375 4378
1254 7496
8639 1114
2664 6727
9597 676
187 7020
1028 3501
3025 9988
9336 5222
8624 4689
8764 8122
6315 5762
614 4233
9895 3950
1213 3897
1082 7389
5311 5417
9810 7683
1550 6966
5020 4703
8832 8494
6424 8072
378 5838
7137 8755
5848 5084
2290 4931
7562 7442
2501 4081
6654 6186
2927 3135
7978 1793
1893 1341
9197 5107
8378 9789
9647 6220
3456 7199
5087 2655
906 2231
9274 2226
2915 414
5755 3542
2849 472
6217 272
2024 702
1587 4261
7337 1369
7195 2142
246 3439
1104 5346
1131 7321
8133 4408
9646 9590
2854 5017
4474 5065
3032 1189
8015 2409
757 4782
9158 6326
5674 7249
6596 2599
7727 5596
4510 9285
4332 7623
322 1747
8035 4869
7700 2605
4222 3598
8151 9882
1564 9068
6319 7664
5035 6406
3774 293
724 5355
8262 7408
1858 68
9227 461
8651 4646
3840 4753
286 944
5991 8661
3903 8664
8767 7952
8029 2998
2045 6823
6828 5320
3533 5837
651 2088
8372 2802
7572 9772
1831 5022
9700 344
9206 5088
2976 8793
8222 219
3962 7177
833 5033
3100 1168
9711 782
1114 8328
3548 8735
1367 4504
389 481
7304 5672
4258 3599
8131 9500
1703 917
6971 9086
3387 5915
5778 5555
1936 1482
7847 2470
6844 5039
4064 7143
1920 6850
4270 7898
7228 9171
6722 1355
4512 3636
8138 5882
4378 7352
326 7392
925 4580
1482 1414
2524 4147
1604 348
4162 2741
896 7375
9662 3681
5957 7518
5984 264
8803 4871
7161 3652
5239 6968
2828 9964
1980 3250
9183 1021
4455 1736
1537 1591
6771 7327
1618 7722
9975 5940
5067 8629
2931 6845
5216 2631
7557 5847
9281 8734
6850 9113
8843 4830
359 5902
8522 8849
9520 6519
7397 9169
7338 2761
6872 7508
2503 9202
5365 4674
4571 5266
1254 3042
6219 2956
7168 7912
9761 1736
9768 6085
6922 3291
5000 1466
639 9722
1503 5542
653 4381
4759 5292
9764 2375
2058 9499
5379 6844
9209 203
2461 445
8864 9416
7588 8306
347 230
868 2562
4890 1440
8418 8412
2883 5080
6981 1676
2203 4513
8770 8517
5829 9094
9668 3329
3198 7075
8513 8990
4915 9484
5664 9072
5142 5361
7450 5565
3815 7968
8723 2196
594 688
632 3502
6379 3448
1791 4822
6184 225
6022 5738
1127 9660
2070 4082
4950 5497
715 5839
3815 2522
4269 8539
8551 9270
5555 4697
8846 519
7182 6640
5151 5940
2576 8367
2118 1042
7694 4120
3854 3208
5097 5864
4312 9549
2014 2272
9260 1142
1938 2533
4731 3349
8613 2686
99 9457
8861 8237
2077 8376
151 2870
4240 1331
5671 5016
7011 6761
1423 2914
6140 6156
8444 6675
4286 9377
9370 1556
9794 1372
609 7753
1974 7832
7315 2910
3662 1236
2842 4766
2087 3159
8776 5412
7515 3918
7977 9096
7045 3565
5549 9200
8726 715
5566 912
7553 5819
3543 7263
8434 4809
3974 2572
9489 4197
3021 4119
6047 7775
1145 4950
4889 2278
7093 7855
7373 5805
6185 4595
5803 5051
6344 1256
6856 8935
4947 1712
9372 1160
3487 6953
5161 5329
5905 1058
5126 845
3403 9653
3248 347
8164 3583
9983 8309
4819 391
5756 5140
5969 7796
2344 3555
9588 5839
8382 4560
399 8996
3883 4446
6851 8791
9364 9585
682 4234
8369 8435
4 290
8771 2930
4341 581
7443 8938
4082 4628
8633 6302
8382 5470
8323 3552
9265 7619
3145 9063
9691 6446
4253 9833
7849 1663
1305 3878
5306 2292
8289 1260
3118 5539
9626 3083
8856 8757
4604 9039
9303 2649
3117 2493
9046 4884
5962 2446
7173 1305
4603 4601
889 9267
8093 7945
5088 6463
6228 289
5215 1460
3960 4177
8933 7989
7005 8178
3643 2742
3413 5841
4430 3448
9597 1474
2134 2248
9964 6731
932 6053
7742 5623
9993 8943
1546 5946
2392 4360
4471 5957
9200 189
9884 755
4328 8281
4621 1584
9478 8471
5557 9753
9544 9979
9140 4136
6726 9992
3303 3727
2446 6293
7544 9148
3416 6789
7691 7784
568 270
347 1495
4198 4434
8301 6517
3490 7279
7161 4883
4226 6064
6218 5056
2078 9617
2989 2771
6406 6688
4628 2013
2128 3781
5565 7445
3260 3637
56 5687
4679 3275
5749 3450
5723 4294
9814 6429
2668 8757
301 7850
2414 2579
7212 3760
6173 6893
5679 2277
6297 1029
3175 2073
1150 1285
6760 3214
2068 2222
604 3975
1045 9998
7716 3744
5006 885
8565 3336
9158 3356
5411 2416
2232 9047
6764 8807
9117 5192
3157 219
5718 7801
8324 8802
530 629
4685 2944
9565 2880
828 8084
5489 411
4650 7251
9768 6187
5638 6809
2426 385
4194 4086
7359 8041
2028 4311
3031 2931
2050 9101
1263 2580
5297 254
3681 6334
753 8314
2205 6433
4225 7980
1834 4651
3064 2686
8837 9350
134 481
5153 5721
379 8305
406 8932
5941 340
7489 9815
2699 182
9465 7195
1985 3802
2002 9077
8685 5525
2482 6470
1094 5407
7037 2141
8539 1449
83 173
2275 3662
2570 4911
4934 6339
3337 1478
1400 5729
204 8272
8450 9848
89 3882
8092 3631
1471 2385
1003 5875
3352 2202
5792 1966
8933 8893
1133 6364
286 2388
7642 5480
1828 1899
7068 4455
8696 2939
3710 1019
9106 5944
8217 7164
6413 9120
793 6954
7417 1379
3972 5163
6553 471
99 6858
7063 8620
7352 7392
5396 2912
5886 4403
6850 3971
6686 1841
9348 2881
469 1043
3785 9242
5992 2132
4088 1996
613 5210
2548 4315
2550 8390
652 2721
7192 3732
7148 9019
4538 8699
3427 5439
9118 5478
6864 9482
5397 6736
810 3577
1036 6026
5137 6537
7413 1037
4044 1532
9228 6264
3764 5288
3399 4198
3665 5198
1774 2887
338 7980
1620 64
3644 9910
3923 4344
4045 8522
3554 6895
4790 5481
5721 5848
4787 2295
4876 734
4016 7291
5190 481
7742 2317
5248 8982
9433 634
9511 3586
2461 8413
3430 4785
7306 3742
1877 7864
7071 2333
9036 1621
5721 3586
934 655
3394 8755
5439 161
6859 6759
1534 6201
734 1964
3089 7951
9380 1641
4729 3955
7683 4165
8343 1599
4532 2539
6008 4244
6562 432
1886 6353
2573 1390
9121 8421
2105 2579
5218 3935
8805 6341
9679 6386
129 5866
2423 1327
545 6828
19 5845
699 4670
5494 8801
45 955
1429 7628
5644 2618
3103 4060
8071 6172
3468 7994
9048 2648
7409 2920
2013 2828
3591 9637
3754 125
5964 694
1323 8196
508 3125
8082 4124
7501 4846
5523 6179
1424 2453
9651 3081
1602 7104
6254 9070
3752 2606
5288 5343
3365 828
3767 3690
2521 2695
2814 1994
3666 6428
5901 5744
5747 8937
7984 5346
2546 7808
4827 3041
4333 5427
8447 9052
8699 2923
1232 713
3623 1154
9200 6753
9237 8927
3481 2254
633 3023
1681 7378
6236 4350
2674 7894
526 5936
3915 1363
779 3985
3140 309
3299 7814
7994 83
7307 5649
5658 3307
8497 7570
2502 6494
1448 2172
6809 7815
1146 3237
7680 5956
8031 5240
2095 4139
2241 9937
5811 7848
9331 5363
2004 6401
5459 1837
7109 4920
7024 8928
6127 3929
2887 2351
2348 7039
368 9975
7606 3257
9032 8259
39 3414
2755 9369
1971 7191
9708 6945
3591 7473
8198 1402
4157 9178
7397 3547
4271 8861
7964 304
5637 3067
2537 9004
7612 4689
9767 6229
5552 7054
9850 3
5405 8026
2812 4302
2638 6563
6197 6887
801 9524
4243 1039
9739 7207
3207 2508
1490 1396
6005 94
1969 1188
197 1766
7304 8427
825 1902
9538 9365
4226 528
241 2237
2073 362
7355 140
9512 6903
2142 9526
8923 58
7475 168
3549 251
4789 224
6606 6636
8143 2769
2545 5939
7891 8499
7067 3932
3735 1973
51 7737
2117 3888
248 1623
9716 2326
8046 9623
2051 354
9146 6451
2985 3322
1854 620
8104 1907
2585 5173
721 3071
9741 9826
6593 1837
7433 7019
6664 3879
6383 2779
9095 7354
6225 8912
2866 8607
7470 3188
5942 531
1334 6052
5739 5604
4655 9316
4139 9572
3401 1435
3866 4556
1328 2940
8637 9155
9708 5923
5859 4588
6916 8689
2690 1366
1090 5875
5313 1604
4624 3587
542 4366
5446 9213
3969 6265
8878 4277
2430 3871
413 3833
1274 717
7482 9821
3911 3436
8305 1989
2675 4602
4129 8646
6207 686
7500 2191
5120 4775
8400 3354
3045 3112
9364 7943
6352 5272
8581 4905
2687 4804
8453 8057
6306 7344
9987 2695
811 3873
7250 641
4363 795
8160 5442
4862 3709
7331 1933
3587 50
9915 3382
8564 9707
2797 1782
1361 1451
5873 2433
6264 8746
8966 4806
9633 7056
3343 2786
712 4881
1129 2871
5734 6468
5109 2594
2176 9885
1308 4009
1957 9550
9127 1077
8959 3097
4936 4298
4449 1406
3427 361
4296 6058
2612 2384
9663 2008
7087 4493
8377 8828
9982 5533
5747 6873
8211 2686
9403 272
2982 9121
3875 4964
4020 2830
9252 6022
425 5598
4256 4109
3569 2903
146 5343
509 1289
7041 6189
3802 3487
7403 7970
9617 3611
9802 6929
4640 7319
5449 5845
2628 2810
3286 2139
4515 8823
7053 3999
246 3852
2422 9194
6805 2347
3686 8078
7363 8858
3479 6523
8070 30
2679 8228
6568 8042
3010 1260
2537 9008
7367 8222
3613 6492
1756 6948
2836 6146
6050 2557
7662 5313
2272 1128
1390 6515
5951 2983
2799 9278
6091 8345
2868 1141
5770 4282
2917 7233
4082 10000
6497 3637
6681 5880
73 496
9511 6183
9380 3382
7880 2528
9653 8122
901 4868
2439 1781
264 7818
8586 3239
6933 8036
4763 4006
2026 5105
3425 5690
4899 9678
1651 6018
4986 7107
9447 5258
630 7835
3944 4687
567 8066
5404 9469
5719 9613
5305 6636
4515 1021
3651 4278
8412 3814
6617 6524
3223 3268
8175 7307
6386 5670
9750 8223
6959 6328
8627 3228
1163 8151
1848 6740
5873 6616
7586 1213
6479 9289
6844 8221
8439 1600
8419 1318
868 9494
7734 7516
4131 1222
5103 9902
8903 9378
8136 8466
6235 5746
383 6118
9352 8104
3696 9026
752 1503
7279 5062
1401 7311
1415 7563
4582 4709
9558 6760
201 9930
7751 4824
5990 2172
5680 1413
9550 1010
5144 795
4597 4690
6047 3315
8388 2007
9422 7850
7013 5728
1593 1531
3148 9617
604 4936
5893 3287
5264 9332
9719 3387
4093 7859
7878 8177
9185 1272
9653 4266
2140 5652
4534 6097
173 3095
1142 5434
2753 8246
7847 2299
4416 9302
774 7910
5920 8301
97 4014
8648 3028
9434 3626
5943 6383
2320 2397
9940 3346
6971 9300
7261 7213
9166 2272
6886 9148
5367 2828
1149 39
4528 6107
7761 8967
3968 1051
3159 2414
9022 1685
6713 7582
3250 7544
1109 4426
8303 3563
7746 8269
738 6552
4907 1621
800 6822
6210 6811
5676 4039
9612 2574
9965 5530
3154 7196
1353 776
5553 5521
5652 224
2089 5589
1458 5277
8823 46
3981 8028
7253 6806
8138 379
246 2452
9137 8726
5694 4097
1911 2110
3425 1496
6232 1141
8303 7446
5103 2024
9750 8959
6384 3870
2794 1881
4719 9872
7046 106
9784 5012
5442 3109
5246 4252
644 4881
9770 6545
4621 6174
6058 6115
5393 3457
5287 5022
7677 1420
1614 2623
5180 3956
6686 8340
5738 6756
1950 6047
9947 2477
7912 8235
6718 3580
5985 1780
3351 8398
1554 4400
8434 5979
7443 1465
9725 338
7485 1310
2407 4365
7100 8768
6987 5408
8410 8925
8668 4305
836 2226
3512 3583
8172 3731
3954 6931
9309 6025
6836 7260
7761 1473
1303 9993
7159 4600
3287 1609
9172 5698
6266 7390
3597 2832
568 1777
4404 2059
7482 3534
4638 2268
6295 5649
7044 1600
4854 55
9442 420
9555 6514
2375 6089
2673 9572
7483 8522
5238 8400
2886 5380
1613 5614
4013 2139
3495 1727
8482 8349
7136 8072
8882 6749
2501 2625
7559 1571
4231 5346
5585 4930
9395 6835
7336 6692
8085 2986
8083 3176
8303 1979
1213 6891
5237 3600
640 1194
6028 9270
2273 6093
5859 5506
6624 366
7975 7786
4216 8956
3279 5012
2255 480
201 5248
4842 2358
7122 8736
3429 9919
4520 7161
1048 4918
9708 5865
6260 9283
2298 1495
1556 5330
5300 7181
6624 2760
3483 4350
4475 8588
8364 9641
675 7495
6910 8424
2784 6930
5033 2078
740 2884
2481 8856
9572 8434
411 277
9657 6619
5055 7888
5033 538
8475 3152
1816 1375
9095 9438
4923 1007
8490 975
9854 807
903 4630
7765 4104
2033 468
8110 6862
2306 4624
9095 2709
9820 2680
9438 3042
2224 9424
6826 7024
32 9425
5362 4095
2801 747
5751 1695
9859 1081
7642 5233
258 3823
7547 6323
1132 8276
2447 6698
7178 1241
6989 2352
6382 8520
4084 1407
9155 4560
2449 2315
5510 2872
6680 4905
7010 8452
5868 1516
1187 639
8117 7236
8083 8546
5280 7149
8239 3529
3924 708
6160 7972
7812 6778
952 3573
378 315
3618 7904
1503 4014
7413 5808
2030 9291
5550 2168
3777 6567
2751 2401
7310 3611
565 9701
7439 91
1208 4444
8978 3294
4784 2753
300 2754
248 4084
7251 3438
5115 978
4016 7242
2212 2416
3284 6539
1359 2143
728 8775
7977 3725
2174 8369
6527 5873
8140 7477
756 7821
6085 2857
7123 3635
9503 5810
3101 7320
9728 5970
9012 436
5003 1793
6319 4978
3424 8235
6907 1113
6227 2208
4956 8074
2754 7377
1005 2373
7048 2423
7363 4832
8045 8860
4528 6033
1793 9689
7688 9415
9673 7571
4343 4022
4933 3015
3064 4105
2717 4076
1498 211
9816 3503
3748 7993
6393 5083
4671 1266
6955 1764
9124 6895
4044 3092
912 3396
9628 2304
9627 9467
8707 397
6194 6021
4479 5736
3254 7394
1974 810
8419 8201
2014 217
7954 2655
8880 5540
9527 3363
774 2168
9309 7203
6229 3792
4569 1062
6969 903
7089 729
6151 8544
1827 1724
5683 6492
3847 3620
1108 973
8340 4874
2038 9707
822 191
6915 5344
7083 9823
2323 3454
3170 1223
16 5164
3266 5163
5337 2766
9592 4901
5479 2047
4012 8847
2854 2757
9309 7375
4869 8158
2626 5354
143 6943
4508 7837
4577 7269
8129 8701
8570 8765
2811 5405
1549 1738
1070 3311
2202 8684
956 3661
8509 8809
6544 2101
5623 2094
8089 7878
1259 9140
1764 9929
9186 1676
3806 3922
7832 5443
1480 4092
527 8546
104 1078
7857 2151
8466 9355
4183 6942
2620 7535
5210 3293
7401 7232
1506 590
846 2044
5078 2656
2766 3360
5450 7938
4742 1446
3371 3841
514 4266
8442 7083
3090 2353
8635 9372
1860 7630
8817 4292
2392 5515
430 4051
2783 3041
5567 3122
4545 1817
7145 2230
4620 6277
325 9133
2377 6654
1062 7120
8106 7636
6310 9641
7728 2877
8917 2115
6495 2128
1908 6204
7526 9337
2545 1545
4611 2977
5539 4031
49 4201
2117 4509
1533 8025
3647 6964
5443 4566
9569 6521
1564 40
789 9418
6583 4811
6459 3098
4482 7264
418 68
4862 6704
9124 5614
8777 8798
5034 6884
2569 4254
4212 3116
6524 9057
1023 9314
7732 3870
5467 5321
3095 4644
4767 516
8699 3097
3173 4242
2046 6242
2496 6407
4746 7745
9880 4412
8222 1942
3852 7724
779 8493
8885 6170
4437 6054
2911 728
554 3112
3179 4300
1844 7464
7581 4145
1255 7746
8741 9972
2299 693
5587 2135
4106 9907
9691 2900
4905 6693
5594 1090
9768 2019
513 4420
5114 4761
6074 5062
1246 3651
5083 1349
6863 8081
7909 2822
1630 8779
2949 6941
1547 9581
7881 7538
388 2539
8717 9419
4242 819
1947 1812
3567 1860
8694 3920
8646 3107
3788 3955
2258 4558
3225 3053
3494 4056
5797 6898
6795 9940
4005 2218
3311 6742
7011 5985
6467 7776
7339 2768
1655 8348
2343 6302
1484 5342
6163 888
8033 6559
7151 1038
3261 7574
4892 8969
6012 8295
5150 801
7451 3605
3585 3047
1892 1851
6750 4237
7715 7694
5960 9995
7121 1233
9065 4052
9651 750
4361 3108
2308 3188
7157 239
3798 2084
20 4927
8516 6852
929 9886
5756 3684
3667 3927
3365 8130
3480 1267
1528 6331
7860 3695
788 6353
3568 7622
4146 7257
2132 5490
9705 6614
411 7310
2945 834
8377 4733
4319 2064
524 1797
3119 9853
9973 339
9772 3419
2280 8229
8251 2387
3716 4367
8812 1488
1263 9683
7713 2936
6333 3283
3648 6250
2869 4057
7543 4002
4122 2119
2423 5748
5754 1736
8752 9914
7213 5057
9111 7844
2257 8393
5794 4889
1830 5484
6771 5350
7345 3005
7678 2499
3061 186
5225 7897
5904 8529
2027 3064
8308 5411
7950 3479
7729 786
2850 3649
6333 4474
5927 4911
2145 3084
9133 3768
9017 523
2092 129
8542 1374
9278 3557
1868 8033
7727 1104
610 9832
5054 5897
249 6308
737 2043
4309 8328
7056 1233
9213 7067
6018 4684
8857 369
3491 8485
3177 9221
4652 2055
2614 6614
5974 5109
6750 8828
1407 909
2228 2166
4719 2578
4524 3888
2819 6596
9006 871
6752 4188
1995 2943
524 3918
9888 2924
7398 7369
2930 9364
3816 1006
623 6202
906 6082
5160 3030
1124 9587
480 4867
4531 3800
4356 7960
1312 3865
7611 2147
8202 6650
1241 7830
3917 9482
98 6020
5388 4045
6143 5100
1296 7314
5387 1714
9978 6057
6031 4612
5900 4010
156 7897
9068 7359
4525 9791
1286 9430
482 6726
1632 9355
9418 858
6653 1772
2855 3158
9030 6553
7991 7241
3346 6971
6901 7964
8070 7915
6608 296
7452 398
8 4262
7848 905
1573 7448
5941 5736
8337 5534
6611 1087
5315 3018
2375 1848
5430 6751
9229 9189
9285 3485
627 7387
9333 269
9831 4582
3826 5845
457 1979
8419 379
2182 2604
7832 369
2812 9973
8618 4704
9231 3447
4176 1729
2524 3423
5392 6881
7780 9604
5871 1810
1935 3478
6238 8284
3489 8198
4409 4905
571 9157
9131 2622
596 2491
2306 8662
5407 6908
2433 3011
8715 9948
8348 8365
542 6716
8330 16
2869 9948
6534 9218
5368 8726
7482 2333
3847 5186
4215 4361
8759 9916
9779 8704
6230 1223
8777 9259
4051 619
2507 2778
3011 4673
6791 8739
9748 5633
2820 5464
4605 4722
6123 5874
2952 2440
7643 474
5527 9986
6446 9974
6004 9110
4199 5322
7954 5850
5550 6621
5633 2281
3123 3265
9738 5445
3394 8147
5620 7396
6232 5515
956 8615
8630 2068
8047 437
9853 6611
714 9214
9783 8879
7332 6334
4572 9848
1500 5443
8705 3351
306 3218
4738 4847
6481 5903
3407 3037
718 1386
8118 9977
4687 2661
4879 2862
4143 4719
7818 9655
4570 4523
8746 3420
5515 2250
3184 4230
5723 4869
5372 8453
2192 240
3653 4617
8360 4540
1192 6238
5756 7741
157 7824
9963 824
3070 8740
4107 8577
736 3369
3972 6688
4215 3303
2833 556
4650 1772
5775 2140
5066 3430
4896 7839
7382 8096
8930 3308
6119 1944
6467 8237
6869 9961
3483 6687
4154 3065
5442 5904
1873 2461
9175 5295
8014 9622
7586 3532
2720 8089
3209 4659
9980 913
7216 8949
7421 2222
6441 5607
7848 2832
3273 1383
5320 5659
5709 3550
6133 3380
1294 1008
6627 8507
6547 5481
5881 98
1005 3398
5060 6770
2276 7634
2902 6397
6560 1357
6108 7517
8885 4541
3247 5610
149 6887
4073 3409
2662 6861
9266 4929
5745 2755
612 6084
4972 6001
9903 1459
4585 4984
2046 8437
3741 3991
9102 2845
9212 208
7845 338
5877 356
9932 3160
4033 6807
1319 3830
4015 2256
4509 3533
5213 812
3023 9505
7457 5100
4823 8409
3241 7562
2270 1416
8268 3408
9638 9481
7561 6635
9528 9225
4994 2245
6006 2144
7908 5402
9521 8090
3644 5163
7678 1927
5278 775
2009 4428
9500 9198
4627 8480
7725 3310
5584 6483
6175 8699
5752 2596
285 2933
2057 2779
5029 5464
5555 706
1219 5765
4333 7876
7035 3521
8442 216
2232 9519
3646 9808
9376 2270
8217 3227
9581 3884
6845 2079
5829 7464
429 4652
9518 3381
9298 6559
9509 2618
104 1211
2245 136
1949 4029
6937 5296
454 5499
9486 2130
4719 3506
3739 3399
1066 81
4005 6411
8440 7685
9867 2176
9324 1678
9292 9044
548 5401
8118 2162
1022 5510
7926 5549
7960 6927
5177 8477
4695 9551
2163 8900
1336 3980
9745 8799
2202 9533
5591 9878
1685 867
6092 9227
964 3092
1269 1773
3565 9355
1907 9778
1831 4621
5253 3321
7922 8284
6127 8346
3962 6110
3864 2875
1246 752
6851 912
4549 3862
1129 8230
8103 6639
8525 9341
7738 3013
6922 4037
932 2533
695 6290
264 304
1463 3049
430 8367
6934 3461
5762 9956
6208 4724
7866 1843
2403 1968
7139 7683
1985 5059
4773 5202
9273 1772
419 3140
9413 8804
8774 7478
7461 241
9244 8273
8967 7108
4220 9374
4235 2865
6504 9080
8483 890
4270 4700
7182 3280
2878 7106
6844 6398
5136 1533
9251 3975
7417 7580
1613 308
7881 6146
9342 8972
526 8261
5343 7484
3587 7941
5354 4948
9305 2341
9063 6753
8104 8647
6074 8561
8000 7483
1803 4920
4322 2224
8576 8091
2132 6739
713 6699
2448 481
2339 6491
7360 8113
2504 3298
8648 56
9962 4284
2950 748
4098 9588
5309 6908
5290 4183
724 7589
4560 2115
3063 5664
3941 6903
7672 1776
3935 616
1962 9997
1222 6370
1286 7725
2999 5544
3345 1671
5551 4648
985 697
9438 2554
7891 1301
60 7875
9066 8420
5296 5732
4098 9868
7240 3666
8877 9096
3701 8060
9860 9089
3594 5959
8169 1039
3040 4194
7798 6107
5722 2966
9391 7266
9188 898
4540 9365
7609 2848
8005 5713
2691 8406
4728 7082
9682 4094
4796 9580
4375 3789
1258 723
2226 9773
1164 5779
3621 8057
6628 7600
6901 9282
1888 5177
5945 5305
6352 2592
7643 4059
6212 4654
3742 9781
2056 2765
7827 7446
2631 3700
2294 1938
5465 6257
5318 1701
8183 2404
687 9303
3098 5460
4546 1015
1866 5191
1296 765
804 2054
9239 8300
27 2325
1201 8619
15 6490
4781 1336
2331 7570
1170 6273
5357 36
4346 4015
2670 8407
1793 4168
7301 8710
6856 3829
6363 1949
2745 3696
1367 7002
513 9467
3903 7096
385 3299
5535 984
5153 8079
3825 90
8726 3896
8428 972
2206 4836
6719 9278
7560 6334
9692 6412
1153 2381
9256 5025
488 2861
1046 4525
127 3685
6111 4840
9665 6992
6155 2843
7737 675
8264 2434
5933 3147
8763 6856
4828 3230
2014 2067
5879 8982
6120 2226
7937 8742
2219 5072
8047 2982
7499 3654
1933 7639
9390 3119
8000 8086
1474 5721
7605 3057
792 6989
3907 2283
2196 8560
4055 2529
5817 1485
9715 241
2669 6795
5397 9256
3594 9696
9978 2624
9749 4019
9188 5074
5261 3958
463 5825
6180 6927
6943 272
8711 6960
9021 7240
192 887
7577 2266
8542 4471
5466 8160
5792 7474
1908 8268
1558 1065
5231 2434
9077 8891
7658 5551
5424 3364
8706 5912
8300 8401
4618 7046
8975 3760
2007 6346
247 6688
6608 2307
8784 3972
53 1338
6390 793
1428 5495
2213 8502
7363 9388
4404 7427
4221 2072
9508 8523
8410 8267
9943 7710
8524 6848
2177 8008
4675 9265
2186 7581
1344 7967
738 3452
3825 6716
6 3739
1529 5031
345 7787
1554 2110
3895 2967
7257 4055
9115 7692
8739 7099
4721 8338
6531 8276
5216 2534
4019 1871
1318 5615
9258 627
7677 4369
2059 6055
7105 9575
3592 2074
3274 3280
3471 9980
3022 9430
6019 4799
44 9608
4031 7086
517 3627
1553 8659
7926 1719
3070 3532
8174 4159
9824 1515
46 5423
605 9218
3446 4052
9822 3431
6803 8275
4061 9321
3726 7984
7753 9991
1886 1468
3172 3658
8841 9127
2130 2387
184 8075
3066 6903
9969 3262
2933 8377
6596 949
1518 2569
783 3618
5898 8484
4122 4924
8645 3500
9611 2428
6971 732
5231 1981
5743 7852
6312 1940
4162 3339
6169 7270
7623 8404
3266 3638
3761 3593
6923 233
2754 2241
6629 8787
1171 2001
4395 3757
4092 871
6743 4694
9066 1594
1428 7511
7262 4732
2263 7810
6661 9914
3135 1303
7538 4034
6748 7452
4623 3343
6476 3440
6807 8149
1113 6056
2122 2278
1342 6454
4774 9820
9601 9655
7893 2528
3206 1934
4597 7076
6642 9994
3693 302
2606 5846
3443 9830
2314 5469
9137 3726
9979 6167
3233 287
6025 9884
7999 9638
8630 8332
5718 3944
685 8442
6870 9594
695 5253
6080 8973
7846 6225
2901 6988
2784 7596
3469 7667
4372 65
7613 2255
1500 8426
2978 399
2151 3262
2615 2821
7008 9163
3497 6980
2439 9566
9083 1652
9270 159
1019 147
5099 3177
6107 1022
6598 6497
5389 2101
8867 1784
1734 9302
975 5637
6695 7290
2322 5641
947 6408
5942 7180
7159 8842
1975 5133
985 4557
1461 9743
2961 7023
2482 2191
4507 2077
4847 1625
5059 4525
6468 4749
2950 2360
8839 4346
3836 2706
497 3530
8408 3956
6381 9067
9633 7668
1954 7337
4927 2670
1945 2159
8930 5374
3005 3867
1249 3905
8942 985
3809 4133
2647 7989
989 6581
1968 2328
5465 8099
5857 1703
5973 3441
2129 2497
2284 4517
5355 7150
4229 3958
5637 7352
9562 1727
4313 7133
1368 2034
7965 8455
5515 4483
1195 1072
7609 4293
5175 520
8818 6852
3623 6179
4395 7264
7764 6112
2220 1817
8190 7674
8485 4916
7424 362
5842 2284
6626 6774
7759 9717
6745 1694
3917 4532
1086 112
9381 5619
2035 3893
7610 9630
3740 6815
1124 7274
3812 5175
855 9575
1430 2753
9697 9726
8810 6721
738 4396
8178 1194
9802 1468
5224 4202
4527 3437
5614 2007
80 9937
1866 2087
5653 1771
5274 7577
3203 233
345 7312
7977 866
1629 4721
4733 173
286 4897
3344 2765
9775 1383
2209 6262
1063 863
887 687
6861 4596
950 5830
4743 1967
6808 3064
5951 1223
9405 1645
1711 5428
5177 6439
1701 6881
9080 4918
4653 9389
3577 4
6620 4114
978 3423
3599 7124
9667 7234
3470 9431
8220 833
4019 8848
4507 4694
5754 8834
1636 4709
7946 65
6368 3989
5552 2160
6328 2908
5453 8215
890 1428
610 4859
4018 2132
8810 4092
6552 2686
816 4380
9993 3749
1152 1353
2491 4895
6358 8272
9493 862
9396 9204
9838 9123
3299 1167
9122 5016
9625 4936
551 5986
7178 5457
4808 9122
1355 3215
3754 8403
4773 636
7405 21
176 9277
6008 8085
1085 1441
476 7462
8974 4355
9577 6310
3232 8972
842 2441
3760 2530
9180 3473
2135 6849
6842 7272
6729 1623
3257 497
5296 4083
839 3705
2866 6514
9159 9784
8253 1536
6462 2273
1669 9219
1760 8022
7669 4405
744 1759
5132 3667
6068 1627
1787 7237
168 9756
1986 4273
1353 3766
8969 9941
2626 4239
5055 1969
5591 9708
1685 8490
4457 2742
1792 3368
6132 8199
2308 9348
3714 2683
2778 3169
4106 1943
7863 7705
6824 8806
1410 4217
4495 9475
8130 290
8313 7805
383 7845
3623 6930
7643 7042
7456 7375
8985 5494
8987 6841
3422 8504
5430 7992
7359 2252
5867 857
7538 3174
7302 4623
7088 2353
5330 8132
9503 667
4684 4045
4684 4856
5337 2065
6307 4
6067 9573
2764 3844
3324 1903
3959 7995
8995 1895
23 7096
9221 853
1726 9718
2739 4220
9387 1936
8681 3847
1092 2600
322 2538
9081 8283
6381 6009
9477 1561
1802 4835
527 4401
4199 3227
6966 3555
5719 6290
6692 5951
7755 3074
6508 4150
140 4871
2833 72
9472 8118
1126 1982
2382 9600
6264 8477
4288 6305
9598 6043
851 9300
2777 8024
8749 6303
9171 6792
6774 3466
9161 3269
8783 7352
7030 1985
7902 2240
469 9520
9218 6036
5250 4118
417 364
2976 4426
4898 968
4406 3612
8997 6039
1573 9043
8068 2939
3011 2742
1038 7427
7772 1797
9606 6100
2914 7236
4551 7830
5813 5143
314 5456
168 7447
2914 7082
3008 7245
5315 9899
9867 3202
1420 7739
4631 3942
7500 236
5470 5140
7017 7921
3676 5803
3465 4981
8187 6542
7057 8044
7051 1159
7476 5110
4227 2562
6003 2048
7337 5442
4210 3973
9550 261
8165 7099
1081 2006
2266 7318
3626 6654
2732 9324
6142 3362
1565 1563
9340 338
4006 5862
8906 6412
6220 4313
9126 1507
9852 2779
4188 836
6393 6827
2600 4283
8329 7590
2465 9628
4481 8348
9740 5247
5465 3598
7450 6866
5500 3616
5840 7010
2044 5685
9768 4251
7179 846
623 3656
1177 1747
8816 2078
1493 2680
1071 5132
4639 6522
4696 9292
848 7383
898 3059
2687 9585
3275 3459
6360 5358
7845 4632
1290 5343
6982 5998
6658 9043
490 5514
4187 4739
6657 9730
1633 2051
7778 4322
7437 1513
2398 7622
771 4046
7119 3012
8858 8783
1811 7602
9872 2785
2792 5513
6714 4506
8344 5722
2369 5901
7917 6999
9388 2706
3813 7157
5619 95
841 8485
2302 4380
8785 1896
3257 9934
6693 9034
4833 3105
1815 8831
2347 4553
1538 6077
2931 8382
2561 7236
2056 9355
4421 3042
6630 3322
8307 3638
3298 3423
542 9095
9996 197
2148 4946
2661 6342
1704 4697
4500 1468
9140 8098
6981 5945
8242 6115
2390 8635
5397 2347
5210 9829
7206 7809
5217 3039
4362 418
5490 786
4511 4034
9614 6483
1250 2071
6091 7655
1971 1091
5819 7120
3065 1178
4155 8601
2528 2290
1786 5652
8807 3776
5544 8061
1690 3954
6956 428
6898 8558
4916 8241
1783 6130
8333 8468
946 1763
7742 8876
578 2461
263 2424
9769 804
4602 513
6068 4766
4381 5410
5113 1294
5187 5193
9849 6199
9236 7337
6979 9643
9824 4470
9807 2608
921 9075
8039 1648
712 6426
1988 1503
3218 86
3762 6378
8932 9775
6947 8868
8008 5469
7925 5142
9789 2452
4574 468
6356 3913
1525 6700
9884 7059
8417 2202
1192 4898
7227 9292
8458 8189
1421 2575
5175 673
2483 379
3290 3326
3217 884
945 2320
133 7308
5807 4646
896 8091
6881 7669
2046 7822
7270 7581
7757 6880
1798 1023
806 3212
7044 4084
9807 3467
2684 7503
1270 6498
8717 4313
9979 1365
869 1339
9126 2216
7667 4115
1704 3145
3815 3252
4032 7881
1072 5255
4144 1530
5007 2350
7941 3874
9851 4775
2191 39
6974 4137
8109 8577
2604 589
4080 7410
6107 3483
6702 5048
5583 7429
745 6935
2875 3973
4822 2367
8654 1167
515 7423
5652 3792
6358 8684
8765 2144
2714 7905
306 9981
5950 5245
3145 5831
4041 8540
1467 8712
7249 7857
681 5209
9690 229
1758 3639
1148 361
8862 242
2304 8212
2137 7593
3120 4824
7857 4622
6835 2781
6098 4056
5520 6469
2009 5678
1889 7529
2852 4181
353 7266
8616 4787
1874 6295
9368 7101
2651 1465
1179 642
1405 7596
5178 7769
71 4442
4495 2195
2963 5382
4830 9008
5320 1982
2302 9866
2219 3093
2501 4997
8456 5143
2266 4855
5245 5078
1828 2851
1327 6288
8023 4340
1504 2898
684 9324
4458 1117
429 6673
6514 5134
7393 3703
1997 3684
2117 5036
1764 4609
9422 1226
2557 4825
9126 4450
5308 5195
5422 4651
4182 9963
200 2265
3925 8516
5588 875
7894 5563
2095 7643
5730 6244
202 8177
4004 3796
6526 9002
9625 8148
5016 7822
6163 1830
6707 8426
345 5753
6582 8545
9677 3830
5583 5726
4066 7061
3419 459
1506 1934
5953 352
4158 3509
7927 844
5025 6148
9700 8979
8416 9778
9501 6492
5193 9786
3997 368
9360 6611
2295 3063
5411 2336
807 604
1209 1390
4326 766
2103 159
5608 5501
606 1893
5663 6308
3589 1870
9936 2909
2149 9806
6931 5548
9593 4334
8557 3269
7340 7775
2048 4519
439 4762
849 4970
7695 8861
6663 3350
7696 682
7113 3919
5806 1960
4041 2514
5389 9332
3764 865
6593 3231
3936 7292
4559 6285
2920 5844
7362 3087
1117 2871
2269 8839
2236 3958
2900 5873
3533 3365
9609 4103
469 9239
8994 1426
2204 6659
2529 5885
376 6770
5140 2390
9284 4068
8829 558
128 962
7492 7641
3725 9140
9573 3212
6564 1514
8842 9412
4730 8330
2461 2384
9009 7697
838 8901
9306 7853
4777 1316
4635 2477
9485 2844
3999 5111
279 4112
1087 4669
2861 9525
4528 7486
7355 7420
4652 1640
3376 1079
6284 7173
6047 8148
5917 1544
6072 6247
6188 2396
3897 8198
9037 5125
8604 7590
62 5503
8331 5365
223 8097
3861 2898
1523 912
4817 8993
3015 5372
5934 1937
840 362
1363 8321
7478 6723
8330 4089
7349 4256
11 7465
9562 8620
517 7612
2416 3819
3307 7615
6064 5941
8899 2870
6376 5345
4985 7152
888 1168
6238 9156
3209 1217
4544 3166
2629 1818
4596 1050
2569 946
4958 5830
4257 5521
6659 974
3640 5282
5316 6537
7570 7336
3796 9455
9524 5678
5662 3505
9637 9581
6969 3362
791 123
5467 360
7949 6549
5912 9120
4500 7884
2130 2748
5543 642
9500 4921
6661 6348
6856 5052
6727 4445
2017 9833
9500 2694
2581 854
2410 8556
237 9743
2180 8902
3541 1089
6322 3936
1843 8326
559 3261
8307 1520
4063 3389
3411 3879
8718 8659
8301 2595
6364 1877
3614 6375
1638 5016
5352 3019
7074 5214
3769 7627
7972 6720
9472 2582
1602 2947
4669 16
8287 926
3109 7982
8235 9903
4359 140
5652 9945
1692 7062
3017 3368
8104 9889
8695 6986
6991 80
1887 2475
3763 5277
6710 4088
1217 7703
2914 2586
8373 886
5731 9812
1321 5092
4177 1184
1068 9322
3380 9482
422 4819
7689 930
1137 3012
8412 6360
1376 2086
1498 816
7777 6108
9494 7098
1046 2420
7917 6874
3124 919
936 4772
2400 5116
6322 3563
226 9686
4076 7381
6987 7380
5497 5076
1793 9681
5412 3540
9504 156
7937 7530
8896 9844
6164 2228
3087 9770
6569 2975
5185 3019
1143 5484
745 549
941 8258
6220 7250
2763 7120
3078 2433
3990 5328
7185 3076
3350 6296
6681 8893
8077 8920
6858 5691
9159 9822
8779 7943
2390 3696
6016 4275
3680 3680
2218 1830
6199 5753
2486 164
7961 8855
6655 8304
552 6682
8814 7931
7452 2065
7478 9969
6637 2196
4615 7399
7517 8798
8289 9818
5989 7287
4658 4108
4696 6044
3049 6787
330 5785
4114 9394
9739 3278
3877 9185
5808 243
9219 5950
2556 3157
105 6456
9869 7062
1851 9983
6614 3290
9649 2671
5085 1890
2828 8078
1279 5557
6818 2286
5363 9343
9787 8548
7775 9526
8366 8983
9929 6868
635 4159
5481 3759
4532 9440
5486 2538
8779 5138
6017 6492
8909 1627
8971 8075
9459 8069
7473 5181
897 1854
8799 1645
921 7890
5798 8005
4906 7878
3016 980
9332 2688
5743 1722
4185 9330
2167 5247
5402 6226
7529 3965
6217 6350
7036 4109
5255 9093
4409 7389
4924 6630
5521 168
2696 823
592 1916
7109 9681
5146 5443
599 9742
8832 8472
7884 2874
717 2017
9849 8803
6177 3702
72 5189
534 9235
1753 48
1307 1280
4664 5904
3751 5420
8972 8445
3458 1687
5794 7584
1935 9307
9419 908
725 7132
3412 3405
9193 9747
9634 1361
6767 5621
7600 1370
6435 8717
2553 846
1965 1891
6789 5969
6509 113
9194 5380
1522 9684
4064 3234
3241 9383
8475 3412
2795 5805
5770 840
3680 10000
2782 7106
5711 9570
6288 4047
1202 2700
1734 8020
5864 7440
9777 2045
2458 3227
3706 5069
388 9602
8697 2554
3671 598
9659 3701
9379 3447
8299 6723
2408 173
8694 1719
7459 7883
7381 5359
3528 7448
9961 6612
5025 6233
9639 9352
4050 139
4234 2385
7815 1633
4155 1327
820 8832
9711 8719
4954 331
7759 7230
2911 8488
7847 2994
6489 1529
5550 9166
7894 8711
4327 3357
9051 7895
8409 554
6149 4682
7094 7060
5902 698
8646 9254
5142 6075
3307 5391
5609 5175
2299 3709
425 1272
4680 8741
6841 1554
193 8300
6146 3429
7225 3961
1164 4430
5838 6518
9599 663
1092 8152
3120 1935
8415 3136
9003 5054
937 9127
2462 9880
940 100
662 2259
3471 4178
3072 7915
6035 7454
1676 4393
7530 6063
294 6692
1848 9281
9545 2410
5315 8880
3023 3339
505 202
7289 766
5030 7397
9042 5404
3379 5295
7912 2565
3384 217
7924 3483
7897 5031
6551 6008
8871 9487
8390 3018
959 1882
9039 7250
155 6303
9671 1509
5986 2984
5480 4866
606 1885
4322 9774
4387 5736
5422 4676
1065 4017
6370 6947
2391 5242
7601 3377
2795 6291
3490 22
5834 4984
6012 2476
1790 7300
5202 4859
1625 8194
322 4950
306 4778
5285 6314
3797 1868
919 2571
444 2605
4451 732
2246 9183
5118 2277
6603 2543
2149 7669
8606 8259
4953 5151
8001 2979
6822 7966
5780 1941
5441 6349
7798 4888
778 2404
7433 9849
1301 6811
6680 6425
3038 2291
4334 4850
8728 9115
883 9635
9954 762
2278 5548
5641 5700
9861 5995
5806 4176
6987 9801
9176 5077
1808 4924
2251 2924
7500 6231
8306 1579
6538 4666
9244 3592
8026 6024
2576 8629
9520 2055
4579 3006
7528 1110
9235 2662
1568 1486
7319 3721
6186 4399
8529 7696
9981 5030
9983 5305
9263 4144
7598 8867
8094 8840
4776 7983
7086 2729
3131 3011
1140 5088
3195 2081
4311 4301
1649 2320
2246 7243
5709 5420
2608 9340
9486 9428
8880 2727
1827 6499
4964 8433
8741 8847
2969 8166
2920 8028
2047 7859
2235 1951
1326 1924
1756 3666
474 8915
485 2614
2750 1028
7241 9907
5446 6000
1460 8409
8520 5285
8679 8789
9762 6005
8548 2094
4886 3396
4927 5435
5945 2499
4683 4904
7126 4704
3089 1214
9784 6525
557 8221
177 6424
6934 2548
6143 6627
8368 5927
3365 7052
1823 3540
8413 5086
9417 1331
7437 6582
6580 8073
3156 6806
6366 678
9935 5632
4706 2634
5263 5876
1593 5976
8949 1951
5013 9339
4195 4449
5479 2738
1035 8331
3732 3924
8717 7007
8208 8318
2558 6270
3210 8960
4096 4199
7376 7291
3405 2937
3034 6973
1522 411
3677 4395
5540 5706
1099 1581
8400 4362
4255 9789
2445 6872
7585 4577
5260 3050
5715 9400
6001 6867
8360 586
9116 1294
4871 4579
5579 4095
5091 5562
4203 5787
4043 1479
3886 2222
1655 3361
6036 2226
4585 4287
7812 9749
697 9611
573 4560
1983 1879
6082 6595
7637 7577
6466 2779
8961 992
3887 735
288 8586
742 8994
6135 2296
815 782
5563 1210
4409 9635
4050 7749
9643 1101
9437 7662
9308 8388
4418 6816
7161 4798
8145 6904
9132 7211
2006 4199
3488 4153
4289 4775
6803 8801
73 657
615 3797
7380 5734
7873 9845
4226 9193
1100 6448
6102 8579
5607 164
1974 8037
580 4206
7753 1221
5220 234
6346 2322
184 3474
9778 104
3172 8264
5229 3025
3177 1670
7534 3018
1687 7354
3845 2455
5744 7776
6767 3710
5042 9650
8903 2760
5589 1918
7069 81
400 277
38 1286
6477 301
4745 5834
9250 6649
1734 552
4687 3674
5126 561
4918 691
9046 5196
8425 7694
2655 1581
4989 2357
4931 1346
3196 2481
4424 3272
8681 2054
6277 6734
1333 4937
2066 8549
1100 5643
2289 4074
1078 8419
4506 8199
389 8661
4729 9397
7637 5270
707 9723
4561 7149
3978 7329
7452 3160
5568 3556
4353 8125
6260 8580
2724 6799
1752 1579
5961 7016
825 2898
7330 1432
2593 9507
6277 1065
3042 9466
6207 2660
8515 4809
4566 3690
6082 5275
9187 290
9780 5423
9884 2460
4858 1784
3270 7735
2076 8253
396 5507
9171 4088
733 1637
8315 7833
6012 2881
3804 3336
660 1667
7172 1189
7651 8023
1636 1781
3538 2151
6670 9105
7805 7455
3798 8256
1940 6300
2349 9379
9714 7756
230 416
5064 8821
4444 5158
1350 4582
4004 8176
9384 2497
8686 2374
4566 9141
6612 1470
4813 4340
1260 5487
6938 3895
9878 3436
9572 5449
2965 2099
2325 4534
1455 4528
6361 4686
195 6140
1402 5101
8838 2272
1535 4735
8765 2798
1756 521
8788 784
8729 4126
6637 1627
7954 5675
1577 6221
8061 8779
8853 4941
5949 3910
3272 6441
1303 3802
5788 4268
9579 6657
3738 5928
1842 5719
706 5937
4453 7928
6240 8927
3461 6628
6541 590
7625 6104
3826 6345
2885 790
5307 8685
5649 6051
725 528
2824 2675
5739 8398
6086 8
4098 4627
2498 989
9724 6816
2872 8169
2554 2488
4337 1882
6585 8877
7621 9391
8224 4468
3979 7298
1119 2552
6139 5795
7724 6252
4198 3332
4853 5070
6912 7494
1522 8241
9375 9956
3752 8995
2583 8296
6556 2633
7512 7886
2903 5053
1777 6861
6585 1284
2213 1266
6570 6463
2820 9272
743 8233
8082 9014
6893 5144
5873 2131
1609 7667
9150 8124
7752 5013
4828 3529
2131 8944
4203 3477
938 7868
2319 9649
89 961
6445 3739
6476 1155
5529 615
9550 87
4862 8373
8744 3803
7632 9216
8236 6515
6176 6355
1564 2298
4317 2481
1930 8140
4120 2422
9395 103
6132 5252
6225 8968
2913 3902
4356 9792
4962 378
8740 1806
1738 8922
2516 466
8687 6715
1824 2368
8940 7140
2976 3451
8876 8125
4490 1540
2163 5086
6764 1071
4225 8824
2220 8043
598 1357
6927 7465
3828 6498
1999 5063
676 9755
7569 2275
7781 7632
1158 4048
5844 1151
7676 4130
4072 4822
8065 6028
6957 1522
2508 1989
5205 3058
2770 932
2314 3760
2545 1622
6005 208
5850 5090
4095 6875
8064 6787
4141 8282
7544 6931
7588 1390
1702 5549
6395 2394
6725 5461
7327 9274
6167 701
4170 4787
6534 8388
1223 6425
8735 2336
3898 5084
3822 2139
6361 8520
5506 2734
477 8119
5068 7217
4638 9513
642 8824
2486 4748
7146 5616
5614 2
3535 1754
8408 3874
3871 8496
3338 6985
112 2406
8193 8956
4389 6240
6599 957
2458 2069
6237 8647
7301 7996
3059 1661
127 7135
7949 8265
451 5938
4749 6993
7434 2589
5615 1393
8141 5957
7397 5576
996 1099
234 8938
5610 3413
5524 5856
7407 9920
9283 1210
5276 2408
5448 4493
566 2700
1444 7930
9301 8871
5278 5759
4060 8667
7547 9029
8804 3141
5782 6252
6039 8513
3914 1421
2756 8402
2050 6634
5939 4582
5692 7554
8134 4224
974 5026
8460 8534
6986 83
4406 942
216 7782
8291 6401
5483 6998
7532 3755
3682 4230
5881 2915
5755 3378
8796 6639
1466 8521
3929 6034
4969 5774
4718 7828
2027 4571
1534 7728
9479 1360
691 1175
1107 4778
561 621
4202 5936
8593 4000
3511 9391
1987 9516
1559 9943
1541 6466
377 3764
8761 442
5073 208
9795 3331
3740 2309
7742 7397
2767 7599
5730 8749
2923 575
1329 8006
1863 6203
3379 1514
4611 3675
651 9799
3970 6511
7071 2983
7895 6400
2980 8954
4263 4260
6656 2613
9317 637
5464 4913
8216 274
5547 3563
6939 3415
7098 1528
6958 8640
6382 9521
9095 8610
5877 739
178 1405
4968 4726
5626 4369
9568 9212
9956 8334
4958 9724
7444 2488
1954 4865
541 7011
3195 2040
9709 7714
950 9228
7155 9915
5933 7365
3486 701
3952 1758
8028 658
6197 6762
4660 3627
6390 4885
4595 571
3471 394
7986 8472
6310 5060
374 4830
1741 6673
6490 5518
713 8119
1433 604
1428 1481
861 8164
2087 9824
2116 8248
1683 202
8678 502
4153 5310
437 4713
4479 3515
6596 7558
2881 9372
7316 1651
8955 7498
7882 4844
6327 8983
5285 4414
2516 5050
32 9700
895 4601
1073 5272
9440 6153
783 9915
1294 7323
6371 5447
2537 196
8809 8550
6928 8218
9580 6635
562 4811
1435 4236
5921 4273
7279 7669
9320 3671
7606 883
6043 1402
7331 3659
8798 4880
6334 1889
3334 7937
9189 4248
73 9251
8663 2650
5228 1958
179 2925
8691 2265
3771 9464
9045 7666
5704 9140
7509 931
1128 4795
1618 1763
8299 5454
8834 4451
1924 1380
8974 1606
1573 455
807 9205
6789 156
3272 453
8361 2612
2046 9254
2342 5777
9571 2098
5553 2829
9313 9424
506 9317
8014 3297
8210 8951
8587 2746
361 1014
6284 4587
1121 41
3186 5637
3698 4999
4031 3794
2119 2518
3301 7206
2714 3972
6355 1046
8968 4638
9881 6780
3089 6901
2975 2722
6328 3085
6876 3079
9249 4177
8833 5466
6871 3325
2422 3139
619 6377
3384 2140
4160 7980
1291 6992
8364 1160
327 3002
1832 74
7842 5509
7170 9826
977 7218
8365 5128
546 9049
6716 3265
4963 6775
4320 2873
6940 296
2144 5920
8942 9584
5576 8365
9797 3676
3183 1892
8007 4648
6113 7137
7137 5366
8687 7021
4000 4050
8010 1875
8301 3851
3 1810
2933 790
581 5704
5816 293
4994 1763
9011 3314
3130 3316
4414 9175
118 9322
2736 3590
8915 3139
1785 4293
58 1950
3653 9652
7705 1357
5723 9361
5719 364
2302 7901
7413 9112
7011 1595
9847 1084
4629 5558
7825 4469
4708 5129
1981 2160
5662 5841
2679 5560
1404 9977
3740 6914
125 6546
354 3346
8315 5688
610 7975
9276 120
1150 6087
7499 2987
2470 9675
1072 2882
8716 9592
2369 5175
8725 7449
5682 8500
6080 1054
7304 9547
7410 3561
9016 7113
3048 9761
1577 4472
3755 7429
123 5007
4630 9436
2696 2681
4930 6094
2790 8511
6019 8925
7482 522
3646 7429
4869 8489
6364 8273
2194 1881
5627 6790
1047 2965
6430 4028
7900 6824
6414 756
8210 8073
1609 941
4292 6755
9474 7934
179 6224
3612 4138
1673 2139
2449 693
4009 4784
8182 849
7888 9318
8472 5408
3667 1066
6468 2635
3327 7930
1700 4076
2791 8528
6935 7255
7038 4147
6862 9629
6841 5494
3009 7904
4663 5987
2604 290
8703 8020
5336 8515
8394 1167
6821 8475
9553 5298
5952 974
6128 6969
635 1583
7643 4152
2936 8466
3681 645
8387 9266
3638 9428
828 7972
3268 5815
9819 7169
3598 7850
5776 929
179 5252
9616 880
1383 2467
7729 1697
9807 6066
543 3738
3832 8510
6180 4355
3598 5432
2485 2459
2061 9816
2835 6395
6 2421
823 3508
8610 3406
1878 4044
3576 2020
8567 2925
5385 4213
6198 8551
2092 37
5793 649
1476 2695
9861 7682
4092 8370
7610 1507
6288 3542
1157 9137
5257 8487
3742 1300
7320 3775
2762 6523
4161 4307
3161 704
780 5865
8697 6415
9022 8716
6763 7453
5367 3451
4184 4632
1600 227
3423 9796
9966 4961
2224 1228
2908 4050
8351 8514
1535 1969
3688 9761
4258 8080
7527 2101
5895 3061
5569 4313
3419 5796
4288 3549
8736 587
4097 1646
116 7975
4337 2546
5029 6170
9503 3738
1905 5967
2503 5994
4298 8925
9000 634
5377 7546
9817 5023
9001 7912
7061 5110
8118 7246
6162 4998
695 1064
3604 5100
2484 9853
1694 74
5114 7505
9609 7710
1911 7881
8702 8530
8930 668
6963 8880
190 2065
9596 2522
7480 9065
8231 8945
7611 178
6819 435
3783 7896
9565 3275
9813 9701
7886 3909
4006 4956
7745 8662
8311 7269
7788 5389
3612 5117
6994 1492
1722 8215
1199 241
2691 428
8009 4214
6803 8176
1869 9720
1404 356
7429 7859
7600 9068
7234 2058
6193 1087
6022 6840
6995 5753
4510 5705
6646 9141
735 5004
4081 7413
9811 6553
6350 4498
216 9961
9131 3623
9481 3392
461 1138
6840 6628
4397 988
6724 8844
6610 3535
3419 4238
6842 7504
6540 5807
4286 5469
3850 7575
1818 9205
6692 1183
2266 6942
5774 6258
5070 2832
5579 7323
5191 3940
7222 7751
4570 69
6291 9974
3917 4608
715 1530
6758 5833
1908 285
8078 1583
5440 1588
6542 1627
2087 776
2917 6912
9613 4571
9265 9438
2485 344
8015 530
3348 894
9130 8823
514 6611
3237 4864
7973 6897
4911 4704
5969 1128
7959 9643
1611 1577
8296 5558
5445 1860
3556 8568
5561 5199
1970 6876
627 7529
3190 7713
3192 5402
1811 4636
1209 4424
4582 2885
9730 3053
9995 131
2672 9926
4633 7301
8885 7924
2289 2276
2399 1030
3989 3783
2690 4609
7854 6161
8845 5239
9310 8055
1165 2547
7806 3772
4927 2091
8254 2491
9218 2380
7364 8755
5602 4882
4299 8376
6493 3077
4908 1835
907 7773
8712 6671
6628 7537
3152 1898
3226 4337
220 4208
8436 7617
3422 8340
5931 6418
4448 9290
6218 8277
1944 2891
4932 8180
8087 1367
3091 8240
9145 6626
762 5868
1149 9903
5284 9784
5908 6309
4118 306
672 1663
8986 2480
3546 7368
1886 8897
4540 2497
7220 6133
2576 4621
1320 1663
774 4572
4496 1098
6173 2945
8661 540
2294 5414
9575 6515
7084 608
9970 9423
1980 5993
2352 1904
6676 6510
1224 7850
9328 8620
7638 6953
9498 9707
712 2762
79 5267
6881 8276
2586 7207
7880 6744
7458 2724
8548 4517
7989 9343
1869 7678
6935 7125
7072 8085
2172 8007
7549 9710
8591 8074
1801 2683
1574 8052
8831 785
3485 134
4684 4365
3860 5095
7305 4256
6278 4731
4401 8070
6389 2040
7601 9315
8040 5453
3825 5869
6450 7746
8470 6316
3016 7104
8188 8326
4975 8192
304 5513
5687 2824
3016 6378
4580 269
9225 2656
9524 3152
675 3946
2316 8969
485 8279
9348 4917
8029 2
6717 4312
8995 1275
9251 9085
6029 5333
8327 4996
5600 2457
8018 3748
1852 8378
8581 2236
3465 9723
1359 8971
9533 4332
5599 949
8764 4087
9887 4271
8714 8477
6626 5764
2215 3753
3500 6173
907 7615
8666 4982
6076 2966
5932 1852
9576 1208
4511 1520
599 3479
6978 5784
1923 761
7385 4333
8609 9944
8653 5795
7754 8245
4473 8309
8587 5177
1815 404
5534 4895
8944 4495
935 5277
1046 2839
6358 3449
3596 4870
6595 6045
7690 2427
5269 2051
3894 356
2415 8971
5918 1964
9170 359
1240 8343
6546 7457
2853 5194
8678 6592
1931 8815
8429 9028
1506 3075
3914 5999
7099 7713
6721 3582
7139 4651
8850 8939
739 9361
4582 2787
739 8266
4207 1257
860 3007
4544 9555
5893 7228
1875 6189
7459 2867
548 3463
5519 6907
8397 806
1890 8268
5720 1233
2424 5442
9650 3775
6643 5341
2591 4748
6273 7639
2950 6982
1139 1078
907 2522
3229 9799
5313 4273
267 2993
3591 665
9085 5030
5621 4382
7586 5756
8545 5241
3566 7204
2577 500
9871 6488
7754 6749
6994 550
8708 6392
3490 1954
2529 6536
6074 8337
9760 2998
3723 4761
2697 1483
4789 5999
8751 8818
1139 370
5588 9140
2 1169
5723 9301
3167 2612
4440 5725
8785 384
2715 5626
2161 6077
9397 5648
5522 7721
9356 3696
6290 6455
641 5051
2314 5587
6369 5780
3992 1676
5184 9160
6655 2834
12 9816
5328 5489
5568 5000
7607 3787
1544 7207
8037 8312
3851 6765
2165 6281
5835 5198
2616 7854
6576 2679
4665 8785
6402 4473
2723 3633
4691 9926
3756 7395
9992 2373
7968 1414
6376 5911
497 3296
9144 6913
1892 4754
2363 716
9031 2478
9666 1738
6756 2826
8148 2075
6177 4065
7926 1725
9924 4853
1363 5424
7357 7678
4159 7188
5155 6987
4476 4849
7389 7220
3812 9606
2700 9077
2213 7633
3350 9126
7332 7575
4690 7895
3625 5890
6451 2791
2318 3082
720 4979
932 9696
7067 8239
702 8043
7194 6279
6408 2792
6577 7295
445 4105
9033 6981
9458 2133
4171 3752
2360 3285
1051 9795
1370 8166
5097 3703
4325 1089
2868 3875
1619 7194
2052 3070
5249 6145
110 5301
3999 790
3947 5000
164 3709
663 7662
1256 7555
1287 2499
4398 8041
8772 7273
962 9267
3432 4430
11 8069
2721 6534
2365 9510
248 9553
7051 4880
978 6622
3734 1278
9775 4887
5721 9650
5527 9403
378 4401
1101 2745
5951 2675
3698 7873
6567 6743
4536 6004
7919 7733
3065 4862
4720 8111
1584 4487
2154 7503
4377 1569
3094 5578
9751 7847
5689 367
8642 3822
127 1924
2883 584
1285 8112
3159 8690
8640 7360
452 8992
7136 2549
9711 706
2156 9526
2633 1628
1854 6718
305 7822
1458 7659
6014 997
9195 3392
1629 4870
3271 4361
937 5439
3950 8777
2451 1823
9243 3528
6655 1119
5882 9682
7924 9058
9456 7080
3658 2646
2801 9426
7616 6273
1479 586
8419 6508
7483 9795
4254 8131
4064 3077
9342 8460
1343 1551
8368 1854
506 4288
3233 1630
1694 4926
3769 6492
4902 4121
1594 1417
3281 2210
4911 3567
6274 4955
3101 9896
3234 1072
1267 5013
4388 4794
5756 5971
3613 3274
6046 8423
5483 7179
4169 8629
1067 1646
6035 9625
5248 6119
7346 5429
1963 9487
1739 2659
1509 2539
8063 5130
4366 3251
6626 7526
2688 2801
6569 5942
5449 1301
4926 1015
4414 386
2866 4518
4322 6466
2903 7708
1901 9393
9631 8391
8386 5470
3313 6888
9931 2604
816 8476
4970 1646
9842 3572
8085 9196
5078 8808
9627 6787
7753 3667
8016 9401
1717 4162
2601 1660
1794 9550
472 9712
3169 4360
9052 2083
6066 5232
8183 1071
4345 774
6130 940
8964 6437
754 3042
808 8343
3369 8945
7059 3999
3529 9469
7340 7688
3045 6421
2913 7263
7672 5793
4710 5459
9528 441
1868 2218
614 216
4523 3147
4547 9081
7944 6357
5070 7561
5566 8458
8273 4740
6846 2393
666 3614
1783 3135
2523 4998
7764 1798
5346 1680
5728 5590
467 7743
4826 8294
8990 3910
202 5189
3003 2869
4440 8131
4624 4278
7680 8764
3969 2460
1948 2703
4907 1364
7088 6567
3542 8827
4996 9383
4946 6622
9485 9296
3260 4064
5155 2438
342 3991
2451 1183
8303 8274
9441 6401
6565 5601
9818 231
8366 5735
3388 9340
8410 6845
8712 2747
7046 7462
4893 6322
3753 5354
2858 8534
2484 9511
1235 6958
7785 6492
7111 1079
755 5831
463 4248
1361 3411
5725 2115
6664 2606
7191 7434
5328 7272
5614 3118
1768 1631
9765 6490
9696 9648
1797 3485
166 817
6184 4696
2008 4058
9061 8396
1464 391
1381 4753
9996 5703
9931 3841
5404 4041
4395 5062
5018 4695
74 7775
5186 9414
6817 3083
2569 8559
112 7320
5818 2095
2672 2533
4581 3820
968 3130
806 4518
4979 1284
8190 1721
1688 3000
402 3879
6974 6783
1574 7413
5623 8871
517 673
8625 7336
6765 5119
3824 8417
5003 2692
6848 7761
6453 5223
8625 8847
6717 3004
2076 9990
6049 5834
6375 7664
7544 2044
1348 4665
692 9392
1577 91
6585 2222
1244 4971
1848 7044
5811 7768
1979 4329
6638 7128
7077 4924
8628 5456
8948 3565
839 8918
8593 5019
4846 2392
4627 6980
8117 2483
7659 1273
318 8145
4943 9592
8260 3318
1803 6319
9049 3041
3094 4085
4061 1920
3204 6562
7323 7869
8320 8171
5816 9973
4165 5432
364 6285
9991 3134
8084 6949
7800 6926
8275 8868
328 6957
9812 5157
7882 8234
825 407
5332 4915
4781 5123
483 8941
9364 4276
7317 5656
3024 3019
7241 8418
2674 6412
3660 2539
7719 7336
8294 2447
7908 7773
3514 6936
921 3081
6312 8856
5507 7511
5096 3884
7192 8864
2484 4786
4497 7936
3388 9168
919 665
6173 2685
1585 9831
8849 7353
5885 9999
7330 1649
5857 6610
9352 1272
5228 7309
3548 7612
3555 3758
900 5115
7839 5740
1775 1806
2810 1479
1645 6614
579 3687
377 6596
2675 5445
639 5100
3856 1415
9411 3166
1403 8213
156 3734
4350 234
4224 4665
1208 878
158 7728
9925 751
3828 5001
5161 4395
7030 2016
7773 6837
4760 900
9282 470
586 6054
1291 2471
1016 5789
6668 7758
4607 3934
9913 7172
8731 1400
9842 7456
5523 5921
2865 5803
2769 8890
9952 8817
4746 3516
3430 4387
42 5189
3034 7445
5127 2305
7093 4573
896 5070
7088 1874
6902 2108
9240 3671
850 1389
4440 2674
9149 8966
1474 6490
2270 8773
4549 1102
3222 7137
5916 5588
8570 1100
1586 3870
962 2863
7301 7365
7870 7819
2395 4476
5420 7195
4819 9508
6558 3440
7510 4396
5474 2434
3092 5958
1116 9911
6548 8553
2482 3132
7204 6630
9734 9268
6962 9862
6522 6087
5801 799
1314 9712
2990 4833
7773 4298
4836 1671
5725 3973
8876 1429
3018 2483
4139 1939
6709 4583
1051 7389
6201 4177
7452 1358
7284 7632
8455 3304
6148 7119
7606 236
3342 1508
7735 961
9318 4118
8869 7218
5295 1644
5687 9821
8603 7975
7998 7373
8175 4824
2175 9220
8136 9408
6444 2351
2757 7133
4619 3141
6544 3730
2246 8213
9324 2023
9130 2296
6735 9965
9638 6578
3827 1558
9369 9270
8410 6216
7450 5849
2622 6285
75 1173
7495 9403
7013 5888
9428 7444
6648 3699
3691 2959
9404 2444
811 792
5074 6648
3985 2340
2321 9028
1408 9645
4013 7444
6510 5251
8326 6903
3413 571
1641 9461
7527 7870
3517 7633
7824 262
6438 3420
4419 962
7420 8395
3434 3343
214 2006
1274 6322
5261 3783
9535 1065
360 6011
252 3322
5610 9984
6593 2612
8760 4034
5276 1565
8242 3810
1244 3222
1278 9838
3993 8160
583 1759
1609 53
4298 8810
7898 9249
6819 4434
1729 1879
1606 9943
2441 6427
4570 1281
6462 3558
9565 354
5384 6732
6936 4571
9590 1565
2320 9997
3029 8975
4244 6945
9302 8942
5397 9310
8820 5545
3715 4955
6005 5653
1239 7987
6019 4392
7104 6457
6759 6
1483 2376
3893 3625
1804 1371
8556 6493
52 9532
6748 7890
5953 6855
3518 5536
6640 3409
5902 2176
916 7395
8045 14
8321 2409
3471 2735
5353 5398
252 4519
9128 9006
3174 8996
5493 4342
9313 9025
1784 8169
5141 593
4214 5586
8416 155
9849 2775
4672 3492
2642 2819
2247 8188
3545 6013
7666 3553
8869 4881
7589 3310
4243 8731
2771 2633
3696 9188
4702 3096
4426 6788
3651 4970
7191 3830
9192 3130
8532 3247
7216 8108
1719 6588
3928 3111
11 2809
9595 9616
1464 8786
56 1581
9198 953
2750 7471
8469 7059
6353 8558
1238 9925
5981 4390
4276 9850
1631 5985
3154 673
5379 4534
7196 8699
2935 7543
5092 9069
2273 1281
2408 7011
9427 951
6927 1387
9258 4422
772 3389
1658 7618
863 3842
5281 1848
3031 4487
3905 4715
2474 4973
2159 5070
2336 1704
7511 8888
3659 2873
6449 8841
7179 839
2538 7640
4630 7028
4849 9311
8305 9746
1558 3186
9057 7088
7464 3699
9126 8021
9988 4807
3631 2230
5870 580
4998 4111
1943 2963
9013 2810
4509 7049
9398 4757
9342 9820
7115 5538
8915 942
7587 5787
3803 470
1939 9198
1017 4924
2683 4952
1564 6982
2357 14
921 6440
9286 9322
7545 5434
787 7669
7491 441
3065 3710
6699 8560
2505 4158
3353 7518
712 9914
1138 2940
3467 3626
7706 4216
5475 6567
5267 8036
3257 855
5733 4169
7650 1349
7 4077
3661 9016
8449 6686
4035 8544
9571 7038
4367 300
109 2492
9993 3294
9889 8477
2708 2244
5117 8393
5115 1665
6954 5145
1125 1917
8726 8481
8205 3253
6913 2697
3401 3318
7098 7765
4649 4244
2236 5621
7147 157
9639 6699
1463 9845
1868 394
5072 4537
3817 8699
8611 6757
125 4009
4335 5542
2452 8070
889 3272
2818 7971
5768 7463
873 8378
3074 9897
5963 862
4379 9758
6761 2623
3236 2584
2940 2850
9460 6477
5545 2854
2607 6623
571 7809
7896 5848
7283 311
2187 344
3850 3792
2253 6353
4535 9418
7683 1273
8619 6759
4521 9766
2164 8727
8523 7473
1397 7931
2325 8736
3738 5966
5801 3961
5074 6266
7515 6982
