16 6782
9732 2869
7830 2383
1013 2051
1991 8050
7293 2284
8293 3708
6561 6845
8574 8146
879 4074
500 1348
6875 9825
3670 8500
9944 4778
4147 2507
7618 887
5191 7015
3724 349
6140 1781
3517 1932
6897 3046
2239 7000
5248 470
4686 1357
2814 4291
3244 6809
3701 9474
3687 3221
5894 8594
783 7330
5340 6243
3104 5725
4334 6008
2352 7527
2514 8621
9640 8269
619 2723
1655 2686
9702 9670
3776 1794
9963 1824
5657 5122
1014 316
3505 5108
686 5671
2684 7991
3464 3905
8145 3
6503 7955
2313 1040
2185 4549
3944 3649
3300 9900
9312 2178
1072 8290
2656 741
3722 1462
4213 9589
9099 8274
2335 8874
6780 5544
7299 1913
2956 5987
3353 6287
7571 2205
9136 1956
7358 6551
1179 6169
5139 4388
7347 3479
1492 1284
9680 2923
6556 6718
4738 7694
6200 5445
7289 7529
911 334
3203 7010
5288 7703
8794 4967
4553 4965
7154 9870
5997 3042
3801 5508
7013 4211
9711 6175
3499 3176
178 6323
5616 9642
1452 8309
6520 9593
8429 5322
1248 5983
755 774
2540 3438
4571 2198
3474 8589
9642 1874
3850 965
3392 7974
2082 4391
2986 1948
6076 3076
5968 6959
3059 5434
8867 8185
346 5019
5255 5076
6435 2766
8173 2367
8592 492
3407 732
5636 1399
7206 9994
5027 9
7950 3782
8562 633
5974 4830
6566 9995
263 7870
7527 1268
2254 7527
1015 3311
6455 8294
3321 457
8083 9155
2374 4927
737 5628
9292 1615
2252 1976
8769 5810
8163 8667
5199 2812
8532 6274
8613 1635
3955 2908
2935 3071
390 8346
1584 3698
1449 717
7034 372
4419 7565
2378 8062
8022 7656
2899 5843
8792 2789
5119 9053
5380 261
3978 4172
7767 7592
1819 4279
5476 6660
3709 6567
1675 5653
5344 847
6903 8555
5282 2206
4780 6300
2671 7614
3664 8741
2714 5163
9808 4978
2324 7674
4452 9330
8817 6730
9523 5576
893 1954
9838 4842
5892 7790
6927 4145
3217 2931
480 5986
4947 1546
7844 6584
7269 8913
1168 6305
7822 3621
4019 2128
1550 4611
1272 6055
8478 3864
5075 3759
4996 8213
3820 6757
6958 9840
4708 8983
6678 9627
432 7158
6369 4238
9640 5571
5298 5372
554 6636
539 6488
8072 3088
8335 3987
8171 9767
9922 771
3270 4046
1264 1957
9293 6420
3830 4160
8968 7702
7163 6452
1709 8695
3648 2860
8688 5969
7770 6112
2734 4800
2888 9944
1879 4056
3855 6138
5927 7316
1169 9565
7152 2064
31 239
4082 5618
1427 7825
7076 7893
2983 7417
8064 6916
9508 6836
1258 9097
6984 9244
7686 5817
383 5414
1395 9412
1145 4240
1673 728
5744 4197
8705 9462
1944 3380
1088 8410
7876 3828
517 9232
9776 6737
8426 706
7534 9625
4450 1760
5184 9032
2834 6102
9458 4681
7401 5075
644 7956
853 9832
6662 9759
4509 3784
3396 8044
2788 1520
2542 9685
5969 460
6481 6223
4654 1624
3450 191
5067 7081
8105 7681
8446 7934
2401 59
8402 6107
1146 620
3403 3270
3502 1445
1207 2647
116 863
6864 2357
7678 2878
2646 8819
693 8685
8028 1856
2344 828
4407 4700
3244 4603
8391 2331
8799 4773
9723 2771
2574 5524
4516 6848
9205 6178
3528 280
8804 5700
4742 3381
6020 2155
8084 1126
3224 7288
4968 5606
8657 1193
2868 9139
5817 8319
3762 945
2507 9159
4636 4931
8940 4475
7340 6998
967 319
1938 6463
1714 4649
532 4223
2578 1710
5411 2416
6535 8334
2673 2251
4468 8185
7596 8226
6227 4781
2516 6442
6490 1094
4128 300
8447 3850
6620 6105
8672 9052
1880 7851
7857 3167
4283 6864
3035 9959
1290 349
9897 5713
8877 357
5105 2284
4305 7006
4777 5416
9998 6103
8561 5693
2058 3048
7975 8893
6849 6494
2156 519
8519 850
148 5439
6448 1292
1932 678
1027 8099
3162 100
5693 996
1199 6387
7459 6121
1815 1856
4595 1951
7326 3594
5496 3342
4898 1305
2895 8439
256 8528
6900 2977
1548 4332
9470 3578
4388 6827
3282 8076
9871 3246
94 9956
446 5426
7829 2193
4540 5956
1309 9610
5529 747
7511 4686
7195 9239
39 6576
3179 218
8958 8266
7706 6523
9407 7827
5261 396
2280 8443
8768 9869
9264 2495
4117 2985
9276 8410
9860 7265
8423 7327
9345 1522
3317 7004
8349 954
8325 4462
7970 9933
734 857
1266 2366
53 4975
2807 9798
3638 6361
1 235
5840 9665
3474 875
4104 1942
740 9267
53 9974
9588 9868
4758 6119
8002 8291
6315 8384
2886 6110
2155 7172
5890 5868
3249 2757
469 1523
7355 8847
7688 5399
6426 1056
1678 2069
6297 266
6690 8754
1475 2234
9432 6762
505 1735
5897 9940
1794 3051
6976 6449
2664 4470
48 506
9809 2161
7070 5172
5964 2459
5916 754
2616 5854
4085 5938
4539 777
6508 3868
6599 63
6370 495
957 7940
6675 6270
8054 9186
1510 1246
7227 1684
2484 3591
4788 8660
2036 2203
1255 6668
9187 3913
1611 7621
5540 449
8937 4195
234 9879
6451 7133
5130 8033
9301 2976
899 7665
156 3171
4258 7152
2624 156
2945 5962
2948 9192
4795 8096
5021 6351
438 2236
7923 3398
8192 3575
414 4101
9253 8764
7272 745
145 443
5547 9423
3369 2947
472 7096
4386 4967
7172 7246
360 9003
9828 8478
4304 1256
9552 9978
8307 9830
5672 6328
8205 2593
8353 9867
9404 9997
1639 1729
8 6093
5449 7275
6257 6301
8216 5896
5512 5992
7807 6718
9110 4510
8626 8709
6002 7965
4450 6730
147 8327
5723 2921
3591 6041
845 8696
6369 33
5812 6555
8972 7353
7409 94
7020 190
3492 3844
7930 8855
4191 4057
7194 1528
8007 3676
9080 9261
283 7284
5065 2216
9602 4587
1221 6334
3307 7628
1113 5564
1603 8403
3865 4759
5529 1237
1977 2858
5250 5498
8905 5198
1790 9984
139 8451
9210 123
1759 4754
2126 7216
6143 7565
1321 5151
253 1997
6501 1141
5221 7370
489 9399
3603 257
748 2522
1144 572
1710 3065
2413 956
7402 8220
342 6336
290 7348
8335 4940
707 5809
1223 902
9960 4689
8793 9384
2209 3681
8915 1324
1147 3488
808 662
2655 9218
7917 3991
7791 5805
3790 1595
2087 4955
275 227
3971 8450
5754 7431
8913 4950
9539 7159
3344 8058
3283 327
6069 2721
4443 1794
3954 2689
7269 1586
7150 4482
3308 4270
5775 1788
8935 6706
4794 6009
867 4928
2044 1650
7452 7479
2516 2758
1023 7773
8282 1714
4857 8212
900 1837
8692 1897
8637 6454
5055 8689
9737 7940
248 4354
3592 4023
5600 2773
6881 3014
7776 4897
1498 4314
4967 4105
8574 6906
6800 4242
2183 8687
73 2168
7404 9844
5105 6684
4889 8334
8805 4861
8647 6124
3339 3680
4086 2944
8320 3731
2376 7671
2432 1394
2516 4625
8299 4924
2299 2500
1154 6052
6097 74
9328 3052
4066 7178
6874 5386
3105 4324
1949 8728
4651 5752
437 5051
7697 7618
2061 2036
4744 949
7149 1619
7544 8982
4993 4993
1034 5538
4016 9435
7364 4718
8211 297
6030 8103
697 5693
5186 8800
4690 1318
8040 3516
1912 5873
5211 6386
5878 5570
1502 7879
9011 7192
800 5985
4711 403
1377 5138
2236 1637
6353 3313
8286 8625
9982 7325
3750 8792
7450 4914
5905 8129
1933 1492
5789 5430
8013 5013
2586 5949
2912 3015
5696 4921
5069 3400
9205 400
1955 6107
9668 8597
2640 2470
3384 283
2175 3256
9062 6332
2673 9222
2877 7361
5503 1067
3833 8642
2313 9103
1526 1610
5666 3096
8236 8621
1969 2941
5666 3363
2522 4509
9013 3125
3696 5327
7032 8357
5004 6252
2146 6453
6920 9992
1758 241
1395 7400
9011 7705
7090 3814
7929 2221
4882 6591
4398 2832
1568 3641
9001 7893
1166 8060
640 1788
7802 4247
8554 3381
7596 9566
5818 7204
8486 5132
3213 8289
7161 3759
4911 9554
6592 6875
7451 7522
7422 3092
4002 4818
4756 6117
3847 3692
4122 6442
1890 3420
9186 9473
3673 4642
8047 7239
3063 3227
6888 6989
2994 5936
6212 8927
7961 4065
4333 2228
9395 6400
9598 239
4022 8988
6975 256
8395 3245
4694 5983
3906 3662
6835 1386
1077 709
1810 2848
5753 7416
3149 3831
773 6625
322 8570
7728 3632
8911 6149
3618 1360
4868 7467
1848 8151
2162 5473
7514 2580
3469 524
5129 2468
5197 9917
1604 8870
5790 2570
9187 4252
3081 7339
2745 8458
5777 557
4051 5131
7790 6461
8018 9548
8015 573
3408 6808
350 8459
1607 7352
281 2748
3601 3465
8116 3035
5402 4198
6721 7179
3225 6453
7071 2400
3375 942
8721 7704
1489 251
8757 614
1110 8890
1715 668
6666 760
8344 6948
8813 928
7176 1155
5229 773
7224 8948
5123 6435
3854 297
3397 2254
2731 8863
2358 113
6834 137
8741 1521
9928 389
5766 2307
7444 6305
6158 6613
7383 6524
3825 2567
8185 1324
4362 882
4658 7162
7309 4075
4739 7820
8759 358
3619 490
4898 4225
1741 5127
8206 4176
5932 307
3849 3417
597 1107
3482 2170
2378 5179
5257 693
5768 5455
8419 6004
8125 9490
8013 5921
6682 9471
8206 3517
2835 1375
4768 7309
1791 5270
6076 8176
4142 1160
3257 6095
1461 3590
4694 7049
9422 5395
2692 3552
2821 231
6478 954
3354 8242
937 6734
9741 1219
868 2941
4978 7784
8572 3970
6408 3931
9351 6468
1102 8276
1758 8531
7817 7759
1286 7376
2474 6254
5954 5369
793 2537
4317 9528
2001 3384
8775 6161
4770 1139
3203 5308
6083 7243
3939 5798
6522 1930
4161 2955
721 6580
3286 7363
6168 9610
9065 6751
9830 4734
7617 9852
4796 8600
8342 3515
479 9482
5296 5416
4657 9436
4532 7770
9630 8715
8478 8501
4854 4311
720 6694
3674 5727
1293 2992
4067 7581
6115 1107
1517 3045
7497 6856
8305 1866
2743 1657
8930 1879
6257 9998
5048 9931
7697 4397
8554 4589
2993 8668
31 8611
7141 3060
7587 820
9049 3965
9100 9864
8121 4086
4271 9383
2333 4865
4819 2488
4665 8657
22 7669
4722 4292
634 6284
5256 5095
3368 2139
4848 6497
4107 7277
4246 9809
206 9077
1394 1677
8906 6620
9498 7374
8475 167
5687 9771
2882 3013
4914 7409
949 9524
9925 9331
3988 8199
8873 5740
5359 9920
7524 8676
4736 2224
6451 1879
1755 7035
9329 1618
1666 1884
5948 8104
8918 7821
115 6837
191 2684
696 3640
1511 114
5430 3707
2979 9173
287 2341
8294 1557
4684 3268
6576 432
8849 415
7917 4498
1790 2140
2818 8410
8475 2914
5219 6332
9914 2065
819 4424
974 1694
4395 7286
8920 3607
3519 9336
9455 7872
7923 2942
5354 7831
6264 8144
2738 1800
9175 4234
5456 1291
291 2029
4118 1535
6961 5097
9385 8791
3353 4828
4353 7348
7130 8521
6062 4194
6867 3320
4099 590
4333 3643
5655 550
5596 1466
4697 9509
4703 2458
9643 4407
5036 5636
7193 820
9592 4629
2708 9108
4767 2393
8695 3934
3334 6451
3743 7524
7949 1069
7366 698
7321 3860
8190 3779
428 8946
6073 7531
7287 3583
668 9197
1934 4793
4800 4449
8870 2843
6515 1102
1221 5406
9782 8490
8513 5066
3947 5376
1341 3711
5518 2510
8526 8440
1836 4070
9427 2458
3547 2273
2932 8520
8711 9534
1796 3859
3897 9883
9010 2138
8014 7806
3823 9246
7753 679
6621 9159
9665 1749
883 3616
2082 995
6281 5643
619 6840
9220 123
9824 3273
1770 2422
2724 421
373 43
9798 5730
7121 1460
92 9068
6703 9057
2021 7793
499 8257
5682 2324
3307 935
28 1195
8248 4265
4959 2421
6281 5477
5985 6269
3624 4577
9757 9988
1333 5264
2454 5985
5459 8653
7385 4990
4584 3032
2729 6129
1165 3105
412 1156
6667 7660
3572 8995
8824 9848
7636 4423
2054 6200
3689 8997
7364 7775
4453 9623
8648 3812
7784 4557
130 1992
4619 9223
5563 5128
5009 2900
8622 1851
8227 7955
3301 9664
4532 3443
68 5400
3984 6674
781 9585
5158 5936
7872 5749
3673 8128
6056 4068
3126 837
5204 8278
9955 5792
930 7959
6516 7110
2730 257
3265 6503
5777 2965
1806 3372
9882 6142
8851 8965
5634 8751
9701 9242
3636 7002
1910 9150
8462 923
5050 663
696 7269
446 1587
4842 3055
8804 1822
4414 4441
14 42
615 8703
2395 4980
8896 4252
3611 499
2989 9758
6637 6990
3717 2029
290 3767
8148 79
3166 4952
4814 4455
4125 7108
1340 2932
6586 6695
6205 7835
8062 9775
8317 1187
414 1353
3532 5015
5323 283
3235 90
4017 7747
6559 5299
9188 9011
4654 516
5589 1958
7654 4034
4582 9811
8347 9427
260 8600
5193 3445
7323 4986
6826 4808
4194 6599
2807 6147
7535 8906
4049 6976
2303 5517
1721 8224
8389 1330
5109 683
7401 1532
6399 7316
2883 554
6790 6943
6609 5129
7780 7844
8111 9620
9175 5554
1627 3512
805 3856
6446 8856
6422 5294
6685 1528
2266 4837
7104 1077
3055 2018
5165 4938
1888 6893
5654 5148
5229 3729
3842 3152
9653 3330
2597 4508
1055 2563
3155 1718
5809 8617
4447 6162
6458 3004
4545 5250
9840 9738
3499 1549
2443 2122
8450 4931
1094 4707
8018 6048
8706 5563
3960 8728
89 1720
7501 1696
2973 5971
8877 7342
1288 2574
1128 2572
183 1607
7349 8696
1898 5078
5291 3081
2610 9295
6999 6821
8410 9747
9792 8868
2291 4813
9980 2947
2654 5839
6839 541
4048 540
8960 9350
3087 2349
5252 6552
7545 4723
1382 8539
8774 9057
834 4326
192 5792
9847 8758
7994 8982
4677 3212
1615 2545
8864 6940
6592 7969
3965 2297
1138 9825
3700 6083
6989 5121
3515 1555
1809 1252
5005 9019
6982 6591
583 5359
835 9710
3155 7513
1890 4660
9460 7629
4689 3012
4381 7588
9880 7542
7470 5188
3049 7727
6883 6934
2528 1166
4020 4558
9004 7272
8669 5811
2433 4119
8555 4787
4997 430
7837 8232
2519 3870
7235 4022
4599 3209
3815 513
3381 717
8443 277
1528 494
2036 715
7328 9809
6391 7505
7017 1953
1539 73
2269 5699
7571 5885
7419 8345
2799 2389
5670 5393
2080 2953
3618 8293
9239 89
9642 4065
1711 4831
9699 4587
4114 314
1043 5342
4799 3732
8751 4373
2383 6119
1192 7041
6143 2729
6656 4751
573 6804
6671 1156
7757 9450
6175 2133
2529 8490
2832 7443
3121 6257
7049 3111
452 7848
9244 6413
6087 6578
8786 7412
3468 7909
5544 8389
7023 1963
5783 5662
2723 4149
6778 195
4291 306
533 6463
64 5233
344 3612
587 2422
1356 3745
9807 4097
9093 6236
6298 9085
1735 300
6980 5288
8745 100
5922 5870
6643 9510
9869 6231
8783 9763
6284 9200
6880 5002
2104 2323
3908 4819
5642 7740
3923 455
6303 6143
4411 9783
4731 9586
5262 2526
4462 3293
9401 5698
8691 9589
7724 1189
4915 4327
4694 1025
2833 3184
468 6154
4477 8655
5540 4426
6795 8784
8252 7417
8580 4346
6118 3577
115 3247
4901 7546
275 9783
8581 1274
3766 8446
6809 4861
6525 7330
8994 1749
7395 1746
1328 9953
9971 9234
2850 5279
6223 4698
549 426
455 8812
2364 2084
3710 1225
7062 2918
2909 8386
1895 7111
5909 6559
5758 442
361 6266
5567 1276
1676 3546
7091 6184
1826 8371
988 9124
2941 8890
3271 8726
694 5485
560 5328
3614 3859
6816 7262
3830 3288
4471 7337
3626 3986
2531 3512
5299 6928
4329 3454
1444 3854
894 9964
357 6144
9610 1457
9680 7621
7750 4631
4048 5220
9997 338
7770 261
3734 6171
4436 5799
9827 3755
3829 5095
8920 7513
7470 5951
5775 1240
131 209
2735 5513
4709 4431
6576 2392
9295 7721
527 9611
4680 965
3487 4867
3282 8311
8036 101
1074 4589
5920 654
5664 6001
5287 4013
7233 4570
9138 5734
8396 8889
8792 3785
9715 1834
1618 6152
3963 2701
5077 8508
7591 7047
2019 712
8358 8613
9858 3958
6889 1806
8600 6698
2636 5219
3599 4449
8413 6273
3059 1944
1687 6679
2251 2735
1622 9279
3618 5038
8482 337
2660 2157
7372 2860
8451 9488
2620 1297
8942 5950
3264 9852
9514 2004
8219 4846
2480 1516
9561 8844
8397 1564
6438 9038
9017 4189
1793 8188
2911 8449
6054 9067
5938 815
530 5335
8416 9542
5748 1208
4830 7539
9609 8791
7144 8873
2110 1263
7751 1487
8576 8400
8545 3973
9985 8027
1669 6133
1064 7284
487 7509
7194 6977
338 5126
3336 4604
647 9206
8900 3958
9239 8208
4504 1919
267 3801
6848 1370
9753 8085
3610 4573
5294 6908
3481 267
8631 8319
7943 1193
2700 6910
6788 1741
6302 321
8083 9339
1648 3130
1141 5676
4664 1756
439 6180
3161 7565
9052 2881
7443 418
5464 9386
4037 7811
1303 4395
5111 5808
5213 1492
1514 631
837 675
4113 1227
5686 6633
4768 9775
1019 1998
9313 8731
8375 5071
6514 4260
3400 7868
3069 3771
3344 9933
22 8251
9316 2364
9902 393
3183 4293
1219 467
9604 4850
1861 6317
9801 5810
1119 2625
4520 9552
1775 3997
4329 3381
6069 4179
1086 1572
3204 3074
5207 4488
202 9766
9873 6860
9239 9587
9217 1121
9812 874
4395 8914
2789 8319
1269 4881
5026 2247
3592 9032
2464 8418
7194 8751
2202 4369
8192 2301
9980 4690
5830 3559
3418 6375
6350 6361
4542 7763
9539 5248
3295 3430
3469 1320
1754 4011
6974 1184
9667 4136
1484 4834
8671 6473
6681 8078
480 2065
4776 174
7555 9193
9449 1632
7077 8863
3205 5467
8050 8275
4227 4097
7272 3357
1670 4766
7217 4631
2363 4528
6594 6199
730 212
1291 881
2651 9738
6920 7304
4424 7445
3768 8419
7711 3636
8409 7945
4543 8707
4195 6135
4791 4209
7565 7264
9025 5079
4225 7799
387 4070
6669 6338
3391 4347
9882 8067
2052 6075
6257 9663
8200 8538
4884 3993
3443 6250
3662 416
3341 5234
7860 4458
9991 5195
5152 7912
7558 6507
3924 1602
4400 1534
8426 1592
9754 4094
6614 4189
4 1793
9715 6693
5695 8157
5370 8046
5929 2089
1502 2433
5440 9887
7492 738
7607 351
1724 4868
3850 2532
4724 9783
4533 4786
5908 4659
4179 7718
2968 1171
1264 2817
6810 5487
8409 8081
2512 5052
8474 9434
1614 2062
4899 5173
8238 1040
9649 7958
2292 1995
9656 3231
3018 6571
5694 6187
6842 6667
73 7895
1009 6200
6832 8851
6372 5057
7173 213
5998 5790
397 4774
5824 6112
6806 7399
2978 4281
9901 7092
6406 2003
9501 545
406 9171
410 1128
2656 9230
6180 7424
3330 5649
3921 9776
9154 5329
1925 6594
2018 158
713 8422
564 3851
8890 9960
1453 3739
6482 4189
3456 7584
3969 8001
2731 6191
7020 1423
8915 1877
164 5748
8007 2439
3054 589
8437 7764
5269 2405
5322 7724
8003 9995
2311 4129
3112 9418
566 3972
2324 2313
6212 5998
9191 3032
52 8607
5180 1419
8084 7213
6843 8703
3715 1413
5734 6970
8279 626
2624 9150
4171 8857
6232 4222
2003 603
1331 6578
8629 2169
9023 2180
7403 9268
172 7446
6741 9813
22 3895
9466 2118
766 2298
1715 951
5904 6366
5924 5530
418 3315
5097 4753
9549 8498
6543 6293
6824 9731
1811 6313
1805 1116
1536 8086
5474 4334
8631 532
1538 8252
7226 4169
6824 7509
1405 1472
4270 3159
8909 4532
5813 934
735 2608
514 3394
5489 9820
2558 4425
4590 9802
3899 821
8615 8414
7036 161
5931 5598
1550 28
3485 3063
2186 4007
3367 9890
5216 7238
1613 2979
1385 9676
6771 531
2767 935
9104 1550
6267 556
3066 7030
826 6137
382 3936
1174 9466
1669 9086
1741 4147
3702 8796
9143 7243
4687 8234
8780 8103
5854 5392
9492 5230
2126 2063
4620 9343
5306 576
2286 9937
5725 5489
5425 495
1870 930
5178 898
3882 8113
5179 5175
847 3541
1213 8924
7443 5214
4430 9463
7174 2915
6307 5101
8303 3317
1211 7835
6215 2950
1749 6717
8598 896
5019 5508
1115 7864
7192 7910
8739 6138
3413 1651
9786 3182
9055 3687
4017 2592
7659 5807
1477 7785
6995 2038
8066 5646
9217 6118
4419 9649
5307 2957
9564 6705
9659 7627
8866 1346
3238 1026
3726 8902
6321 7477
210 3110
4411 3978
9523 9198
3521 87
6192 3494
2091 1663
8545 5960
5068 3381
3815 3539
4102 9485
7004 2179
4445 92
4585 31
1233 5426
3869 7168
9073 2009
7934 3107
7144 8842
7221 9480
8137 5123
9857 6888
5790 3467
9329 4774
9135 8505
791 956
2977 7765
8264 7020
63 6668
4899 9211
4543 2100
1363 9778
1660 3359
1394 4846
699 9638
3716 1399
8109 2984
6683 7183
2509 2637
4467 1878
3808 2861
5581 6498
8276 3948
979 9652
3900 3464
7677 8549
8714 7962
2948 1627
2982 1732
8460 3317
4778 2892
6345 6641
8114 981
9818 6901
2195 2096
913 9193
9388 6063
3353 1857
2792 3523
7503 1279
3705 6411
8979 4456
6698 382
7060 4198
386 7128
8711 3952
2031 9550
8185 5258
2254 5483
4619 5882
5717 1143
2598 8554
83 7059
6202 8549
168 8824
268 5626
3698 225
6342 4058
1714 9412
6431 6217
678 4783
468 1449
9503 5226
6767 8423
1962 1968
8670 3267
5858 1914
4198 8730
877 5306
7653 1801
2165 7065
7551 5061
1221 7441
3767 2595
9860 6555
2943 3304
452 5682
1059 957
5930 3039
5713 8107
6073 7099
1201 6763
7747 8234
963 167
7978 24
7943 5780
6748 4066
5123 338
1265 4803
560 8778
1942 8150
8908 9942
3921 8328
4859 1106
5512 4787
7914 7512
8172 1057
5969 1582
399 6056
2007 3146
1248 3000
1796 9476
8235 8871
5654 6644
7878 8162
4542 5249
6052 2706
946 7214
4751 7206
184 9980
6023 473
6253 2248
390 2575
9546 5083
447 2612
7694 436
2963 1429
7834 5127
5409 14
8944 3865
5041 1740
9121 2563
6877 486
16 4352
4545 3059
5550 855
3144 9230
3556 4545
6800 401
93 9201
1625 1478
7316 4047
2412 7856
4991 2136
2079 6763
4342 9748
1974 3017
6557 7066
3358 4844
4750 1750
532 4374
8973 5285
754 5981
8817 1095
1819 7503
8951 2806
3792 3751
378 9624
9326 8100
1178 6832
7066 1617
5155 378
5140 1245
9278 5076
1547 6578
1092 6273
3043 7225
2329 8182
9144 3323
1232 4218
3421 8477
640 2379
9413 2248
886 3442
2800 976
3828 1262
6677 3064
2440 1874
138 9525
3257 1161
2974 5654
6573 8082
9964 796
3082 5512
6940 531
2261 3135
128 3389
92 7170
7791 9298
352 2679
1677 3491
5201 2252
3538 7032
3748 2198
7532 4284
9260 2319
1456 3637
2630 8676
3943 8870
4638 3331
4241 717
1075 7881
843 3055
3801 9760
2937 2434
8046 9500
6375 9839
6923 4838
4186 4746
7276 4006
3163 8313
3883 7018
8160 3613
5723 509
9236 6024
2104 1707
9297 6534
2902 4699
7455 1948
1654 3533
1178 3015
5223 5514
4013 3622
8849 9750
3702 8386
1625 4189
5443 3236
5445 8641
893 3648
4864 6691
7462 4816
3961 2764
8374 2591
6183 5734
9207 411
5961 8743
5060 3352
1645 1778
9873 8677
5493 5685
5946 3279
9046 8581
4594 7070
2523 35
8069 9989
7294 5905
2282 3784
7523 1792
696 8728
3077 20
3013 7893
9674 564
5429 4084
3035 8592
7023 7596
474 4820
6595 77
1556 2128
4577 5219
115 5535
4245 1634
7261 4322
5738 5106
8855 4358
4916 7713
5880 1688
6887 4081
3775 5281
7817 3652
8532 8170
4043 3249
6813 1146
3470 3127
4963 5466
8293 6630
963 4168
9892 8727
411 4956
7273 7398
3241 8828
7817 4184
9147 2633
7685 9151
9673 7067
6962 5329
312 9157
9547 759
5587 1177
2856 6918
6091 8822
1 197
4510 6492
9870 23
640 379
7857 9396
1330 6368
1799 9273
439 243
2748 3493
9880 8607
6803 599
3995 5974
4786 7072
4829 7878
424 4325
3755 3013
6917 1918
939 4663
9884 9922
1598 9104
7869 3352
7100 9594
6111 130
4311 5923
9535 1983
6786 4588
2054 7574
3459 2640
3741 7528
1257 8005
674 3225
6636 2454
6758 1594
2039 6441
3926 5431
888 1754
1983 2959
3132 9862
8789 224
2663 9881
5376 3997
1182 7309
4894 6139
2768 8673
8449 7083
7517 3805
6869 2412
4500 9394
4339 9004
1950 215
301 5995
5604 3024
8116 9539
9598 7594
1921 4130
4468 6717
81 9950
7276 1565
2805 9790
7986 6897
7748 7315
5458 2436
3819 6274
4103 270
9476 448
8915 9602
5183 2064
5688 5716
4414 388
8881 9983
1478 3419
6722 6770
5613 9240
8387 5085
889 4369
6875 1760
2640 6161
9504 3094
551 8165
6723 9705
356 5476
5790 5953
4107 9525
9345 7324
6109 3343
6068 1067
4638 7648
5198 5198
8023 37
4336 3115
348 7608
9171 4574
992 2843
8397 9897
2103 2094
4989 9894
1205 8005
9045 6177
2732 8557
4131 129
1293 8199
6290 3620
596 6243
5805 9941
7208 8163
4204 5590
9750 1724
2529 1154
2292 5293
6067 5955
4144 8554
611 3017
9760 2850
2180 3384
3667 432
5187 7785
9513 8768
4325 2721
844 3030
4984 2329
3157 7071
5655 7149
223 2559
2466 6927
7674 1325
2882 164
6463 7721
2124 2789
8890 7125
5150 4016
5323 3097
1195 3104
554 2272
6587 8400
6338 4033
7663 5751
6792 9
6007 8569
3816 7969
1634 7185
4635 2895
3115 2255
7806 5400
6172 6810
8902 3982
9707 9131
4169 7315
5448 8012
6549 5542
1594 3591
8686 7414
3948 1174
7280 1324
3548 5335
894 4694
9984 7685
7173 5051
4931 6744
7249 7027
9065 146
5526 7507
6442 3849
2362 6411
5070 1476
2886 3700
170 8820
4788 2046
1543 4196
2247 3241
5698 9465
6135 5340
8954 5506
1667 8194
7032 4194
5441 8980
3361 1007
271 2562
8074 2875
4965 1329
209 5153
9738 1072
864 9120
3243 9377
3706 3291
509 7544
3046 6351
5839 9316
9093 3805
1759 7423
6863 1381
3036 5728
7423 9465
7653 3646
6578 8609
884 2226
6961 1809
2353 2963
9591 8446
1587 8089
5492 2120
5352 7194
624 2640
2835 4814
3723 4413
2036 8983
5124 7106
695 638
7790 7235
9613 7189
1249 5095
5583 2837
3459 5208
5229 3450
9363 5006
2109 6194
1327 1084
3878 3891
48 6477
3554 1456
514 8891
2643 4983
8159 8204
8712 6067
5069 3819
5285 6259
9477 2341
7672 8587
4539 1137
7346 2486
8762 7663
347 6834
7990 5532
977 6757
8796 9209
6595 9214
7123 2453
7737 1105
1702 7460
2059 5331
8958 3553
923 5973
6007 6429
782 5385
6270 6243
4118 9588
339 725
2093 5387
1956 646
7054 4819
7860 3721
6423 8163
2326 9844
515 8750
8207 506
6499 7791
3028 6336
5128 4876
9143 8583
7248 4318
2528 7742
2382 1103
6801 9874
4644 9302
3490 1734
5461 6025
8418 5258
6085 8132
3313 1256
5810 7958
6812 4941
7378 3784
3088 4472
3030 4937
8655 1285
4587 7762
7049 1069
2873 6471
7642 904
7071 8357
6435 5405
7879 3675
3481 5694
6593 4152
858 6747
398 9966
7799 4298
670 7691
2291 1703
9125 8922
3230 896
8048 3963
6931 8840
1030 9182
5605 6874
9380 9261
2156 4440
4774 2458
9881 1146
5396 6300
4395 2655
8298 3462
743 3847
2989 5100
4651 8722
8497 7386
1769 7663
6556 2053
1873 4533
9066 8398
5105 4721
584 2126
9093 5919
9989 7730
5893 1327
8316 1126
8178 4423
8818 5890
74 6287
5944 2792
3466 6147
1720 3725
6340 8432
9677 8147
7175 6391
9893 8026
658 6229
9745 7736
9560 661
8054 7136
7422 7355
7936 9898
9557 4621
1003 508
532 3121
1179 7669
9600 343
6583 4426
1645 6198
8799 6386
172 140
5750 6070
6173 2303
1562 9100
3438 355
6715 5820
639 1623
3037 9367
3284 6881
5633 9374
1556 2534
5342 6224
7041 9370
9287 2645
4096 9565
1094 2131
5290 3591
220 1969
2961 6738
8329 2374
6434 5247
4308 3586
9535 6739
9375 7439
5089 5466
880 3239
9496 1924
9299 4475
1848 8386
4865 1510
7067 8029
4622 4110
8454 4720
432 589
4310 5687
4618 1813
7188 3151
3685 5638
5224 264
9824 6355
7615 511
3820 4965
6227 7003
8868 9162
7970 110
7104 7843
9904 3014
2742 6217
5892 9554
6234 9199
1571 8758
2729 8020
8794 1000
9149 5803
8389 8037
9950 1242
270 6398
1923 4689
3890 7613
8083 623
7309 9263
9686 6664
1889 5289
2908 2510
5844 1866
3077 9148
1807 6643
463 5447
9414 7530
8597 3968
4988 9280
2146 9157
2164 1900
2351 6674
2368 5437
6361 2471
791 9330
761 1734
4931 792
5102 7607
9018 6611
2185 3465
2006 8004
4134 7073
8552 5808
2732 9609
7782 586
7079 2201
6511 5894
7781 9925
4095 9714
4255 281
9695 6489
4871 5093
2833 5980
8437 1417
8103 7585
527 1132
315 5509
457 6346
3420 4828
7129 7661
378 6648
3395 6292
8878 4355
7786 2167
2496 4660
3245 8398
2259 9215
3012 7385
5628 930
8245 171
1505 5270
292 14
7877 9889
2579 1670
346 5395
7191 9809
8764 795
4839 8623
4230 3309
7819 211
5386 6443
3259 2897
4992 6965
6089 86
4868 3686
8855 1102
9924 9154
1719 6641
1383 5585
5029 6566
3418 3677
1990 5558
4006 6107
8701 6059
941 981
7606 1700
3745 6230
4652 2980
4965 6236
8375 5167
2291 4213
7952 7920
4797 9281
9102 3478
2108 9642
5904 766
4326 9624
8976 1612
4730 2046
3411 8479
5837 7545
1781 6756
9642 1839
2270 8912
5897 5088
3605 3299
9855 8635
5759 3342
1167 8380
9362 2891
7000 8446
9254 5195
5249 9689
312 2640
4764 7993
3940 472
7819 7235
540 6312
5782 8119
5705 2902
4846 365
2134 7395
6056 8810
3199 7828
2515 2180
6752 9498
9396 613
8682 1652
7237 1767
4058 5975
3018 6890
6617 5741
7836 2568
7100 4800
9458 8732
9257 2215
159 9573
4689 463
2079 49
4945 1079
4037 1241
7303 9009
1528 975
7682 6207
4582 7662
1887 562
2313 8862
6007 4508
3331 5546
7112 7546
7693 8175
883 2939
7421 6125
8504 7290
6930 5070
4233 170
4612 2802
5847 2240
6514 6546
2810 7222
5302 2583
4635 7197
6903 8534
7704 2556
320 44
7652 5141
5773 6758
253 2329
1050 3360
2157 6331
8771 7481
9657 8866
6895 4749
369 1254
1707 360
8879 973
7216 437
6504 5292
1826 3281
1263 8643
6359 1113
2217 190
2794 944
9025 5707
561 2914
3090 7961
645 1008
3446 6816
7343 7212
380 3174
7703 3021
1628 4199
7161 1611
3099 3291
1882 3940
9340 7112
4711 3285
9067 7854
7538 8871
5566 747
4392 7891
5813 1630
5220 2793
4703 8577
3084 2635
2814 9141
6588 5898
5735 7043
9419 3983
698 9927
9043 7028
317 1875
3141 5955
8444 3058
2132 9655
5804 1789
8626 1039
8762 3417
8935 9543
3101 137
1512 6169
6409 3300
905 3367
7762 4648
2252 1771
5586 6107
2592 7918
2716 5426
4509 4526
6912 3605
2876 5447
6354 1034
8322 2298
9568 3589
8633 163
1141 6423
2538 2279
2321 3275
2532 5585
7204 3414
2498 4353
7967 3432
8204 173
6185 651
262 6043
2343 5337
7657 416
2185 7519
1056 467
7225 4579
8333 2023
2787 5651
4204 607
1756 5911
2440 7493
5232 4472
607 3048
4818 9292
1245 9951
1783 1204
5570 429
5282 6363
3329 1924
8709 180
6695 6628
1265 3017
5033 1867
3301 3482
5433 1666
5395 5549
5446 1348
2287 1487
9130 2033
5262 9148
90 4699
5706 5741
6765 3892
1402 1120
9475 8623
2245 3080
524 5393
357 8088
6159 2767
8434 6968
7415 4079
7037 5259
2901 6226
8227 5055
9905 8851
6215 4270
2133 3483
7183 2485
9291 9455
2300 5015
473 9220
973 5431
4808 1746
3966 9610
5971 4745
1302 9606
6645 3612
1976 1074
2493 6050
6978 5455
8032 5314
5338 3595
2382 5822
1083 5475
8632 4601
8086 1872
6115 465
6351 8855
7940 4215
7904 9033
2917 968
2894 3673
2049 6241
6743 2383
5186 231
1873 8686
7908 879
4203 2228
7571 4103
3017 4420
6256 199
7938 9376
4567 3446
3726 6758
7976 8615
8296 8127
7634 9494
9423 5874
1750 7340
5432 5403
9124 3314
9734 6067
4907 2456
2647 2873
2235 5077
9534 2281
9771 7367
4878 1937
8467 5208
8642 3128
9514 5989
8596 8338
5316 158
7708 7195
8421 634
920 4815
8260 5789
3627 6187
8690 4410
5367 3448
4894 5452
1236 7973
9441 8815
7751 6752
4614 3100
1156 6652
2756 577
7156 3833
8338 3114
1299 7695
5092 8620
4999 9504
4752 7132
6855 6756
3741 8776
1015 4250
6502 7044
5019 778
2287 5489
8336 6125
6543 3743
8988 2987
5204 1112
2238 9605
2501 5969
1893 6608
6863 9544
1427 9756
8939 2035
3065 9028
2843 1926
5857 8902
5917 4531
7095 3719
6716 6330
7384 5671
6527 3733
2416 8416
4296 3192
3299 9112
9640 3741
6795 7443
4521 7081
8998 9405
6726 80
220 6559
2463 2453
3231 8788
6752 8413
4508 4699
4342 9713
7970 7067
3494 6802
2146 7423
5043 6095
4720 3659
9274 8731
2890 9305
6653 3191
1001 5399
1823 1848
1163 5497
6817 1375
6829 8353
3352 7669
2735 5138
6501 5987
8357 970
2395 8223
863 3863
1901 4257
956 1035
1473 6117
2575 6669
624 2062
3571 8901
1071 4069
989 1882
7221 7786
9996 1445
2697 6085
3430 5854
3836 4727
5993 6329
9111 2073
7878 3190
6494 9842
6359 7169
8989 8753
3202 2345
8788 7126
9170 2349
5726 3658
664 2827
7641 2373
9142 2069
1995 8734
2960 4383
191 5380
4766 8481
2092 1647
5261 2836
7728 7014
7411 8360
430 3946
2518 1303
1279 2067
4142 7368
2932 9499
5715 9327
2000 8705
1199 6862
86 4901
1324 4047
5731 6901
4895 3579
922 1415
5825 7126
3130 8123
9081 3175
946 4893
2771 8832
2252 4760
7922 2935
7248 6950
5176 3964
3867 4159
1546 9806
2725 1566
2549 6751
7428 6460
1709 7743
9544 6198
8365 1449
7536 4514
7364 9794
9873 9551
6809 3984
9096 8615
7775 6911
6207 8882
8196 7179
3764 2455
8781 8328
4932 9596
2006 959
5889 1844
5033 5325
4691 4890
9829 3197
7460 7134
5897 5141
7093 1009
3293 8090
7648 3357
4356 4491
6532 7677
563 4316
6884 5520
3971 9260
3004 1675
8143 7616
2548 927
7533 5307
5243 7927
1113 5364
311 2850
7328 2147
3476 4114
5915 8179
4262 2053
2362 4365
9459 915
8933 3699
8302 1660
9360 4796
1698 1044
3039 6086
2832 1185
3940 2565
6227 5294
2174 1127
325 156
4194 2700
3971 5554
6288 3410
6156 729
1486 8686
8154 2281
3304 9307
2765 7822
4939 1838
9264 1820
4387 6185
6871 7125
6468 600
3173 604
3943 8913
5025 5394
6742 8178
8565 6179
8012 3770
1095 9240
3222 9705
1184 6258
8445 1938
2710 161
6909 1872
5059 1512
2742 9802
4144 8656
7434 8205
9853 9433
1105 7501
5654 8539
917 6703
9257 2014
7321 5336
9523 5911
6948 9402
3558 4817
2942 7372
8745 8032
4106 1106
4637 8900
3402 6668
5190 5865
374 5786
7322 6090
4300 6305
3335 4171
4822 982
5754 1829
3671 9434
8467 250
5560 900
6987 6290
9534 6051
8840 3463
2889 2007
9085 6517
7600 560
218 1837
9381 8728
6506 1450
9547 3830
6486 5735
4899 2126
501 7330
8836 8280
9422 1741
1516 4555
1746 4483
1649 2498
3773 6322
1065 5024
2294 3408
5153 7018
9215 214
800 3307
7485 4177
6993 4624
2406 8462
2922 9848
3405 6776
9862 4363
3923 815
8657 8293
682 4979
3195 9298
6480 5024
4348 2653
4615 6666
5942 3980
6633 8667
8937 9316
4018 1992
8798 732
9154 6293
8096 4352
3303 4723
7675 509
5168 8310
7329 3322
4865 2640
4886 5143
88 6865
1631 6634
2089 2806
8246 1433
9341 7237
8514 5698
6751 9669
1785 3996
2720 4665
2158 7276
7745 4466
16 8432
1924 8000
1640 1439
719 1167
7250 9258
6284 3800
6118 8009
3313 4018
3846 4502
8951 9739
2679 3490
4753 5139
7570 7902
2992 2077
952 1059
1863 5393
4655 5978
7998 8370
6099 9603
6715 5266
9291 5316
5197 8417
5522 7517
4683 901
7913 8247
9971 6182
4446 3754
1981 2066
9131 9080
4419 431
3117 4820
6794 6542
3755 5803
3473 7041
8357 6569
2023 9925
8981 3893
4298 4345
6660 1748
4889 1911
4287 7272
9610 253
8664 3114
642 6887
2 6164
8643 492
4863 7827
6652 2036
2346 922
4660 1441
2207 784
3567 7260
922 5618
907 8909
1625 1451
6278 2793
4471 2453
196 4342
7753 5666
3545 2662
7757 6314
7296 5860
8492 1779
9747 3907
4881 1770
6427 2633
1059 9834
5027 5766
2882 5006
3125 5451
6659 5678
8204 2045
873 3870
3162 5087
1631 6092
8869 4823
7813 4069
2544 7017
8234 4362
6287 4432
5505 1054
2233 177
1014 9778
8862 73
6489 7743
6279 4814
5477 41
7246 3653
6148 8324
7767 4474
9212 3102
6539 478
623 264
1049 8205
9616 3920
6432 8725
6794 392
645 8273
5707 3211
6638 7180
7360 6518
2886 6655
1976 4283
4323 671
7268 7283
3743 9745
2806 154
1059 9398
3159 4417
4270 4823
6029 9602
5069 3457
7581 8656
5114 4132
2194 7511
7456 9040
7841 5267
5787 4473
7625 3734
3434 3385
44 4867
2432 9345
4824 4959
7965 227
263 8958
1638 8133
7172 920
6193 3378
5232 9297
5895 2562
8714 1677
9977 564
221 4371
9048 4996
5926 2175
4647 2592
8007 5724
2253 5410
8926 2913
7355 9846
1853 650
549 7978
5832 3980
7321 6526
4566 8780
7867 9041
5357 2484
5577 4942
725 8051
8156 1665
4582 2262
2256 7892
8972 5525
8143 9329
6189 9819
9960 3875
8603 4824
3359 111
8877 4106
7931 9032
9013 4378
8284 4787
7865 8079
3838 3329
918 2796
5962 7384
9203 8364
766 9391
7924 9961
7449 7630
5665 9709
5345 5419
5182 5430
8784 9518
2567 7321
939 3854
5246 5963
678 9846
4972 1950
6444 2974
6902 1031
1147 1406
5976 2764
2009 4312
3066 7585
3871 9371
535 8057
3372 2728
676 7440
736 1629
3361 2402
7981 8714
6542 4842
1944 7606
5127 1613
1943 3731
7333 1894
3420 9954
7700 745
5580 1731
2396 8372
5163 3649
1917 6394
2213 1272
6747 3134
7202 7944
9143 8920
6527 4818
6963 7358
8611 8226
6809 1841
3678 1020
8608 5516
3084 9883
4960 8829
2145 5108
3187 696
1638 9591
5980 414
8663 3302
5554 1803
3561 7446
1732 8300
5768 4675
3004 2982
1931 8516
1682 8110
4921 1033
1133 3262
8553 8401
5743 8776
5123 9492
4083 6547
8107 3152
490 8115
9572 3984
8371 8719
109 7477
4190 8340
3986 6515
1972 5590
1018 1396
754 4900
8231 4368
406 9700
6784 1642
5005 626
3662 1634
2689 7202
9025 8004
5236 3737
7895 4489
2949 2630
2842 9517
5201 4067
8847 7654
1339 7381
1316 4078
9078 8893
7741 7554
1487 961
5774 9616
5739 4774
5038 3997
3456 7495
6276 9984
3814 5433
4858 9892
1947 7471
5290 5141
8412 2246
3267 1220
8971 7767
6078 8655
930 7558
8565 7776
7191 9279
8428 3770
8048 1637
1980 6748
9687 4901
6076 2656
5160 7926
2433 3065
2680 1132
5724 2454
3435 1035
8551 2543
7368 1311
5914 2866
9125 8514
3104 8327
3656 7040
3640 5602
1104 7424
5226 8417
4014 8638
3845 6982
7441 9686
1541 1960
5288 2641
9168 4070
749 6136
6571 2579
3624 8017
2399 7978
9300 8329
2089 3956
5321 361
800 4554
8879 3643
6905 6769
3458 1059
1884 976
8036 6866
5544 381
1090 7828
8169 8497
2372 4496
8048 1478
2399 4525
5625 3514
5283 9403
8751 1743
1306 7646
6460 4598
6801 2121
4804 3583
7525 5469
9096 2383
7928 4611
3529 3940
8242 6013
7293 5928
69 223
7681 6705
8461 3758
7206 9383
3872 5798
2001 5360
4356 1860
52 2605
8737 6305
3456 1802
9173 3522
3694 3636
8730 260
7681 444
786 6819
7385 9905
9254 8903
5718 6402
4021 2471
8238 7232
5501 7732
6718 7258
2179 5846
1817 272
1488 5065
1518 2273
1929 7159
4759 3272
8523 7461
5510 4985
6014 9124
4778 2410
459 6401
9317 9039
8853 3732
97 1666
287 4733
705 3672
8433 3149
7468 3180
8203 5280
1981 6518
706 2206
8978 508
4931 2209
27 7762
872 6343
7054 4042
9041 5245
8139 1590
5891 3949
605 1459
1135 3633
287 4597
8327 8198
4495 9439
6324 4655
6799 7596
679 3712
2829 5091
6515 7053
2334 197
1887 6919
6668 3044
1243 319
6826 6395
4337 2398
5699 9494
3047 9997
3162 2678
3971 7619
5261 5040
3855 3772
8389 3069
9338 1435
7033 9252
8035 2375
9610 9274
9255 1725
3267 2998
3530 910
2856 5657
5189 5309
4138 7171
9794 7646
9943 6516
2631 3841
5110 9273
4709 2994
4163 7166
4074 3107
1712 6043
5881 4544
3699 5498
7377 2950
7668 9068
4707 8918
6151 794
3984 1810
2423 2939
6549 133
167 2452
3913 7066
4236 144
7334 2126
6672 7608
2381 8131
5050 8902
2466 8549
6304 6081
1005 3086
5462 1027
3593 1518
3160 8962
8296 4659
9451 4457
3644 8943
4588 6410
3077 5939
4340 9000
6191 8472
7765 1618
8293 5189
4263 5410
7318 9464
3444 6483
5944 7749
4443 8548
4199 2725
809 3670
3091 5081
65 5050
9802 8222
753 1484
6459 4094
1188 4710
5880 672
6580 1178
6528 1535
45 9294
2159 7282
1562 1189
2319 8305
4390 1830
5791 2373
9115 1941
2238 463
4721 2045
6123 4718
2472 6520
2347 2000
6587 3437
1269 8705
8263 8031
4124 8091
8611 3703
3253 2245
8323 1791
3747 2812
3098 6282
2053 3616
6904 9203
5975 2104
1073 7368
4871 8221
63 3843
300 9269
7956 8861
5553 5568
2433 2136
925 2774
6735 4821
8264 9357
661 4359
1199 8941
3221 2433
4075 2924
4448 6349
8324 3779
9095 1183
5767 8757
7647 5233
8291 4639
3968 7576
4046 1360
9800 4217
9001 3927
8765 1323
5819 2316
7217 9995
4644 1017
4399 8572
5708 6228
9582 1013
5747 5396
9593 1726
3228 9285
8219 3820
3710 9717
5835 1912
4563 1215
785 5682
8770 9713
8708 387
3877 294
5746 591
2658 4795
9792 2866
4545 3504
3880 3284
6757 8003
2779 768
2835 7391
2416 5893
6407 5049
9944 9285
9627 6985
1628 7328
7733 8393
8487 1699
7189 5318
169 3712
3638 5424
2260 6902
7829 3342
7367 5414
8433 8602
8838 4154
682 9195
2371 8082
372 4277
3161 7617
7447 9491
9710 3071
1359 1877
7441 725
984 5318
5723 9259
1806 1021
7722 6177
3444 5322
6048 3690
6851 1256
3431 1788
5012 5324
6882 3108
340 2142
9624 874
3511 4357
6091 1058
7422 1065
1848 9145
3595 2116
9183 4063
2353 2672
7427 6861
5604 6831
2110 53
2118 2172
1725 8458
5246 9674
2317 8206
9009 4377
2299 4095
5969 381
1906 229
40 2785
5751 4135
3451 5654
7812 6226
591 1178
2356 5994
1281 7027
1137 2214
4598 1765
2203 1728
8234 6094
7995 4596
2598 6095
4470 4668
4345 7454
4724 4101
3547 5054
8726 56
7538 9574
8583 1779
3476 2519
3702 6753
1710 9994
6627 4105
8714 1007
1905 1570
5841 8419
5874 6457
1049 7447
6185 3232
1476 7346
4165 7795
7954 8759
8213 3357
1205 1838
9745 3841
6030 3208
9942 7916
8832 5682
3836 1987
4186 4404
9576 593
3383 6431
391 3782
5832 8770
5934 4580
9149 9573
1105 7740
7731 3109
7479 3493
6551 5020
4271 8007
4529 5357
8693 340
4393 3233
6800 8759
9587 9825
3804 6439
2205 3711
9709 9136
7600 8751
8863 1336
1468 6641
6468 8177
5623 2863
9752 2926
1695 4465
6866 1797
1169 5534
856 4497
3877 5257
4694 5750
9991 6107
1821 3874
6665 8105
7287 2294
879 7932
3826 3145
8933 4923
9072 9222
4452 2563
4569 7402
3939 4118
3612 2259
8144 3466
8322 1946
4468 8279
475 9402
8156 2860
9162 781
7514 1734
9679 994
1971 225
200 8394
1902 8529
9312 1345
6505 4640
9079 9655
7298 7882
3005 8149
6728 5660
6140 2701
1513 8400
7165 1000
4006 3811
1596 1496
1892 2022
8014 5450
82 5528
9326 2301
3279 8564
5187 2794
4101 8763
6414 8322
8883 8506
1204 5313
6826 7248
3365 8207
1826 836
2237 7200
3299 4788
2541 872
7432 8960
9153 7775
8780 1732
4736 1056
9395 7640
6765 1959
918 9826
3792 7911
3437 9092
4239 2897
3835 9802
5064 8139
1659 4838
7847 963
3224 6000
6010 6984
2122 5385
6066 5038
7323 2623
8807 680
9759 3599
9645 7179
7187 1957
8072 7968
6094 8751
6494 1982
8112 1524
4001 9491
2882 971
6805 6801
1902 8852
8265 9855
1283 53
4438 1030
2033 2834
8151 4165
6631 2342
7317 4799
9876 7397
3046 4266
1124 9427
3310 8563
8910 8115
8280 3940
3939 5693
6550 7725
6324 1014
906 7623
1376 4893
3090 3591
701 8777
5295 2059
8615 1582
5375 7473
8955 5471
3429 7921
6132 4450
3576 6469
6288 7102
4753 5717
6293 1050
1153 5468
1608 1654
1500 520
3923 2688
7612 5138
2176 2190
634 8663
8249 2699
8945 7545
4982 4997
9530 2823
5275 5680
9225 987
6987 7236
3584 8906
7731 8364
1441 4875
7769 821
8138 9542
1925 5815
4648 9997
6904 4953
7310 533
4659 8844
636 3486
2061 1057
2694 2046
8514 4256
3961 6812
9647 9673
8794 1513
2330 3139
8281 251
4080 2056
7446 8232
2048 3683
3865 2434
3035 9597
1384 697
3450 9975
3759 1933
8288 925
5998 8516
6804 2750
877 6874
4450 5189
9873 8414
6065 529
9313 9501
1722 6603
1999 512
5440 16
903 9264
2565 7842
5131 4750
5282 1538
3581 6688
4998 2248
5480 9772
7702 3929
1852 6836
9331 4734
9014 3688
479 3171
585 8113
1527 8122
8074 4221
491 3587
1826 968
5774 4329
5289 445
3303 343
6893 6435
4588 8724
3669 2070
5879 4163
97 1389
1563 453
349 3254
5552 1663
901 9364
9581 1059
2529 2471
7382 4073
1061 3032
3867 4797
2547 7257
1733 8270
6638 5825
1117 9260
7062 2685
1503 815
3822 5739
5924 7301
6532 1587
6791 7294
413 3730
7111 6282
4140 9052
9278 6972
1486 5540
6901 1246
2028 7653
7004 3726
7079 482
7738 322
1301 2851
9882 4399
3422 5451
5024 2992
4346 6511
573 5606
9491 167
9742 3600
3226 9842
4090 3586
6446 4709
2313 8753
9037 156
3151 8853
2663 1355
2788 7478
7363 5098
7097 1831
9688 2702
3342 2216
9115 8175
9107 5574
3005 1172
1835 1238
8758 6359
1422 2780
2485 2543
9635 9132
703 50
1857 3476
4597 7730
8868 9686
8654 2185
3466 6294
4927 6298
4114 1889
9964 3482
9051 1222
4081 8500
5593 1719
9756 9402
1755 5532
920 9142
5998 4882
6219 9847
6062 2616
1302 8310
6586 6807
619 1780
6378 8356
1204 5836
1994 6418
6083 3049
1693 3058
1634 9381
8159 9696
5794 513
3216 8738
8559 9398
548 8847
6946 4374
7073 5089
7460 9015
4563 6830
6352 5766
8328 183
1431 9752
3836 2211
4280 5207
2518 7477
5298 6436
6537 2726
7403 6839
5688 7770
5684 4603
3328 7860
4909 1051
9901 3556
1479 9766
1453 2662
2042 4914
8089 5213
7406 610
3394 1673
2192 2075
9414 9256
734 9092
4982 7724
5104 1308
5125 8933
559 9825
9206 1365
9393 3418
5926 3186
2160 9888
571 7367
6862 8075
3494 4693
5015 1931
3156 6244
9866 3738
6841 9287
6262 7153
9947 2621
9605 2750
9910 2721
693 3360
3327 4848
8251 79
8171 5207
7799 2137
9219 5736
991 9231
6432 8483
8830 8621
2955 9641
8072 2341
4338 4036
6831 6208
6757 6922
4818 8533
3388 4618
159 6337
6684 3025
7948 6337
2762 9777
644 9614
7718 4142
2969 7218
5251 3728
516 2647
3490 5203
6724 7182
2583 4651
4165 2747
6132 6578
38 928
8509 3249
7259 5383
3172 1438
7149 1919
1681 3123
2390 4254
6260 620
3916 5110
2542 1803
8645 6707
7388 5409
3689 1038
7719 7642
4826 7025
1018 309
9654 7376
806 426
1045 8940
2807 8962
7247 9181
1299 7725
8616 9857
4950 7521
9906 6619
2869 5977
4410 9035
4379 8194
4992 1521
4747 6373
2930 1101
5533 922
5070 7105
6880 1952
8972 9609
504 603
9189 194
7569 8191
2324 3923
1239 716
9460 2478
978 5141
1721 391
9644 7640
7251 533
2582 8158
3303 1452
6465 935
2080 7253
4633 9311
3479 3680
5054 554
4207 6255
7345 5982
3956 6078
9016 625
4766 7663
4838 3400
8117 6282
9669 5056
2148 6379
3496 2236
5802 2082
9120 2680
8761 1537
180 9514
1939 8176
8424 6389
5238 2280
9598 6992
4681 8697
2708 9293
1121 5244
1993 9696
3710 936
5680 6888
3456 3415
7405 3730
7316 7369
6665 7634
4734 6325
8153 8251
4772 9311
5576 2942
1742 4976
7211 9342
3195 1084
9267 4480
5791 2714
5726 2056
9575 9575
679 8388
9312 5970
4487 5681
396 1888
4502 3654
9536 547
9453 3329
5363 9388
8597 7187
6402 7980
3850 3227
8624 635
7643 7158
7174 1921
4078 9882
3763 6561
540 476
1188 9418
2669 9184
5091 242
3546 5017
3303 3329
5451 9469
1785 5949
1758 5662
1736 2467
1363 6297
5884 9409
4465 525
7776 4582
7157 3491
2051 4432
1633 800
2969 7750
3398 1539
2215 8493
6039 579
2823 9233
5717 3115
7770 5457
5511 1098
6255 9700
9164 3732
5839 5819
8192 2785
5185 3865
4015 393
1874 842
1509 7497
8872 9639
4739 6459
4722 5681
1561 7950
3694 5533
431 8378
3739 5909
9897 5305
763 7847
1136 2120
2230 216
9271 9982
2409 7667
5240 3978
61 1386
2513 7055
3664 6103
2633 2833
9933 3820
6053 7850
2688 4231
8751 7808
636 5858
2225 9280
1461 4525
7293 2655
705 7795
5934 5319
8610 7606
259 9399
8204 5931
6380 5613
8861 155
7069 3934
5707 443
1666 8002
8833 6906
6363 4915
5467 2525
429 8774
3658 2554
2557 3502
9259 4027
2746 6477
9983 7398
8924 6761
6897 8030
3227 9740
650 7674
6966 9072
1336 945
5615 967
4435 6048
9413 5459
8495 3247
5228 9539
9489 6450
479 5340
6349 996
6071 8286
9889 1122
5596 3561
5923 9919
9087 235
3843 9343
1088 9331
5217 1402
2885 9129
7094 8542
9524 7134
8666 109
4667 4207
6748 4401
746 2186
379 2565
4490 6382
3751 4858
7560 5327
6564 6559
4336 6220
2300 7916
2798 4960
2086 9802
4420 3391
3932 7836
920 9194
4969 6414
321 303
3440 9157
6523 5064
3776 2637
7107 5191
3546 8401
1046 8742
8480 9573
6866 9457
502 741
2432 3052
7664 9464
6196 5575
2218 1194
7247 9635
5173 5768
7715 3635
6452 4202
473 9797
4634 2894
5656 5103
675 2750
6792 6818
9920 4938
4222 5703
1207 7412
9484 9663
4568 7435
3249 2329
790 5713
384 2224
2979 4135
6521 3017
9771 5270
5568 8059
6490 9151
3811 8996
6594 7966
546 9730
1507 9827
6221 2898
2122 9594
6063 6080
7006 7322
6921 2826
7023 4574
2031 1898
1106 3455
2455 5810
9608 5111
25 1849
6476 757
1949 8190
4441 4988
8704 9181
5734 3127
1878 176
7816 9997
405 795
9282 5268
5773 9107
1856 644
5397 3648
547 475
1521 6002
4991 675
1489 9238
7098 7270
6604 86
5980 9515
8062 9011
9526 5697
3875 8243
2784 3134
9304 4675
9537 1409
539 8470
6070 9820
7778 2517
9297 8152
4064 227
7250 5628
6502 8092
2282 7891
462 9328
4724 1461
5812 9216
7 6415
1991 8849
6212 1037
4381 7665
8588 5751
6596 9557
7347 4858
1735 888
8446 7557
3425 3140
8935 9365
1021 3288
8872 2361
1291 8001
4312 1468
5839 7702
1918 4363
2727 6683
629 9210
2334 2127
6715 9442
9792 6404
6818 8606
939 4709
9571 7502
724 2353
4030 2900
8140 6411
3191 6097
4232 3691
8351 3772
3247 7441
5845 7776
1226 612
9843 2636
8921 2023
5803 9196
1794 5222
7828 6820
4622 8363
8201 7786
9526 2776
477 2004
4089 4097
2132 9144
9936 9792
1603 522
6997 528
6738 1926
807 4999
4133 9644
3951 2799
7106 8705
4918 523
815 3922
7141 3521
8494 7436
7686 5064
9594 3102
8452 1345
3933 7101
9076 275
2358 5080
4694 7155
3319 8655
8768 341
256 6545
7306 9648
9928 5412
7879 3598
3548 4153
4991 4313
872 7936
4127 9875
9917 9081
5041 4188
3367 4842
3815 9819
2357 1709
9892 4088
4420 9756
1086 9028
7761 4637
2826 6915
7668 5409
5649 7012
6719 9352
3167 2218
1052 5879
7040 8583
4782 7593
4880 8620
8813 3474
5022 6782
4442 6678
6606 5691
8612 2910
2363 3707
9743 8374
8704 4056
9970 9953
7260 9999
7513 83
2878 342
5439 1354
4563 5243
3410 5291
5808 4123
4263 9695
854 444
736 105
7864 6001
467 9380
5368 4711
7624 398
9423 7205
8021 5574
7555 3235
3010 9445
3007 1641
3634 1255
3047 7316
9604 3539
3334 1181
3928 3957
2239 1591
6210 6337
7983 2419
6626 2961
9927 5850
6901 5799
9822 680
169 9120
3170 9596
3029 38
580 347
296 9370
4009 8790
9544 522
957 481
4623 3125
1033 4390
8870 3940
7702 6784
8508 5542
5133 8808
1990 6508
5393 8443
7105 1532
545 2282
8682 1890
1973 5393
762 3351
3382 4964
3653 9237
6954 267
600 5981
5821 392
8960 5788
6142 9426
8200 4152
2265 7029
5675 2862
1222 4564
9705 6774
6089 721
5394 5902
308 9784
3023 4113
8729 4686
9292 5678
8068 1154
514 8682
7133 7485
9172 7184
8056 695
2669 974
665 8681
3165 7338
3783 5331
1232 2372
1456 9537
387 312
5784 9359
693 9614
2373 3648
4164 8842
6172 2594
442 5521
1466 353
1798 5146
225 6586
1929 8911
4328 275
2001 5690
4852 3012
7429 7603
3150 1950
8518 8460
3431 744
7516 5391
996 2248
6933 7570
8414 502
54 688
3390 4431
8519 9204
7893 3120
4352 1134
4835 1155
960 7802
5524 9140
4681 9379
361 2295
9900 8920
7445 839
8449 5674
7269 5402
7659 8063
8127 5423
754 6540
536 4984
1778 7947
4134 8473
865 8158
1945 1661
1884 2335
2967 4305
7952 5488
4803 7599
649 3753
7372 6051
8435 5320
8400 3340
743 7131
8421 18
1575 3162
601 5051
1276 8194
1257 3830
369 3047
4281 6794
5815 1702
5865 3539
3580 7462
5079 7960
3397 6132
4976 3239
8268 6606
4000 565
4738 1083
3743 3394
6358 8599
9109 6020
1730 989
7826 8869
5474 8722
2891 8270
2918 8287
7224 6843
9936 1016
1358 469
5535 1695
5328 6109
3423 8576
5627 7898
6697 6388
9542 104
4634 5295
4164 4953
1011 9932
2143 688
6931 6951
7322 6478
3490 3941
5050 8919
671 8093
1334 8420
8652 3458
6919 5483
667 1209
4900 8637
2276 7609
5732 2179
6072 2519
6490 4233
2924 8
4270 6715
9816 7008
1004 9468
6411 5170
306 1430
7064 3577
8680 2632
6404 3257
9337 4379
1814 6385
5490 469
3249 2792
8703 8069
8381 6415
1878 7229
6809 7304
8363 2765
310 3634
5621 4761
2807 1874
2970 5871
4944 5017
7830 8825
9596 5314
2350 7809
9632 8746
6594 4348
3604 3183
7512 2229
5931 8934
7428 5234
663 9732
1621 2158
5416 1960
7974 5753
3695 3662
3789 7426
7716 9690
7911 8476
5178 8579
5188 420
9312 9522
6057 1176
3119 2615
7186 1676
3494 7741
2646 3159
6978 5583
2171 2163
4253 1142
8945 3534
2641 3757
8476 1526
6492 6995
9734 5539
313 8072
7100 165
4784 195
5840 3118
5420 6545
6932 1458
5582 21
925 2684
4083 6294
3835 5458
1344 7083
7288 9608
3161 6227
9945 7838
516 107
4774 955
978 3375
345 6602
369 4
2519 1714
1860 6330
666 2103
7906 3169
799 3603
9260 2951
4140 309
8038 7144
6982 1807
2775 6641
5920 3605
2901 9367
669 7398
6972 3339
1402 9872
3133 2063
8114 909
2883 9680
594 4604
6183 5489
1781 3462
1539 7222
2637 2802
2857 179
6278 5269
8758 992
5314 5916
2262 8360
1579 4567
3869 911
2108 7546
1195 1493
9541 260
8377 800
7138 9721
2639 3741
861 7321
5260 8536
7518 1498
4255 4926
1257 6237
4788 9687
8876 6643
1669 7769
5362 4205
5458 8143
4641 1482
6815 2866
5786 2093
7492 8053
1742 8987
1513 6413
7992 7754
2143 9095
2969 3306
6942 2273
4171 2797
1963 1755
8846 1170
7073 6847
2029 3585
1371 9680
7904 1958
7367 4413
3483 4916
7921 9222
3844 1932
9940 8803
4899 2673
5116 1600
7464 9133
7599 6351
2659 7453
9483 306
1580 9689
2254 8992
7418 6551
3093 8879
2686 8660
988 4510
1050 4809
6826 5207
5999 4717
7496 9044
8965 9342
9079 7171
2625 5362
9278 4860
3362 6
65 9754
1173 5856
9995 8930
6830 8756
6150 6737
116 5687
364 8633
1967 5169
6807 5604
7939 9286
7232 6746
377 8823
6539 9348
1171 5173
9252 3663
9846 2804
4956 7743
3173 1973
1443 169
3377 5821
1368 5849
3873 2738
1545 1702
6856 3608
3358 684
7852 161
1929 5153
8014 5542
7974 1336
9014 435
2890 1757
1311 9203
47 684
9756 6504
6005 8912
9841 2736
2119 4279
1973 7515
8407 9597
5945 3513
4225 3610
683 9848
9971 5657
2589 4027
2950 2218
3623 5620
3242 2158
1726 5246
1734 5334
9323 8140
6147 9267
7267 4122
5742 5021
4812 4253
1801 492
1925 4368
6766 9730
5701 8035
3451 6145
7972 4129
7191 309
8565 8440
2386 415
5934 4033
9768 4032
5921 4855
5036 817
5691 4297
8924 2547
2557 789
4926 7111
6339 9184
9697 8831
1885 4997
1313 8312
7377 7858
9627 7227
5989 7362
4863 630
1322 6554
1725 9170
5596 2371
1379 7586
5443 6325
2622 6256
2752 233
7611 5760
4226 4235
3065 6664
407 4493
5740 3870
2656 8996
5416 3293
8399 297
112 6569
9139 213
4904 8347
6456 21
5611 9342
2257 2182
2284 3309
1132 8159
6893 9424
6116 8788
2612 4043
8290 2198
6129 402
7438 6423
5497 4848
546 8989
6917 3828
9310 6337
3952 3546
7315 5869
9539 9423
9672 9867
3148 2695
4520 54
9268 256
5379 4017
9378 3064
8511 1620
1072 7484
4930 6912
6303 6750
3093 3516
1142 5462
4549 1006
8543 7946
1874 9195
661 9377
5525 6276
6076 7567
1985 4463
1388 7158
1423 8894
8172 656
5836 5124
9005 8847
2695 5186
4455 5509
6072 6883
300 4965
255 2235
5729 3173
5244 4516
900 3614
4042 5808
7809 138
2840 3695
9245 1550
1814 8431
2521 1862
2336 4754
5091 7860
265 6900
818 2395
1325 7105
1287 3681
4359 4846
9892 201
4537 5228
770 7388
5944 1153
3563 1654
3057 4384
9321 9259
1917 9411
7627 5320
5693 3432
2613 7048
8201 1930
9022 4922
158 4947
1338 5030
9667 8713
5868 6441
2976 4814
2170 4730
9424 9314
1425 6357
8371 6110
8101 3696
5789 7790
6545 814
9775 5021
9751 4686
2041 4882
8052 4446
1408 9122
4697 7662
4554 2987
1345 8679
1879 5790
2826 9384
5881 9722
6216 6484
4251 1537
1483 4581
2259 4975
8899 9078
9570 6443
3381 4882
4730 9126
8185 5813
6830 9768
159 2015
293 3374
4889 9388
9678 8966
2682 4246
1680 8040
5861 235
5350 7406
3997 5738
9883 8337
529 7888
3200 6051
7606 8131
1653 3172
9819 6545
6551 7833
3136 6170
6310 3759
5078 8443
320 7182
4371 2644
4474 1011
1740 138
5777 3683
6687 7216
5661 7941
5261 9529
7286 8005
9064 8863
2261 9187
892 1515
8971 7183
9226 6240
4477 7858
1002 8226
3911 2618
2361 8654
7077 542
7149 9177
6798 7476
2245 6870
8874 3755
2237 2861
8894 3982
5989 7532
7821 1606
3470 4621
41 231
3894 9156
7271 7042
1398 5693
7305 8110
6989 1591
2823 6342
1984 6734
835 6787
9538 7108
2140 6421
5073 9200
1925 2282
6151 1170
3310 139
9631 4301
4102 9503
9883 4010
6196 1086
5040 6308
1937 1060
6364 7604
1742 1199
2171 9731
9103 8375
7940 1060
3948 5092
987 6147
8965 3977
3192 8643
8769 2638
1741 62
5786 8683
1355 2859
2915 202
4247 6491
416 274
3730 4234
7280 9760
8227 1739
6667 6575
8874 4816
1318 7451
9080 8329
8724 6289
750 5987
6987 9704
5450 4057
4180 3117
837 3678
8349 3055
4852 8983
5043 2628
5843 7039
108 2650
8849 538
5316 1227
7912 14
6615 9082
8628 1242
5637 3577
8936 6964
1883 7494
2354 1250
782 7180
2965 1223
9271 9196
3583 8783
7097 4877
9582 2515
7431 2761
4688 8102
8895 7062
3259 2786
8687 9227
6336 3017
863 6511
8084 9230
1310 4975
8536 546
1825 813
24 3166
2706 4738
9128 8453
3224 8165
8843 4009
4970 4682
8539 963
5385 6981
3702 8386
9836 8213
7745 5693
7062 9429
507 2095
8507 8253
6305 2109
3219 2053
8553 6475
2725 1650
2235 9076
2822 8817
1962 2006
4508 1356
132 665
1955 3375
3311 7900
7837 6269
5705 749
6138 3886
1446 7476
7018 7895
7405 3735
2323 8358
6532 1331
8345 5876
4308 1389
5899 1148
3039 2275
4919 6497
6282 1549
4907 5627
2382 6553
5342 7527
6281 6256
4835 7558
4657 2453
7122 1408
7739 5982
2778 682
6305 5204
3739 391
1883 3421
5832 140
1588 4691
9127 5404
3608 9215
2149 5130
7655 5085
4236 7221
46 5169
1361 947
8848 2821
3046 662
3808 4692
1451 2012
8540 2368
7377 7962
9461 3651
797 697
7236 6148
8262 6649
2875 8606
9634 9597
3278 6266
2607 9496
2740 2094
14 3343
1307 6945
636 4849
4995 4404
3728 5318
9134 7724
3170 2985
9459 6728
5618 9441
5330 600
2230 6194
7730 2769
3439 6596
4330 9962
6726 702
7977 8858
1308 5893
1905 6765
4152 5995
1105 1544
3425 9738
2720 1937
7733 9912
584 4198
8500 1471
9461 8513
64 2376
6426 8573
7479 8629
1726 1340
8819 5931
7347 7195
9498 7522
838 7765
3273 3619
8305 6948
8596 9067
560 6952
677 8986
2478 6565
1271 1001
5849 1003
1351 8956
8286 8917
7540 2501
9376 740
1070 1449
2602 6876
7349 5229
472 2667
464 9838
347 8720
9373 9990
3376 6795
1713 217
1782 2269
5691 3852
7407 9437
3970 9552
6045 5062
6284 7255
7433 1339
8949 9936
3468 3545
8398 4052
8256 9311
1214 8974
719 4724
2934 1002
67 4949
8839 4070
1769 3318
2069 2720
4327 1252
9720 2658
4450 729
3091 4869
1305 147
2936 8190
8670 417
9136 868
175 112
5504 48
6595 7248
3632 6973
7227 8894
2894 304
9857 4505
3770 4988
7169 8016
9345 4228
954 4451
2722 2716
8695 9977
3509 1340
8367 9718
1799 5427
2104 7434
4854 8158
2729 1362
7244 5281
261 741
3701 1272
2361 4973
6189 7014
6768 6230
3425 4683
8920 7174
9292 5435
3131 8491
2064 7545
5777 6655
2625 4989
2771 5142
4896 4073
1882 9188
94 2543
3787 6696
2806 4644
3551 5003
2532 244
5522 6439
3565 3124
5863 8464
6414 2284
5740 767
636 1915
816 7526
7838 6945
9940 4980
9307 4762
5722 4800
4181 3438
7096 1037
8172 7781
2230 6600
8743 8122
1546 8316
5954 3030
9156 5305
4482 3449
2985 7582
1448 4474
9200 3569
7198 3679
3414 913
6951 5163
8537 5118
5667 9048
3868 9561
7696 5894
4206 7297
7748 3685
6633 4754
361 9417
8400 281
7868 9430
6694 1936
6986 4852
1787 7993
7752 9128
4798 5871
2177 2143
3102 9563
5090 6162
7829 2572
5322 5149
5272 888
417 8131
2435 4236
9392 8829
3852 9264
394 3235
8439 8772
8422 9724
8387 5832
6181 6839
7170 2359
6235 1772
6997 7993
7516 1481
8128 638
7357 4577
1451 4778
2839 8664
277 8464
8153 4288
549 9131
8276 8643
2984 9404
6781 3022
6067 8641
4391 5464
1352 7442
892 2160
5677 8166
8173 3947
1898 8932
3062 4530
7907 5162
9873 4548
3239 9932
7383 4595
9705 434
9606 8125
8818 8784
6981 8448
1416 2071
9038 7913
2965 9806
707 3539
6746 149
3025 8335
6643 117
4773 6121
3191 7609
2201 5183
6918 7325
6765 3096
7457 4057
4401 5326
3495 5760
3668 9789
5926 2661
7737 2811
4924 1730
2884 1683
5790 1517
9547 4633
5547 5448
5791 1675
2158 7473
7094 8353
6376 3326
5373 5368
3137 6448
3969 5691
4914 5327
9397 9600
435 6844
199 9046
4934 5780
5137 1843
2896 6476
2435 7377
7446 3192
3234 1187
2516 8349
5926 8013
2479 9270
8198 7623
4978 2313
3341 9461
5593 3659
8339 442
630 3427
5992 5650
3550 1660
8162 5658
1872 7541
8602 3830
9032 4143
1558 5962
7614 7743
5819 3882
4496 3184
5922 226
5577 1296
4685 4017
9217 409
8721 777
109 2777
422 1270
525 3823
2489 4250
2773 7755
3153 3762
2159 4062
1738 2433
6532 2159
1275 2744
5445 408
9988 7008
7059 7983
1913 282
6925 5055
6658 5124
1640 3707
7731 5511
7940 3169
2520 3173
387 5373
8597 5916
5890 1423
9011 4552
4166 3578
3452 2747
6962 7516
2429 944
8396 2634
574 8402
3511 6619
3986 3606
1559 7213
1960 9794
8684 8080
8394 491
8564 1962
1993 9993
7120 3089
9859 3265
1831 8010
7583 4955
5488 9703
3151 8055
9971 3644
597 3300
9258 4596
6696 3508
9786 8264
199 6227
2017 3280
9605 7042
4854 492
9747 8871
4792 5127
7105 6657
7205 2112
5543 6211
207 1640
5841 9907
5527 2703
5797 2975
8571 5692
7062 5263
9016 8577
7451 1366
2303 6880
9402 2387
6016 2258
8729 7982
2873 4043
675 631
8301 7548
2622 4265
2100 8751
5789 8900
8035 1545
1119 405
5396 8389
1538 4906
7900 1555
2237 1482
7691 7333
4959 9243
5361 8960
9253 1986
3783 9874
8246 3047
3789 7899
6422 8651
922 1149
8262 802
458 6826
5457 5357
7504 5801
9079 4881
1027 6640
1250 8761
3833 805
4367 524
3300 5421
4123 949
794 3871
699 8821
4678 1914
9605 2500
6075 6878
9186 14
2692 8682
3615 5964
3103 5906
5287 1158
1469 1740
295 7863
6907 9952
4893 9004
8142 3257
9205 20
6799 5456
9996 4009
8963 7401
4773 4440
1522 8884
6579 3584
9164 3139
2580 1510
4859 1656
9871 299
2602 893
5413 3073
9458 8440
2284 8976
779 189
8615 7062
4640 2255
4660 8027
3232 3610
3247 2034
7770 7001
1981 8749
6962 3880
47 1188
2759 3473
6988 9387
2781 7834
868 3041
1621 2631
7655 7194
5911 74
3898 7168
2174 435
3510 105
6159 3154
2950 1196
9955 1118
337 5530
1012 1135
4666 5359
4856 5536
6162 9328
9000 1855
5150 4274
6818 3884
7577 1277
950 7315
4841 8388
1552 4657
5607 346
5131 7824
3647 4690
5872 9398
8446 6813
6826 8209
1807 1680
8074 6461
2120 3275
460 2774
1673 8463
3936 6215
8164 2408
5264 7818
642 3117
2646 9122
7900 4835
8175 4154
5403 9341
5605 1314
1340 7863
6687 7421
9093 4175
4799 9946
6387 422
7923 5178
5487 5925
9552 9683
2101 9866
5640 699
3651 9770
2524 9382
7360 9130
6175 2617
5501 2949
3998 1535
9695 3851
6552 802
5682 3086
3354 6147
1900 4485
164 3891
2865 8342
331 9329
3004 6087
5839 3564
7870 5300
5347 3398
5849 9449
2939 3066
2738 4678
5630 2126
1801 8395
1494 2781
963 6925
5451 9397
7129 401
7389 3758
1963 6166
5242 6054
1313 9070
9598 5639
7198 6288
7567 2053
9625 9149
6201 4540
8593 6177
1149 3533
5923 4607
904 7758
5717 947
1491 2639
3959 5849
145 8745
9520 6947
3289 5324
3738 4750
1442 8252
9010 3703
2682 5725
6933 8290
9726 3977
9274 5546
2405 8072
9059 3156
2622 5466
4406 5788
7641 8995
3122 1313
7589 1477
5008 445
2895 6028
7342 5302
381 2538
5980 8694
9077 3937
7962 1178
6139 9331
7501 3648
3284 5015
8221 2009
4323 6294
1265 1881
4630 1311
7794 3324
2356 419
8511 6519
6870 6157
9909 2494
6190 6443
4955 9866
786 9291
8692 1921
7934 1971
2706 1061
2608 2745
7524 6617
3234 1350
6088 9368
5460 4748
2161 3816
1844 4877
7440 5346
6768 537
9802 9439
6927 6332
4784 867
3678 5071
1535 7769
9242 1721
4333 3825
3597 7522
8469 1707
1188 1130
6700 9992
7360 7408
3041 7693
3711 5046
2095 9736
9499 6152
7912 162
1524 619
1815 9053
2483 5601
5504 1358
5953 2563
6659 1206
6182 2794
2121 3741
1442 2065
7898 5604
7954 9018
5962 8582
8298 5879
8079 520
5544 4899
6269 6911
5542 4190
3121 724
8982 7276
681 2605
4068 5055
1153 7926
3773 397
3169 3157
2844 5939
4135 6171
3859 6417
894 1621
9742 3704
8359 3748
2733 2033
3521 9818
866 1737
6457 628
6514 6421
8913 4395
2962 9374
3086 6667
3054 3320
995 7550
1477 6257
4865 6589
7896 287
6813 781
9870 3852
1444 6687
447 7404
8979 2859
345 4887
7374 2591
884 4429
1895 5169
7633 2729
2210 7774
1115 8443
9685 1940
9163 1833
4423 1134
8855 4412
2686 734
4595 1287
1140 8479
8603 7009
5037 716
9795 996
5821 2939
2991 2212
339 4575
1271 1497
6888 5713
9531 9676
1856 3634
9206 2357
5642 1523
9489 2024
7587 835
2172 9947
1609 6995
1738 7694
8147 8216
8741 8540
2139 6827
5775 7465
168 7817
8043 6496
4050 6615
9692 5087
2565 383
10 7509
658 1961
6816 3276
6694 5115
1533 2743
5766 256
928 648
4049 6208
4478 98
2074 9894
6754 8749
5440 436
3855 2450
8391 8547
8880 8261
1637 7486
5282 8032
4035 688
8075 2439
8137 3046
2265 5448
6192 7180
2302 5372
5113 626
2490 1894
9855 2233
3301 2872
6978 1260
8961 4761
5110 8420
3678 5890
9938 2124
6835 4344
2920 1603
9317 5945
4357 3627
5672 4534
2809 8011
4663 6622
8161 9122
1605 2293
5407 6894
3674 1419
4678 2875
5835 7216
1703 374
122 3528
5586 4222
8476 2988
7723 7527
2699 6110
1330 251
4462 5167
6 3782
5039 4026
6304 2379
6121 8652
3656 5832
6810 6081
7670 3007
6753 1283
8775 1299
2213 2432
5821 1954
3290 8423
8793 8784
2909 6831
4374 6160
2438 8424
1164 886
1471 3996
3861 7174
230 5622
1936 786
3662 8582
1503 6045
9630 4494
3791 5982
3435 7601
4304 3608
9163 1864
9461 297
7540 9186
3375 4390
5373 1384
7758 6380
2154 4633
6169 9801
7004 8446
3009 3256
3016 6508
103 680
1659 6188
6755 2355
6175 1472
7223 3219
3960 2058
9283 4701
9487 2300
3924 147
3424 2260
3538 548
3843 1747
1908 4037
4644 1960
1642 8988
4827 5093
1126 3249
9265 276
4936 5680
8494 4399
674 9890
3126 7094
4947 8717
4496 3761
3960 7505
9475 9605
3476 3055
6785 1574
1122 9241
5210 5563
2169 2702
5375 4088
9279 3187
8381 9486
6258 1135
9112 5146
8125 7728
5962 7073
8113 8372
5235 5777
591 1511
4090 1350
5431 2168
7198 3998
8347 4722
3767 9829
2285 5165
1686 4372
5286 4543
9867 9282
2692 7625
5701 2099
3812 3410
2212 6034
351 19
6461 2378
6651 4209
1357 9781
6953 1583
1567 4669
44 3277
8879 728
2746 5686
9803 5677
9324 4220
2058 3607
2639 5839
3357 7045
4802 316
3708 3587
8710 7759
1599 5990
4465 9421
44 4058
2531 874
8599 6749
9274 2625
1228 8296
5835 4552
3658 3916
4279 26
5306 6026
6741 451
9911 5719
1051 8459
2561 5028
8824 5877
984 9012
640 8123
8305 76
4332 2107
8419 9696
3408 6768
1587 4005
6029 7175
6375 2792
2630 7488
8867 2564
4755 3283
6557 4714
8113 4624
538 2649
414 7367
4991 1397
8004 8324
9061 3845
397 8719
1219 5213
9879 1902
5662 1178
5594 9225
7471 7413
6072 9806
749 4555
7956 9889
1724 8280
2933 4623
8925 3456
1213 7610
8920 5124
7006 5300
7014 6086
1027 5567
6164 1865
2524 9544
440 6140
6423 1774
649 2149
1974 2357
8227 2301
8349 677
4672 5162
2657 6927
5319 289
6378 5010
7894 3381
1886 5375
7640 8670
3725 9951
4604 4161
4315 2300
1944 5247
9409 9161
9696 6173
569 3724
1083 7240
7583 3917
2386 4618
3043 7328
3423 5904
3316 2977
4633 4000
2343 5052
2356 1308
8770 9472
4485 9065
3923 6558
1779 3914
1576 9994
9141 6835
1052 8658
1897 3062
2401 2277
6365 9934
9893 5645
1874 4984
3618 8893
5152 1389
4652 9153
7322 5473
9614 9247
2968 8822
1897 2440
9363 4624
7584 6695
3652 6740
4465 6785
7567 6756
4511 6622
4915 9474
7457 6443
1511 3670
5319 9673
461 3477
500 4460
4108 9232
5661 9784
3609 652
2069 6567
7930 700
3264 116
6235 6606
6466 2760
8931 614
946 5709
4740 5080
1916 805
3009 1842
516 7296
9505 6183
5758 8025
189 4805
244 1725
3922 6681
7115 7298
2420 621
439 7467
2383 2001
590 8275
4164 7871
1691 8491
9487 5375
5417 1394
3244 5205
966 3547
8492 6684
8789 9923
5485 864
437 9537
4491 8970
7611 2355
2311 4588
4831 2545
5944 2691
1410 980
9375 7803
3055 2400
9264 2951
4843 9000
9205 3276
770 4278
8871 3987
4866 2706
9847 5178
6207 403
1893 9601
657 3613
2248 7507
8737 900
2236 6255
1120 4443
8656 7781
2890 7243
6941 894
3251 9445
7972 5506
8753 1044
7334 9160
2837 4680
1131 965
7680 1941
7386 7690
1295 5625
2734 5777
3745 8225
3049 7233
3950 9567
1419 2818
2407 5890
427 7077
8259 8330
9130 8684
998 958
415 9771
2218 9267
5347 5906
2481 4907
2211 6700
7527 8063
8196 5278
5001 5794
8907 8875
6369 1947
863 2151
2943 2638
906 8402
8291 2682
627 7433
6345 2827
88 7890
2283 5583
1494 3911
8785 2008
242 1749
5962 3268
5205 6471
7139 7495
6368 857
7411 349
4000 7785
5901 5941
4463 8579
4429 4637
1591 6298
1415 2691
1662 6766
3840 4258
2331 4751
6624 9417
9587 4459
2525 1688
5872 4871
4966 254
1657 4140
8358 7337
4675 2150
1810 129
1746 5247
7034 3106
17 4872
5534 1722
212 2526
3687 9398
5419 8306
330 9017
8753 1401
4873 5647
7708 6134
2661 6384
8533 2062
9594 7949
2443 6630
7733 5999
2999 2209
3036 1364
5955 5899
2558 7454
6878 5483
6347 9508
1366 8507
7169 1919
4317 7690
2289 9697
1686 3300
9290 2323
1 1748
5960 7473
1886 346
5503 1765
5328 3391
2919 5402
9206 2765
7108 549
7162 2444
6882 2697
4470 2189
1378 1641
5299 5910
8541 6641
3053 1380
7288 3383
2133 1654
108 5410
9740 5574
5109 2069
6394 8354
8765 2163
7597 9568
8894 8815
7623 2580
6313 9525
826 8994
1285 9488
1210 8769
2106 1024
3288 5585
726 5930
2469 8433
7427 4203
9995 7530
3621 8808
6717 5803
488 8022
6080 3449
826 9353
7561 2835
6283 7286
7680 1102
4196 6937
507 565
3355 2328
3232 6375
4149 3008
1653 2200
9563 7131
3641 7180
8792 8088
393 5522
4937 1505
2848 8094
7657 3975
7378 3554
9655 1577
9435 1263
4049 9978
6629 9814
1052 4413
6034 6023
9791 6341
875 3323
2605 8764
1088 2092
5702 5183
7580 4077
7042 6263
4958 7649
6660 7873
7715 5520
6700 3480
9206 6454
1364 9808
2279 6850
1447 5187
9352 4785
9549 2485
1275 9240
5848 5766
4567 3571
1552 3802
7158 7526
6205 3935
5423 4525
7460 7438
6801 9483
9604 7752
5005 8776
6035 6649
913 7396
4157 1728
219 8514
5971 7928
764 8298
4823 1374
5335 7691
9483 3601
7632 6405
2083 6304
3523 3843
4076 1247
2149 4317
6524 6708
7198 403
3620 5047
7542 4540
8232 7250
4945 9754
7029 4004
4465 6097
8952 6872
2704 1249
1472 2814
4619 3320
7832 9114
891 2283
9420 5882
3477 8299
2984 4580
4485 7213
7400 4012
4213 4947
9991 4942
5635 656
6095 1465
2237 5615
3750 320
4140 3867
9383 586
3969 9920
6308 2691
3558 1366
5630 2157
8700 3086
3221 1286
7889 7147
5581 5879
4738 5254
843 9592
5637 64
7701 9501
2217 7858
3600 5575
6260 5116
845 425
4206 8243
7578 4869
4785 6047
2686 577
8135 4852
2695 7449
4926 2643
1458 5150
4069 4295
513 8180
491 3217
7543 9944
9194 8511
6644 6555
9316 4244
3507 4665
2080 6509
9879 7650
9586 2075
7796 9777
4273 2190
4613 7259
996 10
7049 6333
4532 5504
1533 7017
6513 8338
1291 2024
8730 2178
8469 4862
5413 2237
126 391
1109 4595
6418 2763
4063 1093
1491 1072
4573 9650
3987 7500
3943 1854
1682 789
2751 2648
6382 5079
5905 2149
1282 6253
5239 7154
6080 4123
1508 557
394 6602
867 5281
3391 5252
3878 6557
4053 6932
1220 2647
9332 7081
955 3380
1295 1758
4909 4013
2493 759
6228 5710
2711 8772
7977 130
4807 876
4584 5556
5636 7935
5153 5819
2313 9956
8556 5229
8697 3059
8175 6716
8574 9944
5012 9143
5070 3050
4902 3113
1068 9760
4359 2110
1864 9484
3187 7783
8733 2545
5004 4192
8238 1906
5646 1396
1941 9443
1737 7933
9753 1511
5730 5183
8793 2490
5421 9142
5354 5112
1038 9264
4829 8090
4697 1370
7537 5477
8380 7174
8424 9509
2121 9079
5575 5174
4455 7726
5789 9447
6498 129
8539 3455
3536 6033
4624 2591
337 9328
1366 9996
5704 8122
7413 8858
1550 9355
7969 3133
4081 2572
2647 8081
1238 3899
5162 5253
3438 7389
2130 4799
1326 7669
5793 4878
3908 3096
3822 680
5382 3279
9728 3675
4336 5015
1980 2295
2716 4793
4557 3932
5195 5093
2619 7526
3289 3211
6908 4069
9483 6706
4545 2357
2076 7719
5636 9853
4043 9619
4678 9794
1740 9384
1283 5596
571 1473
7012 2549
820 6420
5702 7471
7563 3222
6496 9747
3698 4950
3548 7842
491 7947
4196 3393
3023 4375
2008 2893
1522 1100
4674 1492
3648 1476
7204 1138
4615 8160
6238 8918
6418 4591
9145 6089
5186 145
5737 7200
9875 7889
1992 1163
8459 1309
9073 3321
3504 8419
9787 7189
6321 6796
6294 4271
1404 990
9314 2889
9116 8542
5786 3122
9900 1762
2916 5857
3912 8079
1748 9958
3326 8004
804 2615
7179 9193
8396 2150
9646 2345
1409 5737
3318 8235
8507 6903
4957 9842
2764 4329
7114 459
3934 2056
3123 2625
8736 9759
3920 4865
1932 4691
2739 9696
4965 8688
6466 2692
2418 7607
2106 9274
1256 6190
2174 9723
334 7428
7820 4259
9866 6231
5106 5473
3024 8948
7631 628
7798 5580
8005 6365
9470 2597
6053 9448
6962 4010
324 5307
9300 322
3215 2163
1426 6732
6491 3357
4983 5828
3786 6540
3977 1697
2875 4295
4559 4958
2083 9613
9744 3219
7607 1693
6694 6891
1129 7174
3647 4864
4813 2877
1044 807
8509 4572
2323 946
8107 8186
3541 1653
4655 7296
8170 357
3964 7278
3322 6078
8547 4890
300 3257
7080 6567
9061 9061
8667 762
4690 4705
2427 5286
2816 7483
9695 114
5305 8235
6331 9169
4345 1466
4682 6784
1967 3219
5851 1793
4910 533
8461 455
521 7664
786 7862
9405 2966
2325 686
6054 5636
4683 5224
4875 4088
1920 2556
7950 9119
5591 8722
6006 4907
1724 4999
7027 7689
5060 3739
1892 2911
6166 6980
3870 9070
150 5311
5074 8538
1911 5841
7229 4147
457 9932
9026 1880
2243 1037
3254 1028
6368 6750
473 1179
2601 3046
3344 5937
4393 3532
676 4217
3904 5492
6578 8046
6402 3543
8137 9461
6382 7684
9958 4664
6142 9921
9700 5157
5506 4981
2438 5195
7889 9236
1546 1549
9381 784
8227 7750
5230 4601
5937 356
9306 8699
1643 4112
9159 4856
906 4102
2825 4557
5455 657
8903 5046
8484 1070
4189 4650
6649 8300
8047 2342
4442 4605
7299 9022
9236 3827
9365 122
7367 2727
1017 6634
8742 4465
9452 85
8824 9306
6081 4461
6496 6117
7187 8591
996 5304
3187 2534
5644 748
301 6369
9037 2759
2702 2447
9801 3206
7940 510
7612 19
4454 5896
2869 8467
8361 6765
1523 2012
5652 3143
7378 967
2724 3784
8359 2409
8096 1367
2016 6429
3103 5346
1987 2289
4663 3612
8379 1718
5687 3958
3030 6482
9466 8581
2110 2700
7981 3163
5425 3189
813 9622
5537 7484
2739 4542
3864 6856
2011 4059
4904 4488
6642 733
8766 2965
8266 3228
2018 4178
7332 8782
2261 1377
4090 3617
7721 3172
4744 6024
7727 5486
2482 9534
948 9043
510 3046
6300 4931
2813 5048
1589 5064
1769 5218
2191 1545
9619 8578
8643 3806
2231 429
8925 6146
7897 3733
8075 7584
8797 2947
6938 7533
8427 4503
7946 4048
7696 6309
8431 5017
5768 5973
3793 6374
1088 9813
8308 4306
588 8381
3456 8951
4259 4691
4686 5610
6812 8669
228 421
5574 6128
9272 5560
5273 6345
8920 7883
7576 7637
8084 559
7649 2056
7123 6948
9118 3230
694 2793
2199 3013
7553 7645
9958 8429
638 1886
2910 8071
9538 9299
9603 3430
4720 8296
557 9778
5807 3704
81 3070
1759 5791
6597 860
762 2787
3979 8948
7642 1614
8876 9630
471 5720
1360 1553
828 9272
9975 4364
7667 508
1660 7421
4874 7596
5929 3284
4963 4347
4410 5179
1083 4074
8108 6789
7655 3615
7074 274
4557 7369
5488 1845
6799 8313
2691 2982
2413 6808
9766 6702
4442 7722
5340 3911
7587 6544
5026 7394
1079 2113
8345 5861
4086 7824
3496 1984
3952 4504
7253 7186
110 9246
5109 9168
7084 755
4991 1888
5817 3557
2078 6232
8895 1943
8488 6935
5692 7897
3006 5115
2659 3331
7608 1570
8235 2960
4862 8129
5721 3608
8426 4204
9802 1419
2070 2828
3879 3417
7551 6743
9602 8796
3308 8576
4344 837
4840 6425
7050 6717
8711 4787
3694 9511
8200 5318
496 1279
3148 9295
2987 2040
9553 1770
6063 7806
8956 4112
5319 3696
8646 4923
4077 2690
2585 9946
534 1666
305 8730
6979 8323
1446 4385
2612 5204
5325 9220
4039 6679
4061 9797
2822 1048
3753 1314
2988 5766
1904 5097
5585 1950
6496 4917
866 909
2242 6203
1097 4688
2284 8528
4146 5717
9436 3503
9175 919
3756 7116
8428 4027
878 6823
6733 5263
3339 6802
7905 8715
2099 9129
4876 4715
5525 9345
9856 1277
983 9059
976 2574
1290 6256
4711 9039
4294 775
5989 2778
394 1528
5396 8400
8123 8333
226 9802
6155 3664
6088 3103
8852 9786
8221 7626
153 6061
5751 6834
7875 4174
3810 6672
4871 7241
2066 2598
6316 7269
9940 5870
9596 8428
5777 8526
116 2505
3683 288
3137 1223
411 1093
2600 805
7951 9215
4846 4506
4320 5146
2552 1333
7604 7055
8783 2726
4114 9454
2517 1274
9773 1172
3422 2658
7373 4995
6213 7232
5235 6611
4747 1663
4685 7887
5711 3219
4827 2795
6888 7960
1612 5616
944 8620
1775 2987
1842 4278
6333 6809
6606 4394
656 173
3908 617
875 1934
3919 3184
8049 322
9034 1889
1645 2693
6227 3588
562 9576
3258 3771
1277 1931
1782 9857
8851 5081
3238 4956
8248 8329
1699 1208
7722 2330
6591 5838
852 3753
8769 3592
7993 6864
963 5731
7565 9148
1209 7258
9899 7949
3941 312
4051 1709
1627 714
4251 9256
160 8295
8221 5375
7356 927
8710 1702
3800 5345
2060 904
9650 9591
614 8744
9677 5932
5243 375
9345 4267
1521 5660
841 4760
3893 4896
6578 3142
1514 8435
1704 5050
5051 183
2868 4853
3400 5845
4145 4147
2399 7474
1890 9827
7169 8462
5426 79
1674 9690
9134 8822
6168 6366
3649 7593
5560 9219
5225 6029
8871 3779
737 2858
1669 1943
1 9935
8314 6613
3473 3318
5664 5833
4860 3387
2491 2325
7160 3215
1739 9012
4512 9854
9063 8674
2496 8114
9453 2839
6672 5924
9134 8274
2016 3285
2846 9002
9858 7141
9212 2366
8080 6480
8027 1195
1714 8227
7768 8099
4776 262
2081 9275
2692 3702
4929 4460
2300 6844
3150 3034
2711 3141
8757 7816
7250 9435
278 5526
7273 7216
4828 4774
6994 1275
263 4381
2274 3984
3790 7042
3683 5901
8729 9957
4100 2598
6560 9321
5369 5016
2438 7741
6732 2454
5699 1370
5062 5017
9422 223
3276 2929
4901 7131
9576 6452
9534 3787
9854 8575
9292 619
5210 1261
546 8012
2824 7541
7107 7957
7191 7044
5484 7206
1109 4971
936 1690
8796 1654
9463 7011
7513 2705
6761 897
8082 7424
8062 7733
2468 6175
2064 979
5067 2734
6556 9917
9399 4159
1186 3048
6498 4579
36 1413
2024 2114
8151 893
7377 9153
4013 5695
350 7608
7111 6306
1901 8198
8468 9388
5485 6207
1451 57
6374 1049
1132 742
4071 6815
7771 4883
2211 1270
9591 2906
7677 7191
335 1101
1305 7240
7178 3908
7289 1835
8999 8164
923 3384
2030 4626
968 8172
1377 6819
8738 3327
4274 1486
506 321
9894 8034
3908 2647
5913 6340
8177 3563
7178 2752
8175 733
1303 3106
4219 9976
9162 1033
4579 3735
7682 9147
156 9770
3018 4331
8774 6766
337 1557
7586 5769
7508 4916
3765 3444
6617 648
335 7855
6029 2648
8863 7814
1872 2017
2043 8669
944 1145
667 8605
9185 165
4082 1355
3018 4789
4701 2855
9993 1678
1929 6960
4270 6204
9373 7672
7595 2342
9489 7157
4215 3731
1665 9486
7790 8184
3838 7201
8292 8634
563 9253
4072 5737
5502 4139
9807 2452
7877 3771
3373 9949
2024 8182
5926 2222
2507 6048
8280 5507
6606 2321
2815 3216
5533 3317
2646 9943
9414 7257
4966 7659
8491 791
4140 1149
1006 2547
7999 388
7778 382
7466 292
4837 4577
6803 5040
6730 4955
7990 4651
8609 5685
8251 52
8952 4474
292 4380
4497 1497
7887 3441
483 7654
9371 2922
2153 9287
5624 2716
6731 8893
5373 2766
2692 7661
8363 357
6719 7027
1897 2032
5464 694
5934 1678
5921 879
252 676
1687 3980
1154 3243
8420 1995
5054 9719
218 4223
2035 341
37 616
3589 6415
7135 789
4813 1685
3733 6606
4131 1731
8869 5184
3977 673
6620 5525
8362 5581
5730 8278
8621 5942
7536 766
4846 4187
889 9684
5768 939
9115 5122
9886 4133
9224 127
5537 4433
6368 889
8597 9655
6279 4905
480 5201
4958 2262
760 7697
1945 2881
9640 4530
882 4796
2069 4300
4922 2146
9567 5756
8052 5301
3361 8429
578 7812
8722 6713
3169 4892
4380 9774
6077 2272
6193 319
5803 9370
1443 4353
1729 5142
1858 7707
1246 4085
605 6151
9833 4690
7933 5468
3856 5336
9276 2116
9554 612
6027 8671
7033 3124
5913 4054
3164 8809
8691 6350
7475 653
9159 3138
4966 5553
5912 5886
2025 2926
533 402
2056 6624
1253 2033
3661 6038
813 9031
6944 449
1212 8060
3147 6688
943 3238
7118 6992
7273 4454
6220 7646
3607 6237
803 4705
1636 2522
2380 5398
450 281
7314 392
4 5444
7043 2256
4894 2889
2019 7655
245 7980
9885 6844
4185 5066
9125 3532
8690 5621
3055 8238
1788 9060
7001 6432
311 6538
5942 7891
9966 9565
7840 391
5322 3606
4890 6688
3330 1643
2390 2397
1983 6666
9610 8361
2805 4344
7644 2188
6139 1216
293 2707
9616 1194
9737 6277
7048 7426
6015 5142
7256 6353
3711 4556
6119 6555
6707 3900
7756 5678
4157 4464
8461 2824
1194 4365
4343 6673
2491 3448
770 3343
4960 7449
9331 1148
6135 6628
944 1454
5670 1845
4888 3899
6561 1298
2617 5933
7686 9295
4292 7852
2759 2606
8756 7587
8638 5042
4876 1537
396 6031
1376 2446
2165 5714
6471 9108
3558 649
4316 2574
6840 5674
5478 8952
1703 1231
721 3281
223 5086
498 4002
5805 6140
6782 6645
8518 9821
7222 485
5648 8802
9232 5536
9481 8988
875 6015
8745 4791
8266 1930
4530 1353
7855 4893
6514 5615
9386 1921
868 2677
5476 142
5115 35
4973 8828
2930 1416
5534 975
3977 7169
2621 9959
7816 2407
761 522
5853 2187
69 9006
8952 2179
7367 7551
8515 6448
1372 9551
6924 6718
2213 5948
3185 5098
7089 7684
3057 4496
6970 4950
5666 7013
5053 7212
9097 538
2772 826
6357 9214
4493 9020
6763 8293
8812 9922
7178 4121
5620 5735
8376 6205
2576 9203
1537 9586
9051 3384
4692 2100
9970 1494
786 1674
7140 4957
7457 3956
638 2124
9532 8834
3257 1062
5378 4896
9928 7980
6811 4279
3015 154
8885 4153
926 7559
5155 305
2576 7948
648 7517
2618 4016
3828 438
2775 2708
7494 6182
4569 7985
3031 7383
427 920
931 6572
2752 7336
8964 700
1889 9269
7374 4844
1861 3438
47 7807
9248 6841
1513 2398
4697 3450
9735 869
822 2173
9620 9108
6073 3037
7608 6433
7708 6640
6153 382
3693 8142
2165 7910
8349 2819
8430 5717
1968 6944
4755 2290
9059 8995
4811 3720
8363 8683
4090 7137
4443 8101
4753 6770
2898 8186
8043 4500
1014 6687
4344 1658
931 5886
5551 8808
4048 6829
9487 2885
2865 6812
9648 2695
8671 1245
3226 9850
8102 6421
6638 3003
244 8061
3579 4265
6313 6282
3045 2806
980 6867
798 6111
7100 8139
2337 1963
5614 9571
2350 3918
4261 5037
9509 3010
805 2111
1906 4174
2397 2715
6928 5278
7730 4164
3051 172
2517 3430
9975 3137
1606 9775
756 6813
1609 9112
8420 9632
1834 6584
6265 7302
6441 5304
4665 1511
7716 2359
3826 5060
32 302
9667 9440
820 1678
6609 3741
8726 8514
2008 5219
4148 6256
9798 4237
2735 6406
8940 4081
7087 195
535 3424
37 1081
1158 6687
1304 1391
3137 5611
3730 6066
5213 611
1329 2929
6318 654
742 7384
5177 850
4122 4003
4675 1802
4773 6035
1035 4178
3990 3722
315 2745
2881 5778
9014 3061
8835 4347
7657 4017
6755 1920
5524 4250
1900 99
5649 8428
987 3999
7971 2608
1489 6369
347 3400
7194 2043
2666 1138
5669 6695
9297 4375
979 9160
2103 682
2683 3619
2302 5743
5707 3085
8383 8827
9708 6019
5805 831
5320 4008
4498 5888
1125 2784
3208 1669
9969 2780
3322 2891
7647 3537
8392 2807
2742 9617
4646 3531
1909 2962
7054 3816
2166 5022
6086 1631
4332 3517
4410 3230
2666 2945
8518 5051
508 9625
5313 5064
4191 3629
4636 3889
235 1316
391 929
1891 7105
9230 8493
7437 6528
8153 60
9757 4536
9264 9000
5805 6929
2780 4100
4983 6406
218 6841
9413 7856
7934 8658
4135 3624
6873 7186
9229 2629
7417 9660
272 3478
4638 218
9541 9022
459 3137
5878 2531
1159 2782
4350 5208
9804 4231
9961 5505
9945 6803
5647 7233
5388 1766
2993 7766
8407 990
4226 1259
3566 4599
5107 2618
175 4979
113 4902
8241 8614
2844 7972
4486 3779
3303 8806
654 5396
2099 5434
9473 2268
215 5661
3866 139
8554 39
5088 4930
1885 6228
9847 5742
6143 4046
2272 5396
4631 105
6555 4299
8209 2378
1420 9211
3518 7070
7509 3471
7571 5182
9949 5788
9969 4841
5090 5453
906 7390
6588 5596
2910 7577
5319 7476
9415 4621
8486 7256
340 102
8785 5944
2031 7761
6835 2953
6765 8293
6486 4472
3096 1771
4129 5983
5319 4213
9571 1111
4477 3768
2121 7748
4483 137
1440 870
2362 1976
6124 3846
1109 4805
764 2127
4257 4921
2616 195
3277 8154
6092 9593
9217 84
6582 5970
6716 4307
8284 1897
8453 7232
4358 572
3991 5224
981 7724
7304 4923
3803 9740
3822 1157
6238 5356
4143 7085
6921 2576
7326 1898
4196 6448
7390 4302
502 5460
9659 7507
3420 145
1956 5815
2476 7694
831 3697
5543 5056
2773 1391
2021 4374
7871 1939
2850 8736
2051 6484
1637 9269
6390 8300
5246 6076
7844 6312
87 9572
3106 2083
6299 1404
2017 7899
8516 4415
615 6729
6218 9940
5067 6139
8523 7912
1382 1061
1777 779
166 8562
5711 9805
6140 9796
7651 6935
9603 2789
6176 4759
8156 6312
7771 4098
2391 1376
5346 9806
9099 4004
3540 5110
3583 2169
4269 5484
5909 3817
6034 8138
7070 9847
5976 6362
9807 8307
4541 7109
501 5167
7052 3135
6749 8143
2675 5424
7329 7107
1843 8949
266 4240
2483 1034
8832 5462
3365 1661
9706 9745
144 1532
1858 6227
6924 779
9001 3106
9670 5600
5103 3202
687 5881
7492 6483
6077 2784
1498 8594
3733 3155
5057 5653
9965 7571
132 3354
4818 540
4048 1241
2026 1428
3921 8834
4099 1920
4984 5969
4936 313
8117 9464
3333 7982
2290 5837
4593 3397
38 5907
5265 2222
3269 4692
236 4237
10 1497
4911 3792
2634 7137
8538 584
2230 8916
8914 2619
2935 4420
1389 1381
3107 4637
6637 3538
565 2481
2711 9257
5704 5183
3217 4211
797 9462
8357 8457
7555 4474
4580 1691
2124 4364
130 8117
7676 2220
3720 3906
2975 6241
9338 3536
310 7746
6701 9807
3215 8255
4360 1074
4248 242
8849 8079
6919 1400
7017 725
7204 9204
5064 6180
458 604
5790 8091
6799 2953
8052 9609
1623 7202
6874 4649
4482 8912
9633 2113
8743 3473
7553 6420
6246 4747
5216 8884
3863 9878
715 1570
7674 1064
7864 6470
5338 5165
8732 5124
6714 6985
8859 2460
6317 3117
6806 7901
4717 1874
1365 7023
1632 3547
6958 1472
9278 1688
3319 953
9044 1846
4416 1728
3377 180
426 3589
1754 5211
992 1355
5679 4828
3165 6194
5287 4950
7390 9583
1176 7188
2825 1288
9538 7152
5305 9034
4970 4954
5675 3256
8276 4171
6951 2065
59 3910
1552 9790
3494 3902
3786 2520
3144 9100
2397 4386
9680 1885
3746 1296
1052 9702
5847 2131
1043 4294
8879 1662
9243 3070
2015 590
6652 9692
4076 4275
4969 6554
9184 9758
6295 3198
396 719
259 9980
6098 5600
8751 2586
427 7812
6847 314
1587 1257
6483 6508
9363 5264
4599 4407
9537 2851
8862 3316
8786 3106
8462 6134
8089 4181
6476 4080
5915 7779
6351 7791
127 2994
7441 2050
8515 6150
5817 8794
8425 2496
5086 213
9332 7268
2071 9935
8972 1367
6004 4977
1224 8355
2782 8356
8115 9109
884 1262
74 6031
7948 3967
5659 4571
28 8070
8343 9041
1020 9353
7240 1230
196 1444
887 8308
4627 9241
4591 5309
6526 2092
7625 3723
1388 4637
1935 2719
2135 7506
4282 7160
462 3402
3798 8167
1720 7272
901 8342
4334 6719
9149 4578
5665 1664
9994 6359
1590 1348
8031 1720
9308 7305
7644 1246
8532 9079
4582 7138
5374 8053
7227 9976
18 1217
2712 9926
9008 758
9611 9030
542 1013
9739 5073
863 1527
8884 3990
1137 2235
4697 4656
7881 2808
7798 4646
741 4391
3982 5630
3617 922
5753 8737
7210 2383
8760 4437
2417 2740
9857 3853
1986 1428
7079 2694
9359 8534
2665 1622
5815 1959
8672 8608
1636 9925
8758 1781
4927 1385
5548 1635
9388 1957
2638 784
7968 4452
1230 4636
7717 1027
6797 7544
4164 8156
1375 7960
342 8181
9966 9155
6160 375
5403 4776
5140 9322
6124 2766
6604 6067
4023 4071
6560 993
1700 9265
7794 1850
5117 575
1697 6414
7376 4651
4850 2157
7849 4951
3918 8480
4247 417
9915 9001
187 8200
61 1364
4443 5631
6083 1161
2749 712
6524 7371
9840 9993
4384 8049
3417 7604
7466 7131
6855 8822
5304 2137
5972 3451
1671 1993
4255 298
9125 8726
9060 9006
8231 5517
762 6241
5647 5531
4633 2381
152 4595
6608 6304
1329 8301
1636 8945
7796 9230
6043 7844
4407 6937
1313 697
1154 8028
8344 9981
3647 5713
8788 3350
7529 1271
2429 6949
9343 6993
3939 7098
8355 2074
6339 2022
9856 1014
4910 1446
2775 8054
3760 7935
8621 4778
2544 7139
9420 451
195 981
1495 4022
3362 2399
3695 3718
719 4607
9024 3428
2358 346
6388 8658
7883 1826
9270 5289
2363 8290
3764 9502
6414 1241
4880 4984
3792 3616
9446 3161
4254 1599
6752 7195
5845 6000
3249 9104
6874 1095
7066 9528
7367 3320
8749 3306
5204 5749
2415 1399
1670 2732
5652 4402
3346 2674
5176 5075
478 5786
4862 2515
5272 7385
8251 3803
5188 7036
3725 6610
2071 5545
4580 3984
4300 8241
3392 2767
9643 1991
7559 6827
2330 8580
9657 9380
7506 5050
5663 6826
3458 6568
6499 253
9639 9140
5662 9686
8106 6948
8757 7779
7918 1853
7355 6552
114 4990
2572 9973
4065 9148
1544 7852
9651 6016
3161 1016
3505 4596
8361 3620
2335 4571
1352 4908
7363 294
7103 4078
6743 7009
5856 9242
3813 762
8964 9002
2960 4414
2464 922
7152 3835
3914 3807
2610 9422
2445 7233
194 2152
3726 3504
6344 4159
2119 8265
3028 8413
3141 9828
3476 7281
3106 5575
6573 2655
819 5689
6697 3022
6264 1994
93 5981
2813 9109
2687 5710
5187 8356
1497 6302
8349 8038
2964 5562
5841 9917
4828 4857
2815 3004
6805 1722
9023 3673
6855 3368
7198 4829
7209 6242
7010 9974
6122 442
408 8432
6438 4016
2712 7967
4879 8033
3862 8825
5537 7997
3984 3029
1177 4397
7287 9896
6516 1294
6609 8684
4249 6387
7810 8996
435 8927
2726 8246
706 3412
7858 637
8650 6410
635 384
9426 3463
4099 1210
3397 7808
5672 6530
7970 2701
1744 7106
9918 8198
946 4235
402 7445
4805 9106
6254 5268
5821 7077
3153 1633
3096 4092
4946 4627
4662 9130
1753 7102
1555 6304
5687 5847
1523 2757
6268 827
9306 8422
6287 9171
8587 9722
335 5506
1482 6236
3344 1051
212 2157
118 4863
7917 8087
10 6465
7736 207
8734 3978
8806 326
8287 9374
990 8917
5144 2508
3092 6280
8136 6350
6668 4663
1003 4320
2716 3715
6200 2504
6747 670
7871 6907
6333 8341
4744 3394
7987 3729
7263 6343
2744 509
4031 7680
3286 3482
3509 3682
7987 9604
8381 7026
4818 3860
4392 3186
3887 6412
4028 2813
5508 7412
5671 3161
3283 6604
3975 1705
4068 9630
3158 707
1634 2620
2178 9255
1111 5156
9265 2000
9679 944
8925 9497
3427 8494
1378 3684
4944 4641
7571 9556
4467 9335
6321 7168
4893 4410
3568 2257
6028 9380
4930 463
9624 8922
2595 8735
3795 6115
8561 3465
7534 9812
9889 92
1715 9193
409 2868
1130 1238
6938 2888
7229 7695
2129 3294
7576 2289
6751 3724
2278 2585
234 7889
2767 6801
2439 3187
3906 704
2793 7612
9784 9282
4898 8703
936 6564
359 9188
6221 7700
7878 8788
5173 1131
797 2952
3986 6596
8745 6999
5039 205
6364 4861
2784 2553
5050 8023
6953 4006
7403 5209
5539 4704
6650 7490
1225 3149
2481 6264
7051 4270
763 5408
8761 1783
4489 2820
9304 123
3053 186
7625 7159
1632 3397
5560 1082
3632 3940
4958 1491
8642 1538
2255 2763
7070 2237
2623 3202
9371 6433
8013 5260
8902 5968
2399 3170
8541 317
4410 8099
7987 8597
4710 9638
1293 6100
6506 9343
6224 5563
2666 9000
7388 8251
9363 5430
7786 8899
4418 3795
285 2104
6766 4550
4887 6695
567 8645
3063 8168
9422 4539
3872 5143
8464 8130
1234 8184
1112 915
6382 6679
3066 3707
8857 9948
6917 4122
6316 8206
3556 8624
5580 2741
941 9167
4592 8426
5993 9870
4194 8710
5137 3079
7302 158
337 8414
8219 9893
2421 696
6194 1115
8418 9370
6431 9990
4880 4578
7060 9473
2708 4313
8307 301
9720 7189
9299 6474
8580 10000
8758 1911
9000 1974
8917 5265
9270 1115
7181 8261
931 4459
2446 1172
6381 5940
836 2295
301 2737
7576 4791
6894 7958
8601 3817
8430 6321
4666 2396
5032 7443
8064 4478
1661 3222
3996 485
8082 8921
8262 9292
7888 530
6427 4032
2751 4374
5762 3751
5817 5568
3926 47
5580 5170
8021 1914
224 3359
7612 5068
4733 5512
1551 1087
9678 1671
6213 9289
4074 7211
3865 2549
9011 3679
4599 6576
5214 336
6385 1677
4796 5523
8506 5460
5593 9308
9706 5547
4914 7909
4987 39
6207 7024
721 739
3714 4016
6358 4700
2452 9928
127 2950
6365 2114
4707 6790
7417 3076
6274 8037
2837 4259
9853 6499
7481 283
8495 1236
1248 6575
4764 9172
6274 5704
3210 1281
1083 9349
1107 2381
5610 1869
954 4387
7904 3815
6901 1205
1202 3339
9097 6257
3136 1478
72 9682
897 950
589 9879
5868 6054
4974 2952
7552 5597
9287 2274
525 445
2445 5137
9612 4932
1288 8371
1662 5390
9994 9015
3250 9880
2091 6212
981 3500
7893 4142
6958 5300
7179 9498
8058 9409
2055 3302
9931 8112
7476 9172
6814 5039
4392 6730
7786 8086
7675 6526
70 9189
2160 5577
3842 2420
5397 7130
1092 3776
4657 9380
844 2459
1403 2823
1930 833
5850 2851
8323 8779
6462 7835
144 6315
4070 7375
8052 9908
738 3790
2377 6189
7178 1687
6143 8206
4245 7179
460 1091
5388 439
8522 1489
8825 8111
8669 9746
8072 2790
3291 3254
1542 9524
8438 6274
5560 9650
8080 1311
1521 1439
4695 9244
557 5670
4938 4523
688 2026
2154 5132
2824 7647
7519 7995
916 8150
4382 1769
3640 7771
5000 8688
6053 4416
2525 7941
2693 9396
8745 1262
6553 9119
6005 8609
8092 255
5992 2073
4080 7317
5464 9667
9126 4705
3775 9056
8005 7772
7273 3035
433 4014
7086 556
4081 1808
2597 9876
7988 7234
2047 2940
4625 4173
7075 8257
4231 8169
626 3306
7095 1630
195 6217
371 4909
6456 7515
99 779
8513 960
2979 830
4452 3330
1651 6437
579 1791
6950 2103
7222 281
6511 9541
8597 9003
6026 9988
9743 7620
6860 2027
5352 5963
7559 191
9159 2572
2987 5256
4142 4447
7356 8583
2013 9250
2237 4872
7336 1746
1426 9351
9632 795
5973 2446
921 4680
8235 2218
9405 9810
5843 5603
8521 5115
2724 5763
8610 8840
4602 7528
7447 1797
6658 8383
3028 4730
3696 1931
1258 6448
6561 6525
6960 9544
1210 5600
7895 6507
9697 1121
1831 8592
7393 4348
5191 3942
5155 1958
4807 9893
838 1715
519 1811
4416 5949
7248 1561
6245 9920
7728 3781
5501 1017
4837 5077
1041 5118
5814 5743
8425 725
2159 9327
2014 831
2591 3854
5530 584
42 8777
9647 6822
968 115
571 8868
4398 4529
8139 7175
1209 9753
3181 3800
257 7035
5122 4698
1558 6119
9046 7438
9669 7029
9705 3845
1068 6784
3432 9236
3821 1209
4181 4933
2860 4348
8091 6521
1194 7793
4284 2261
1634 8416
7432 1210
5875 2577
5156 6627
3493 9705
2404 1297
7066 3714
946 300
425 5062
2280 8128
7597 8353
9204 8550
7645 3110
1695 3509
9974 1765
5383 5550
2698 168
4485 4004
8903 8434
4950 545
1138 8951
2304 421
5888 3959
7512 7695
9066 4197
3886 540
9339 536
5825 1624
4916 8763
8882 1258
2165 4043
683 8460
1343 3225
2096 9303
562 7086
7783 6948
9377 3264
7044 4786
1431 9370
7780 6091
3822 3813
3352 8373
2584 7382
5870 2887
5792 9852
7742 86
9777 8625
6043 8159
9281 2798
9089 9058
368 5781
9262 979
3137 805
675 8595
312 7195
4599 289
2260 2604
90 7025
1597 8898
1622 3498
7078 4933
9301 2329
4976 6749
9005 5753
9712 7416
396 2639
2306 9711
2732 6626
4917 2214
3254 6214
6256 6764
5949 3097
8248 2246
818 9051
9463 83
5814 2336
6948 6815
2036 31
113 4946
376 5051
3478 8022
5498 8414
6485 2124
1460 9225
9641 9477
4244 4369
3660 9243
3904 6813
7202 3335
2771 9602
1880 8076
3970 5329
3976 8098
1256 6937
7006 6282
4819 9032
5314 1639
696 264
5302 2251
3192 7416
1417 8997
3791 5947
6777 4252
8293 7368
1918 1737
3485 1358
1691 7104
4288 39
9452 239
743 3835
4665 9996
8893 2055
5137 1927
1223 8342
7045 894
8260 2682
7927 2102
8325 9455
665 4139
4311 8728
7223 8006
7302 7682
8186 8355
7946 6222
8825 6719
5358 4829
8055 9117
3426 8432
540 9493
999 3558
9671 5175
3084 7112
4260 3124
2494 7078
8695 6194
294 8585
6589 3187
4847 4730
9582 262
4155 7788
4551 1744
9876 7880
2458 8021
341 3864
6219 7171
1056 7773
954 4455
8974 8705
9863 6410
1752 9222
4504 2083
3346 5060
1111 8918
6251 141
5753 7437
9832 6689
878 6557
1659 5622
175 2405
8126 5875
3078 2500
2220 4919
4244 8263
4590 9657
9497 8602
9485 5351
415 969
6423 9920
1895 1718
4679 8617
31 7787
5926 1373
1157 4665
9627 7107
2012 9334
4546 1602
1362 9535
9387 269
8471 6618
1422 1009
9918 6481
3698 6499
79 7928
8444 3704
8632 3870
7590 5648
8152 1658
9357 5311
5454 9052
5758 3305
1641 3220
4069 7577
2585 8525
1799 7779
9582 1805
8370 4443
1517 4548
7742 223
5715 3805
2164 4612
4772 9099
7089 7756
7627 8148
2765 5209
2765 6161
5720 5114
1903 3942
135 7730
2066 9387
5489 2495
3 4033
4805 453
9150 8626
4963 3087
237 9346
558 6257
6351 1218
6958 6040
6832 3864
2814 2493
1930 6456
5368 2406
4755 3342
6976 9253
4780 5700
1686 1166
5098 7178
4138 1880
9871 932
6739 3710
5393 4289
2167 4166
5387 6414
9420 6584
2067 3117
8113 5009
6867 9056
4839 8943
4064 6656
6407 6242
9285 7065
6256 6393
9524 5749
421 7009
6119 9692
4581 4599
3411 415
1203 1993
1335 5132
5703 7903
1409 7675
5890 6372
821 7599
7755 4407
1887 7228
5847 6396
8254 4672
2269 1666
7999 2635
7301 2373
5115 7154
903 7403
7308 7226
1399 1630
6332 9686
6432 609
7304 7403
9564 9960
7722 540
696 3308
6749 399
8746 3297
9127 4696
8577 4180
7635 3195
7150 6437
3795 4351
5924 8016
4508 548
4890 1299
7253 5804
5616 7575
5449 346
309 8193
8129 1571
5216 6873
505 6905
6762 1692
8544 5536
3140 8975
3687 9232
1048 7148
4802 530
1379 9548
7985 2092
7605 2916
4511 7893
2115 2197
547 1406
2671 9774
1609 4691
4654 7098
3655 428
2533 6346
8713 8829
1278 5768
5120 1207
6171 2376
6010 7923
9765 5210
12 6200
6955 6499
1555 5626
8566 4562
1029 8209
571 8352
7395 3640
2685 2314
9988 9690
2336 853
5494 1014
1013 4208
751 296
8958 2283
1663 4087
9714 1071
4595 107
4485 662
4009 5616
5450 9168
1238 7289
3432 6445
3873 5656
2404 5488
5346 491
6040 2549
3348 2253
6111 2130
7956 5703
3206 9537
6287 9422
2745 6225
9562 846
8401 2505
3020 7639
8536 4745
6014 6415
2000 8815
3514 2805
6497 2268
4449 8627
7782 2298
5984 6949
7372 1044
8633 659
9203 136
631 7037
5530 1755
7005 7028
5585 3472
295 6846
5593 4706
1458 6520
3811 1525
2981 9364
5241 4136
3962 1240
4081 4345
3648 2520
958 5756
4734 9818
635 2326
9351 7405
1133 9200
3577 585
3714 1162
7099 2612
8820 4340
1412 6729
1637 2500
2000 3239
9551 8191
4477 62
8027 4283
7970 121
7655 6870
6127 4056
9416 7051
3097 1901
6286 2150
9648 7388
5463 9780
3467 9928
2883 6790
6190 4877
4750 8
4266 6373
8738 1330
2779 2479
8814 9426
3225 8634
2310 5404
2826 1717
1919 9584
5996 5816
9673 2238
3393 9475
2613 6791
763 2494
2629 6240
5569 9299
477 1039
8304 1163
5174 5614
3650 7483
5449 7848
7846 1891
9157 3960
5199 5429
9983 4473
7992 3527
1807 2470
1317 7511
4804 9207
644 9677
6573 5167
4898 3753
4623 3622
4134 987
1335 8288
6806 4086
5851 969
2245 2267
9891 1287
2068 9035
1031 4682
1648 3022
9179 4677
5146 2367
794 5147
1845 3573
7581 9440
5236 4044
2903 1592
4812 5367
7631 8816
6325 5746
7197 922
3421 7471
8855 666
6753 923
2840 8482
5329 2633
2710 1384
987 3308
2645 6800
3801 8997
956 4821
400 9756
9937 5676
2254 2064
8553 8231
5960 3890
9430 5656
9886 1119
8291 6243
7763 3352
48 706
6956 7600
6725 2733
166 2935
3646 4
6241 8198
1340 2710
5407 3791
1044 7400
7735 728
2008 8946
6481 5541
4322 9403
5444 7423
5571 5355
3741 3614
2132 5585
6755 2137
829 3846
839 6098
8397 8245
8089 4043
3922 1039
83 7826
5972 4826
5712 3159
4459 4912
1893 1031
8407 2644
2576 1097
78 8037
4854 8883
1 465
8345 1813
2388 7969
6502 3675
4092 2514
2296 9629
1779 2491
2850 1424
1436 2039
2043 203
5444 5252
3703 5559
2058 4215
4730 5357
9292 4055
8770 867
5239 8495
9848 8163
2022 578
9319 440
4117 5534
6020 4819
3034 1026
295 4697
8957 3939
1975 3835
7411 7181
3042 2886
2655 1244
7202 5461
1327 3723
2255 8600
5804 9614
2268 2891
9605 2046
7618 3317
1751 575
2443 5510
3904 1015
3525 2530
4601 9192
116 9941
9064 7817
2597 2761
9235 869
3920 9406
119 834
1558 3093
1286 498
3236 3046
2304 1479
5749 3570
1963 4790
3701 982
3580 5155
3769 2849
8969 9846
6369 2482
1992 5205
4207 1240
3613 3504
9643 5228
9138 8819
2816 6404
4738 1180
295 381
101 3498
7128 4712
6085 149
1264 3774
7493 6708
2630 8505
2897 9106
5316 5448
9382 2180
2936 5021
9433 3229
9266 4353
7492 8242
2051 8810
1069 6950
4165 5316
8451 1003
7621 7456
7581 1213
4903 3259
5440 3706
1359 8279
4368 8057
7246 3040
2381 7369
8494 8704
8496 9481
5356 2500
4288 6875
9877 2620
8889 2314
8983 1765
2240 8906
9389 614
1184 2928
5923 931
8960 9839
8000 9969
9075 6537
1959 5461
4631 5303
7672 9557
7303 1468
4919 5827
2467 8930
4049 9749
6344 5766
1282 58
2005 2531
9079 2274
1605 3968
9741 6642
8202 8061
8889 9568
32 9803
1591 5901
325 2765
7174 9197
4285 4592
2446 5505
2579 5209
1745 5283
5334 7419
3011 3794
6013 9047
8305 4168
3974 4944
2871 1587
8874 120
8305 8480
1564 2321
8652 5368
1607 9683
8736 2273
5274 6551
9592 5622
2543 141
5333 9507
1496 885
4488 164
9676 4678
3058 1182
6277 8130
3655 5638
5515 4610
1114 3662
6292 2560
4600 263
4756 6619
9890 9881
6117 7266
4402 6188
4098 7719
1339 3021
2882 610
807 5606
5783 4517
4981 4051
1218 9445
9474 12
9977 1458
2053 211
899 6627
1410 3371
3330 4720
9761 4698
9967 1582
3189 9177
2639 4764
3576 3743
1978 5686
5307 65
6891 1736
6333 7524
1445 4521
3995 5282
3649 7149
5008 7712
1052 8655
8758 8486
8963 7252
339 1691
4030 4457
7527 8572
1427 1890
8819 3397
4002 6266
9694 8663
52 2309
978 1529
9081 8931
5864 9285
6885 5304
1365 7521
207 2135
5590 6035
1104 5571
5371 3259
5802 1269
280 1357
1178 3024
6036 2593
8680 153
3544 3849
3784 2020
6507 6109
4523 6195
3917 1044
2583 7930
1144 1177
6217 333
4765 4218
7642 1697
5874 3447
3343 3178
1126 2405
8749 3462
5850 1349
5537 886
4040 9465
310 3251
7316 8692
8746 729
8218 4866
6643 9540
2951 7239
6207 3276
6579 1197
2265 7415
1600 8918
6168 8079
8778 9482
9084 2066
8001 2470
123 2612
8761 7574
3259 1414
806 1258
5574 9733
5267 6997
5222 4578
2628 9585
8108 3688
1110 6234
3802 5225
6312 9315
6021 487
8644 8117
2001 580
1754 498
9816 5056
2158 8425
6855 5073
663 4210
9261 8184
533 3419
9331 9143
8640 1739
1554 527
7234 568
3530 3817
3420 408
5219 8684
5182 6944
5141 9743
3049 1604
5686 5717
6565 1463
5277 1992
7278 1031
2783 4529
1951 9832
9516 2947
8936 7024
6459 4656
8314 7051
2462 2290
2946 3270
9401 2232
4630 2560
2612 8042
8275 6992
7686 7402
453 3521
3863 6684
5862 4566
2557 7246
7443 772
3415 3912
9723 4353
7070 1391
7695 1426
1078 3369
9723 2798
4524 3327
2807 2342
3955 5214
2994 3367
7537 5050
5969 6932
3263 5570
4387 6004
3813 6450
1844 6410
8403 958
5997 2971
5524 7903
5549 5123
2042 8219
1840 401
32 2867
8781 9975
9113 3756
7060 8453
5562 3427
4126 1312
3329 7842
57 4202
3555 3205
1778 6348
6246 9457
9148 9237
648 286
4452 4901
3449 9639
9496 6724
4781 1511
9916 615
4782 4004
5517 2102
1212 4625
8932 3612
7224 1251
4274 2778
2126 4544
4467 2207
1877 7991
4292 39
3334 2074
4740 1140
4009 452
4991 1985
7106 8047
1532 3443
6768 2262
8782 6048
458 6437
5175 4709
854 6119
8803 5370
7343 7444
1645 8132
7723 2594
6558 2224
4872 3439
5056 8683
4518 3611
6014 2222
333 9307
7829 4467
9513 4114
3129 5708
653 4549
7320 7135
9714 1089
2750 3253
9164 396
1109 9907
8797 8480
4518 8521
7921 9316
8362 7280
1601 428
8017 2606
1598 7370
2689 2546
8234 558
3630 5273
1208 2363
5699 1679
5948 8736
2107 6689
9072 9568
4319 7906
9381 3654
9536 6823
4702 6176
7285 3997
8348 3146
4979 2326
867 4427
7330 6263
8475 4540
2481 9754
7302 9663
7945 2733
4603 2432
9595 6050
8163 3481
4146 7333
2213 8941
228 8981
8267 920
8320 6597
4139 2254
982 7465
2232 5054
3114 9735
7922 3097
5828 3376
9199 1200
4843 6855
709 2747
4142 2560
3005 2373
1501 7558
6500 3944
428 232
9531 675
6616 8275
1691 7120
9955 9823
3016 1183
5843 6491
9741 3040
8676 1007
9584 9763
6879 9260
4135 9803
9504 6526
4603 6419
1740 4250
885 2280
2631 1527
5908 9314
103 7800
5621 2385
1855 7839
5827 3651
5197 8016
8978 8247
5647 3721
5789 3255
258 3850
3002 5799
7882 7050
579 1929
2224 5277
6151 7286
784 3943
5500 8042
3298 2954
189 6214
6991 8407
6580 3679
5959 3546
670 9470
7675 8962
5980 2198
8976 935
371 6249
8600 2918
5673 1310
3817 7141
1032 6558
3288 6026
1487 7617
1528 1368
8865 7700
6050 1968
5522 8122
7121 8635
9252 2816
5253 9800
5312 768
5562 6753
6619 7917
9539 6912
6576 6399
3784 3839
9196 9848
3089 3624
4371 9037
6493 989
2150 9902
3980 4865
1911 3485
4811 3187
4582 6576
9208 4445
4941 8462
1057 5239
1976 5421
3777 585
6957 8260
2705 1214
9283 4739
9158 983
5718 1832
2190 7818
7326 7476
3377 38
1844 1173
1501 1565
2529 7599
4274 2983
2947 4742
3295 9104
7218 109
9062 5585
7335 7846
7589 2605
4770 8225
8622 5343
4170 2903
2881 6544
9950 7996
7278 577
6972 4133
2778 2200
2859 5140
769 1082
7716 3701
9018 7056
7370 7403
9954 8958
6029 7410
961 6733
5966 5014
1776 135
3221 6092
4167 1224
8788 5436
3089 5000
1673 5471
543 9562
5514 8214
6656 1956
1509 4150
2965 1620
8227 2063
5834 8922
8299 9168
2189 3940
3009 5308
2836 1494
6023 8111
3496 2545
3733 4373
2375 2839
5538 3452
6435 4052
9576 8089
330 1815
639 7025
2288 3023
3156 5490
7757 3671
763 8751
1152 627
9359 7168
4367 5120
1439 793
5479 2191
6334 5100
3659 1778
9085 8443
8332 3343
3844 3939
6982 7060
8629 9043
6415 5409
1682 3136
9762 1902
7441 9229
1622 7631
9276 6445
2131 1496
4044 7631
1980 5352
1782 178
6898 6396
5641 8354
3281 8836
8218 6795
8761 9088
5158 1128
5744 4078
3815 7896
6568 9213
7530 3053
6662 6633
728 1442
6676 4060
4969 4553
7794 8702
2944 16
8545 7375
5727 6714
6265 9413
6948 6624
6554 6798
1007 2784
4425 292
9315 1621
8018 8480
1323 2721
1337 9647
752 5930
1486 7433
338 6712
21 2599
8121 4650
8872 3095
4292 7750
176 9435
1531 4557
3701 5910
7606 5587
9545 3227
5760 1884
5577 8976
1331 7773
1744 9677
5890 2418
3792 131
9837 7589
6775 5095
3797 9311
1370 7937
4822 230
4805 6426
4975 938
9758 1036
8309 7722
1027 3658
1920 290
8655 4866
4100 4129
1371 5285
4069 8250
5848 5382
3819 7299
5257 7365
1666 5953
4649 9243
538 2862
7006 2975
1684 6849
2432 6987
4054 7842
144 9668
4220 8469
7723 9439
9519 8021
314 719
141 666
2316 94
8908 5141
3046 2233
9421 8807
4737 2136
3700 334
3480 9680
6826 6664
3753 5073
9237 7405
5638 5688
7466 4237
7565 8069
6744 3495
8709 8649
5944 4308
2537 4029
8492 4048
4030 8818
591 8358
2506 6790
8584 8601
4529 1271
3404 6757
3136 1389
6466 3372
5118 8892
400 563
4764 5455
2539 3402
7549 6689
342 6304
13 5758
9483 6324
1756 6380
8507 4856
3693 2148
9459 9758
6622 7086
8649 7510
308 1181
8772 9656
4310 6299
5971 2388
6227 5719
9723 8208
1871 4169
4906 1382
7183 590
5938 5607
5547 4770
2994 1442
9016 7082
5161 671
73 1770
805 9192
2692 4666
5036 365
8360 218
6628 6258
5316 5278
5919 7200
3212 3536
4854 102
9926 4587
6532 7137
861 8337
3749 3000
457 532
9896 1701
5041 866
1656 2535
1188 6068
9494 5476
6079 3017
1026 3286
6834 6972
7104 5139
5259 738
2821 7194
3370 4819
2079 8230
2682 2153
7931 8268
7705 9165
6910 1846
979 1854
5040 9069
4462 2848
7829 2952
707 5145
6724 6368
4107 1875
1319 7534
4448 9576
2502 4841
9656 6800
3767 2015
