658 7022
5833 9036
9834 640
8004 3265
6834 6928
8969 6550
7453 3826
5839 4270
2917 3906
5310 9975
945 6412
9876 7589
5543 6856
9993 2240
8857 277
9148 2995
1341 4826
6004 1419
6849 4730
2166 8216
4302 657
675 8941
9160 3457
4848 4348
2590 8995
9310 2694
6574 4804
1599 4319
5203 7684
4864 3919
6897 9837
1494 5842
1332 584
1686 6831
5277 4078
1901 6983
3430 1334
8842 1140
7620 3014
1837 9545
766 5891
4535 1623
1991 8499
7922 4446
4453 6062
9581 8985
6743 1436
5645 9383
7444 3614
112 8426
2181 4877
1068 4313
1968 864
5758 8022
2253 8331
6933 9719
364 8716
5289 4403
2406 1750
837 9726
219 3140
4068 1704
7464 4381
9577 5932
2464 1116
6966 1022
4517 5560
1238 9064
8911 8539
8190 7470
2338 1020
3810 4448
7164 6489
1226 2890
5501 8607
5703 8918
7667 5143
1827 5711
3971 4022
1927 9039
7819 4250
4025 73
6179 3721
250 6745
5587 8344
8746 2658
7228 9983
2670 5089
3557 2992
8696 1427
5356 6772
5756 4871
4949 3673
3113 456
9853 5983
6318 2143
5596 3256
4314 8164
9071 7516
1150 901
8842 1020
8508 7262
1497 8506
9896 7768
6901 4422
7976 611
4341 8989
2781 4511
5975 747
7498 8061
1527 543
6446 3812
8744 8907
147 5016
9272 8846
9176 6067
4446 1614
3630 8403
3627 2305
367 553
6590 8756
3059 5559
4317 9761
4772 307
2927 9949
3997 5479
1128 4664
8537 9190
1003 2887
7226 5218
623 6086
6679 7149
357 8587
5563 4361
7020 4467
3699 3431
6238 658
2033 9340
3744 2087
4401 634
2514 6206
483 8517
9138 1585
4044 8999
9520 6309
7920 6655
4839 8769
8226 8497
9008 7755
3874 1882
1163 6158
4542 2694
4478 3912
8647 2582
9397 1368
8196 2484
6798 4256
2560 2998
3934 4044
1878 2170
7567 7555
3293 4071
6849 7853
6468 1981
1410 9929
2012 3090
5415 7523
970 4540
3985 2901
1470 9067
6273 6500
2617 8145
7064 3777
8056 1800
7254 3416
3472 8407
3882 1216
7112 4745
6822 2744
474 3473
9554 4095
4499 1468
2316 8421
8053 2116
2034 2374
521 7202
8360 4794
1819 9999
7840 420
2962 434
990 1764
5414 2711
1014 5620
1683 9230
5787 8869
4475 3747
9237 3504
8302 940
4735 1343
9845 7986
1759 4528
423 3079
1157 3402
664 7512
8744 459
6467 3022
6253 446
9665 7388
9757 4943
8420 344
1721 8038
8989 4464
9200 9856
9984 8414
4799 7445
2183 1406
6121 3879
2899 5818
2162 3233
6467 3499
1371 6804
8724 6743
899 2281
5303 9116
6139 5950
3441 2191
1897 5078
9130 1108
9596 1767
6445 2324
3605 6028
9950 6724
3373 3389
6636 7992
18 7273
4317 9002
4341 8140
8239 2564
7153 6163
4539 2841
585 9831
3979 8633
4934 9422
6305 2290
2894 5591
380 926
4456 4561
3680 1042
6871 8279
468 9065
5306 5531
7159 3230
8701 3004
3226 7329
7197 5156
9139 1411
2906 5085
3681 7015
9960 6385
4609 9021
3066 564
8915 5401
8699 4762
9046 3626
6875 7765
2956 5849
7993 9019
8219 572
9265 9842
6939 7399
861 9893
7775 6102
9348 2936
5173 7255
5831 1333
7892 4738
301 2721
7459 6996
3230 5631
7428 5109
4149 2312
5081 7829
8562 2924
2659 8033
4514 5558
6740 3915
1478 4804
4208 9696
8405 6903
9549 4914
5897 1274
5357 8897
1170 8650
2452 7446
2197 5202
5522 3946
3365 232
3443 5628
4828 484
288 7147
6155 4477
8559 3042
9078 2764
5209 2193
1088 9880
8613 9584
2939 4090
2731 4289
5189 9657
7655 3135
3363 3648
915 1321
4162 4222
5203 2800
1943 4346
8916 9784
9148 8716
2920 5400
7160 4853
2911 7403
7570 6684
8721 9474
7886 8220
9757 9985
7901 1813
4655 3918
5196 9769
1993 1701
5219 2575
2166 6956
287 1876
2872 1511
8657 8455
6398 6560
4160 8230
8081 1365
6349 3493
3707 8764
2783 5143
4302 9709
2057 2490
2912 2937
1606 5356
425 7244
7165 1952
1536 8460
7012 5353
6648 6450
8718 8915
8867 6352
3719 3771
4293 2382
7544 6732
8726 4107
1902 8375
771 5422
510 4485
2131 7427
7902 6410
3320 7368
2188 7499
3106 8574
9793 4599
732 6190
345 739
9480 1786
7421 2061
4145 1016
990 201
3177 4540
8458 2491
7773 4180
7828 7813
9973 9740
7382 7776
7369 1912
8202 3130
9839 4246
4271 5150
948 913
8219 1697
3918 7813
1600 9624
7019 7482
7281 8210
3999 358
6356 2442
314 8396
440 2983
3645 9630
980 9510
5673 888
7220 8930
5342 6419
9174 3907
5497 6865
5493 1026
2185 810
4358 102
1055 8078
3991 9261
8929 2972
1422 675
2629 121
8869 2235
5704 4928
9920 6015
815 6421
3118 346
9888 7119
4653 2038
1789 9913
6278 3732
1486 4308
2564 6194
3144 2086
326 3474
3419 7544
4397 5946
3092 6817
9515 5657
172 2809
2472 5389
9023 8394
3039 1611
656 6931
6421 391
1604 9578
2608 369
1333 4043
4194 3208
3483 4752
1526 4473
1723 9968
4959 6630
9959 2436
5538 5270
2427 9259
6712 9874
6588 5459
374 9440
6536 9287
3297 2990
8381 99
5929 1143
4871 5578
9387 1925
560 7296
9891 7311
2266 1259
4476 642
9468 7403
3559 2219
7787 2934
7889 3909
8180 4705
5156 1674
1256 1753
896 6816
8977 4073
7875 5441
1012 5120
4711 8856
5307 2913
6045 3064
9175 4347
3890 2934
4355 4968
2743 9264
6632 4614
7746 2115
8950 9708
5105 8764
831 289
5836 8652
3918 7591
9543 7763
5192 786
2890 4561
5571 8806
7523 8025
6201 9622
1052 7603
9629 1315
278 8558
7920 9977
3645 1537
4989 5309
4676 3986
6593 5155
6153 3001
4602 6340
7897 368
4827 6805
9259 4822
2737 4360
7966 4516
7792 5002
7933 2373
217 7050
1750 1753
4782 4385
5903 6919
3404 7785
4068 4154
4119 8802
5456 4565
1774 3893
9256 2223
5842 145
3063 3374
6383 8223
5341 9179
7588 6556
3283 2575
8448 1473
2631 738
8275 8265
690 2248
8562 7750
9851 665
7227 9723
8098 1579
1994 1076
1414 2665
8319 4957
5505 3701
4963 8576
823 9943
7782 2834
3995 9768
7006 3783
1114 8438
4542 6109
1225 29
1836 4161
7197 3551
2152 1262
9820 4208
5091 7640
3095 8565
7449 2515
1326 9281
7176 275
6810 1192
4340 9804
1289 1652
1461 8488
761 8303
7902 5919
4672 8907
4067 651
2943 8090
8345 3132
3832 3496
431 1533
675 5150
5936 6623
5130 1617
9166 5546
4835 1958
8253 5039
8383 8334
5084 1984
2366 4215
6656 4764
7047 5146
7319 3784
451 1512
2664 6199
6008 3333
4010 6708
7569 3372
9106 3929
2868 9299
1582 4948
1854 9894
1730 7002
819 1069
9005 417
1022 1708
8498 1505
2773 6623
2841 5855
9180 9989
6610 79
4889 733
7564 3059
8495 4870
4635 5585
9984 3524
9572 4509
2820 4690
1167 1278
61 1819
7325 2067
7768 251
322 9214
6481 7733
7063 6372
1161 435
2294 382
8610 578
7641 3459
9479 2477
1847 9946
9698 6416
6296 6219
2609 6600
335 8990
1233 3221
2201 6275
5130 1093
8629 3216
1719 8178
9982 6573
4802 9898
5623 901
8442 2877
3724 1335
9930 906
8812 6104
9995 3263
5841 8304
2883 2854
183 2619
8740 7968
1744 7964
7868 2982
5137 4690
2890 8242
8144 4040
9240 659
2798 8907
6189 1676
7236 9218
5487 6892
7562 3478
1666 3936
5232 2389
3431 1168
6940 2744
6478 374
1433 8407
2242 7051
6581 176
6715 7805
9612 7187
9885 6096
1262 8320
7460 6895
6988 9057
6624 7223
6028 6271
3830 1181
8458 7804
9474 5763
8604 5446
1247 1657
2787 6195
8354 7463
2272 4766
1098 8016
5045 4329
9562 413
7688 7842
1381 1812
3631 8193
9498 6524
7959 7677
1008 4330
6470 4545
2978 6303
7123 5500
9156 1997
986 4066
9474 7002
1068 9907
4515 9042
8145 3802
6670 1117
6365 5553
376 4932
7472 7451
6439 2003
5492 9228
9995 1570
6080 2599
7189 6872
9890 4929
4201 3112
7844 5854
6545 7859
842 4254
9689 4062
5742 4881
5917 7949
5544 3161
7725 6572
9388 3945
9616 5693
7859 1635
9398 7686
6579 878
8200 1467
8823 2751
4908 5975
4575 6939
6584 8448
8364 1500
2291 3622
8838 1391
9906 3517
4140 7321
264 4208
8209 3369
264 3684
1246 8754
7775 6366
7860 9661
6087 4892
816 8483
331 4769
1330 1420
2423 7574
1758 9844
5407 403
2709 6321
2465 7759
7703 698
5152 9180
5689 7478
7513 779
7575 8859
7238 29
7407 4157
3368 2380
7251 8838
286 988
4401 5336
966 2894
8420 8565
8660 1155
2418 4939
8842 9162
3564 5398
3157 4807
532 4039
6890 7121
6953 8056
2988 9355
947 2163
3277 5768
5917 3525
1018 8333
7140 7897
8239 9095
7771 2027
1578 2076
8643 6398
1255 9657
5900 14
596 1495
7576 4764
1694 8407
1572 5298
7919 1234
6997 3320
5322 5185
5122 2346
2858 3374
414 1040
9198 7137
948 4556
3512 9388
2093 7596
481 7751
14 8925
5506 184
4127 4495
2224 7386
6199 573
5670 4116
5705 7407
6077 6644
9063 2059
9902 736
5540 2644
1175 1791
352 4467
7006 6037
1073 6864
394 6494
6527 8375
6702 9219
9310 3089
6910 8446
489 7335
9248 6710
38 1151
4598 8940
7700 2878
7551 1797
9546 4254
673 6530
4545 425
6700 2532
9641 1562
9407 6768
5381 3025
357 1579
8253 6624
9262 3889
7544 2931
698 5656
3785 6066
5081 9121
5573 9523
2663 9258
4911 4375
2833 5861
9627 5398
6094 5330
5117 3379
1706 1908
6604 5592
842 2435
2417 2889
4772 7083
6826 1553
6018 1579
93 6989
7754 3500
393 10
8852 4945
2670 2041
338 3152
5799 9765
1974 2099
3066 7130
3740 4797
1581 3280
6513 6971
4795 6035
8998 8762
2692 5972
7078 1010
3709 2325
1691 575
2312 4912
5045 557
2491 3824
1699 1473
1853 9555
1528 5706
7693 124
6998 2988
2489 7385
8815 8140
1586 2816
9110 4062
146 4282
4107 7330
292 2968
7427 1140
6703 669
3232 443
9522 7743
423 4737
3747 8024
3366 1618
1983 9700
1248 5695
9376 8351
942 1140
29 8573
1980 2878
7086 9178
1799 9096
8159 3318
6834 274
8231 5778
5097 2003
1397 2561
6092 6054
4705 7274
36 8071
9797 3128
5488 2553
8561 6747
2642 9628
7605 7582
8670 4242
532 9862
2644 9130
9550 9714
4102 3909
6439 1211
1971 971
1936 7193
8199 4082
4286 7232
7792 7615
7127 3965
7035 4659
645 9221
4739 630
6221 6766
1790 9752
4802 3130
4068 2973
5080 8263
8842 2440
2415 1793
9271 1014
3730 9265
3854 899
8276 5156
932 3861
2214 5487
3645 4688
7806 4218
5298 8323
7562 15
3779 6500
7697 7917
5692 187
2947 9028
7675 3890
5639 351
2563 7115
8206 2602
9009 364
5579 7515
1582 9692
7776 534
1023 7602
8674 6394
9705 837
4067 6541
7664 1803
7882 4787
9732 7683
4735 5323
4822 231
5528 9665
6791 7552
216 4510
1474 4672
355 3587
2412 356
7528 948
7049 6832
6304 8662
2646 3854
6002 8786
6357 1790
6130 4748
5252 234
6643 9185
7453 7879
4928 7662
4529 5614
4866 5077
886 1124
2107 3478
3529 7020
181 2970
3544 130
3382 3997
1246 6368
466 5124
4680 1919
9466 6208
7689 1238
9532 9664
2337 5297
8313 2709
3465 9350
3857 1835
2476 4452
7502 4235
676 5353
8871 4429
5235 5983
8427 2112
6300 4929
9100 1914
5148 5357
3088 9145
5218 1425
6634 454
391 1828
9234 2456
755 3850
2595 2065
3847 6712
2637 1239
844 810
9263 6997
1167 4821
658 449
9758 7145
7725 7493
7624 1906
3213 5948
3655 5397
5016 6181
2161 3079
5321 8045
4886 242
5641 8204
5601 9493
5916 2098
1652 1200
4402 3543
1404 3344
2393 1197
6684 5576
654 8620
4783 9992
1254 7526
3641 1490
1573 855
5336 5658
9017 8881
4861 9409
569 6058
6301 9992
8138 9627
7007 6076
4799 8897
3281 991
1661 2464
9930 3166
8134 9289
9802 9199
2191 9639
700 6007
4393 8752
5867 5012
2126 8526
8847 9196
6144 1881
4799 2373
8519 417
4564 1257
1620 5073
2343 4090
6122 4487
1870 515
5000 1888
4677 3977
7956 6114
9745 5790
370 3393
6697 4832
1791 3967
6845 8073
7027 6793
8282 3550
6159 4738
9225 2297
7948 4737
1822 3955
7314 8800
1435 8933
2505 7296
7494 4559
3911 3461
400 9937
7502 3271
2210 341
6872 9991
6943 8867
83 7859
8518 461
1929 6446
5655 9442
7879 2235
4400 2842
7672 9435
916 9465
7025 2795
393 886
4497 2609
9127 4308
5004 2894
9202 2140
8721 3587
8264 892
4041 4725
2535 5311
9742 4080
1562 3369
450 5221
1668 2488
4182 7079
215 8210
9859 9671
6337 1332
6528 8339
4792 8008
6931 5970
1018 8502
7295 9789
4616 2447
276 7599
1043 7511
4678 7593
2452 9546
1249 3310
8781 4885
1151 7690
7291 4031
5457 2375
4686 5789
6536 8700
5544 1603
4192 359
6664 9088
9313 7756
8528 1597
5142 2100
9848 1224
8763 1039
4796 4093
3540 1528
7823 5676
6971 8308
2834 9397
9064 3865
6193 8344
3093 2315
2181 148
9829 9824
2124 702
8732 7140
6728 263
3516 9663
9047 1727
9025 5808
7634 7205
3935 4751
7280 9177
3204 5969
6314 9021
1795 5310
7808 8178
9738 5348
7791 4527
1332 167
174 5760
9976 1157
3519 7920
7170 7155
9322 5192
5040 3580
6977 9728
3118 6309
3532 4165
9510 9876
4321 6130
1508 4587
3118 9950
2397 1834
8244 7487
5301 1927
9829 530
1598 3850
8978 3783
5598 4047
9492 8720
194 3220
7158 6250
5101 7168
5811 8265
2081 4768
4459 7226
6118 9017
9012 1539
6916 4297
1045 4234
3568 9683
4811 4332
9196 238
4937 7153
6529 318
75 9385
3672 1792
9277 8814
2477 9368
9077 4688
5712 4592
431 1897
9517 699
3953 9176
2351 2048
9055 3921
6785 5270
1453 3564
6108 176
3002 6888
6034 9959
5974 3505
2378 2947
5753 4115
1465 1375
4521 8530
2566 5153
1166 6808
2128 8390
3129 3108
1259 3529
5428 100
152 6645
1126 2267
8091 9337
6904 2790
3605 492
3125 2462
158 1490
9165 952
3041 3752
8386 5629
3511 8112
2083 2747
2995 7836
4659 9664
4633 1756
8439 7086
2297 6460
4182 26
213 9026
3488 9652
1368 6100
6989 946
9733 6983
9637 2298
6066 2497
6843 4657
7784 9086
1231 5219
6876 3258
6398 4300
5028 6144
8121 7209
2285 2170
1414 3906
1276 9832
4834 5749
9335 9682
2002 9416
1270 9325
8917 7941
2450 5121
6272 3800
1091 8944
737 1597
349 8729
9829 266
5273 7673
5756 897
7374 2267
756 9489
6871 7997
7884 1617
6816 450
7761 9268
6448 436
4639 4179
8128 2640
5299 3934
4616 8401
7361 9807
3380 1103
8561 1656
4151 4991
2879 4084
5452 3567
9974 3753
4635 8020
8962 5757
2200 373
5869 9090
348 8080
7570 5234
4679 4402
8 3160
6084 6993
6402 421
1225 5991
7023 6045
899 4302
6583 1136
4515 8411
1818 9573
4764 72
2350 8874
586 8149
6989 3270
378 9174
4707 5722
6121 5029
6845 3470
6584 9586
1177 6504
5330 9110
7623 9101
6014 4523
410 5088
3253 3661
6104 9183
2845 5718
3734 3462
267 5281
4288 8318
2797 9775
5076 7422
1391 9994
2945 8527
1092 261
3719 1347
6089 920
4582 4038
9929 3629
1018 2642
8387 9885
6485 4530
8324 5880
7845 9528
3179 9785
4752 8835
2254 1896
7108 2607
4531 2776
7511 643
8398 8887
7622 8160
6888 7789
7961 7858
2079 4078
2763 410
9228 2149
8739 3243
5137 8748
8879 612
4473 4793
6468 4977
8067 8261
6086 8365
1272 725
9864 1995
7562 8494
1373 3452
3870 5939
5963 8766
3251 3923
4477 7059
7676 1402
7758 1371
549 8158
5109 2613
2785 7038
7467 4496
9762 3220
290 2268
9788 3826
709 2001
1061 1123
4821 7753
1563 5214
283 373
8335 6158
8849 2954
6839 9670
7314 2873
3849 1401
9627 2206
7150 5714
5000 2658
8456 4891
9987 1242
5892 9656
877 2955
4597 9927
1476 7790
8865 9671
3304 9372
934 258
8112 524
2583 8793
5108 6807
7986 9707
4615 8960
6052 5459
1267 7255
4573 5497
6450 7189
7968 6280
5612 8513
6112 4920
125 7043
203 7732
5090 7606
2999 3521
7586 2750
9153 172
4464 7551
6986 4662
2648 9875
1332 839
8085 2283
7096 6870
841 3697
6385 3945
13 9932
5289 4884
5988 4432
3175 8220
7735 4393
1420 5160
4162 7963
733 8204
6515 5860
919 7140
6085 2494
798 5368
8445 2791
2313 1012
9265 4078
4157 3732
7373 2156
1557 7941
8694 3048
8672 2834
2371 6439
5571 9271
2107 5523
7542 1077
6308 3415
2662 4054
627 1899
106 8854
357 3246
9161 7918
8795 5987
9975 5722
8988 36
6113 7363
3058 3727
1176 892
2163 1833
6457 2119
420 8993
7620 8265
910 5324
3242 6599
729 6718
3817 8996
7022 6460
2941 6668
719 7588
1404 9913
7656 218
1272 9335
2566 5897
1953 9830
3226 9852
951 624
811 5291
3999 7532
6128 4475
2177 9520
8321 1181
7343 7070
1293 539
360 2791
5292 1291
7627 4599
2773 5074
3510 9957
7465 9090
2343 9341
3878 6013
3478 647
6463 9237
1520 2421
3102 6753
8999 183
4510 5515
5260 2787
2356 7363
9795 6369
7781 8165
4652 1534
4425 7292
7043 7108
1978 113
4482 1000
289 9405
1688 7837
5809 4995
5660 7324
9844 7265
639 911
9914 4287
2612 132
8696 7429
5958 6681
1065 5405
1453 6385
5371 8600
125 567
7779 6293
3689 3238
4915 9130
5682 2307
2966 7732
905 9710
9412 3151
3794 8650
2884 4622
110 6148
7919 4414
7559 9778
1758 2704
2404 2794
3094 8878
3948 3872
1918 2964
1341 421
1699 3769
5747 1311
9743 8735
5071 1692
5346 8372
7730 8507
7022 9720
2499 8390
8411 9176
9699 2435
3270 9338
7355 9725
1624 623
5405 2933
9516 4060
5501 7017
1991 3089
5531 8347
2262 7476
7904 8301
5314 4383
4945 165
2395 6806
3148 387
696 5575
684 6807
4998 9334
1319 9965
8027 7508
9211 6638
1806 1171
9971 638
1385 4955
2359 5989
6410 7427
7886 6170
723 423
8524 2415
9928 8391
7719 5066
9717 4008
5051 9733
8011 9368
7587 1447
5973 5847
6711 3629
8548 8538
6419 9386
4993 6504
2091 9198
3586 4307
3251 6416
8012 9532
6384 2126
6445 6954
682 4531
2893 904
3260 2929
8884 7124
4909 469
8463 7473
2847 1279
9237 8976
6586 4831
1472 7439
5204 9098
3269 7700
6624 984
7905 470
5668 2271
2686 1639
1618 7406
1103 9529
7852 3661
3673 7074
4684 3846
9717 6205
7256 7300
6005 624
5669 2589
8158 2558
7391 3017
8869 6892
4882 6851
3582 6255
2063 2940
4922 47
6303 6444
1588 6974
621 6842
7853 6634
9985 3034
4674 298
3295 8622
7725 3258
5606 7332
9504 1468
3042 5705
2002 3608
1339 4059
9848 9032
5963 5324
3570 5823
4983 7255
8205 1595
2088 8713
6696 9409
6795 9737
646 9095
6487 8284
2995 8178
8491 487
7484 6179
82 4437
7219 6140
5401 4125
3475 9394
7792 885
7032 8531
698 8939
7376 7188
3527 8904
4535 3870
9297 7690
3017 5941
7079 865
1905 7394
5051 1698
2094 4590
3253 5299
1659 57
8816 7540
59 9831
1820 838
1398 3035
3288 6872
4772 6362
7105 429
8461 1390
1027 6707
2699 1464
6714 457
1348 454
8880 5018
3239 2922
4532 3317
1955 53
8012 1992
1156 739
8562 6834
5652 4410
1322 4880
830 4694
160 5098
8939 5047
880 803
1842 2850
2238 8311
2387 8947
8717 3418
3048 477
9286 4325
9434 9032
2142 3384
9439 6784
1798 2853
8166 4464
2459 4945
8069 3805
6568 20
490 6465
8859 300
7484 4173
6633 4120
4441 2101
8416 1756
9926 6004
1011 9354
8652 9566
9051 5667
8602 3680
4179 9631
6753 1279
5313 9452
2944 4241
7115 2158
6084 5713
5905 455
6282 7267
4522 4601
1170 6654
2979 5420
6436 7528
5808 1476
7513 9493
9899 7943
1389 7503
4999 6689
3378 5032
819 1640
3185 7460
9119 9553
6858 2468
5602 6094
6276 2541
2129 2323
7734 4738
5072 8083
6159 7504
8326 8722
2087 5403
2669 4405
283 9594
9481 6779
6550 968
9678 4200
6493 7242
3763 6144
9409 9486
9004 8250
2663 3486
7198 7233
3867 2355
2278 5735
7414 5665
782 342
6854 4273
4053 1456
6249 9502
8128 6826
6995 4432
7237 7658
8835 3300
1826 5537
9151 2042
2243 5085
8385 1883
1649 3744
4673 8633
7278 7297
6298 7668
3318 2353
8296 8654
6283 5694
6618 8835
2982 7549
7489 3446
3940 9617
3532 7244
2270 7545
5690 5465
3693 3405
3273 5276
8733 3566
9631 4080
7462 2400
4273 874
1064 2751
8735 8679
4477 7431
2087 7914
145 3939
8208 8565
8717 254
9479 7332
6975 4027
3883 1866
2597 9075
4177 731
3745 9480
490 352
9454 2511
5275 3279
1296 26
8167 2955
4456 6327
3471 9903
3942 5077
2076 3913
1158 6214
1353 5498
2503 5463
2021 3974
8515 7551
6874 7716
6100 192
2150 1703
5525 4679
9155 5245
2380 8970
5100 3787
2622 4182
1672 4891
5358 6892
8577 3364
1633 7187
3116 4531
387 2779
8158 3524
781 7008
954 4005
77 7314
7561 3201
8122 1589
9428 9831
1339 4668
3390 8733
2448 1934
8282 6164
2571 6623
5352 9665
449 2752
6588 3605
2740 7419
9988 4388
5788 261
7005 6149
8589 46
1332 8483
7985 5694
4081 2189
2509 829
4777 4526
9811 5355
2568 4162
1099 9057
773 1605
1518 9090
1791 920
1277 9402
6151 404
4291 3716
4544 5267
5626 8406
9743 8454
807 1181
3484 7430
8208 609
9710 7884
6906 5202
3692 9160
7155 8409
6286 6122
7594 4066
5528 9171
8658 6124
5642 3167
3571 5161
2580 9602
1939 2626
6161 433
4693 7064
6507 2598
2029 6636
720 5462
2256 6716
85 8212
4675 6191
5925 5283
8118 9349
8865 3101
340 6046
3428 359
1920 7097
4504 1325
7765 3449
2370 4351
8923 6355
4871 8375
4636 2509
3207 7213
1388 6671
2044 4807
9884 6124
3661 2100
8439 4209
3748 7992
3578 7301
8104 2549
5150 8701
3941 3970
711 7070
1876 4963
1369 2833
1743 1010
11 1555
5583 6141
1374 5527
8899 898
550 533
8899 4343
9053 4671
109 8012
5960 4494
434 4285
1645 8398
7477 7867
4676 831
9371 8684
5698 7538
1770 3535
846 8836
7886 6605
6492 3984
9270 2742
5841 9949
6879 5299
3010 7092
1650 8203
4445 8518
5683 9551
3467 278
8785 7362
1669 4718
7862 7331
1695 6011
436 3135
424 2171
6955 6983
3853 5327
966 3776
7161 5197
2358 6222
2480 6329
5088 8236
626 3307
8175 2253
1160 4187
9433 749
8144 9657
2309 6287
7490 480
8757 6014
8853 5552
2054 7517
4067 7494
2680 9097
1433 5934
4427 5318
4020 9031
6827 3782
3460 6298
986 3994
1760 7437
6583 8898
3337 9891
8284 5464
7496 7795
3250 1928
5621 4412
4005 5382
2641 6413
9544 1035
6775 1839
9110 4476
756 6827
9128 8171
6086 2218
8727 5131
3960 6105
271 4230
850 449
6222 7312
7597 8562
7903 800
6104 8189
5837 3045
1689 8667
5730 7427
8047 9219
384 4551
5766 1367
7493 5552
5260 2306
8093 4019
2144 2892
8242 7363
6371 7344
3496 4233
5551 280
1661 4470
7234 3112
5160 8542
5574 7027
3837 3758
9319 7643
5570 5958
8819 2233
4103 2209
1136 2207
1190 9794
2118 831
4886 4053
6598 3503
2563 8530
7035 1787
4389 5485
5237 5768
1612 6636
1023 8441
6412 4450
7803 846
7532 2565
5974 8564
6179 8289
6655 3325
6867 5760
5437 474
4919 1016
4499 8527
1462 6858
8674 5934
7059 455
9738 4512
4941 3410
8735 2104
7996 1947
7397 8324
8559 3006
2207 2668
2374 1705
7524 9880
3838 810
5823 7128
624 9443
6866 9007
6015 4925
870 1926
172 5733
9582 2043
6606 7940
3961 9380
5027 2463
3274 1594
4825 7117
1275 2670
8399 1693
8627 5668
2538 5692
7624 6164
411 8747
6593 8588
1685 5941
5686 7078
1190 3484
8988 7621
4052 7079
250 7884
9565 4566
6543 9428
4273 3243
2350 6742
8357 2596
4810 7857
1096 8536
8475 2457
1571 472
7403 1247
6589 6206
5100 2920
5316 7570
8185 4943
42 4869
6957 6943
4942 5299
8176 5768
8047 555
2202 4722
7113 4747
2509 7248
7114 153
7269 3857
8161 2142
3085 3036
4344 6418
4455 5201
3263 2774
9009 8017
1755 8777
1941 780
7697 4755
5668 9479
6488 452
9337 556
8421 8235
2504 7108
7398 897
5120 9144
7254 1557
5069 8008
8073 491
2413 2651
9872 5072
509 4918
4557 8749
2237 7557
9086 2156
2240 7572
2285 5778
4534 9622
9107 8952
82 144
6802 7954
1657 2982
2877 5475
6356 2149
8543 9506
5592 1306
3995 7459
4064 700
6382 8580
3710 4479
1456 5823
1079 9170
2962 586
4381 5497
4394 7459
8833 570
364 9423
3703 9948
5976 6580
5517 2590
1708 3518
534 5429
2631 6883
7570 4957
6232 1978
3976 60
9608 6999
1420 1430
6818 9499
6232 2078
9007 5103
9217 8602
3548 2416
7101 5640
8834 3020
7117 9308
7568 3062
7710 8177
2397 2458
6982 277
6178 4683
2401 3014
241 6903
6449 2841
5775 7776
2316 5437
7552 410
5974 7911
9430 1539
1972 1967
1059 2941
4615 158
2422 221
5459 3698
5395 2194
1551 4481
2336 1750
1982 3020
4082 3737
7171 1426
789 6611
4632 2656
5703 1685
3289 4839
7206 650
8709 9698
8579 8472
8480 3859
611 4081
2310 876
3164 9865
1974 9503
7769 327
6340 3505
4502 5493
7842 8306
7028 8611
25 6218
6101 9343
9101 3405
317 3850
9124 1580
3496 3215
4297 503
9079 1570
1187 8161
9759 223
5743 2607
6269 5782
2084 8227
2993 4744
9321 490
2430 6678
3497 1381
5238 4821
9690 6543
2376 585
4950 7644
7589 638
4469 2146
6083 5759
1867 8953
2940 611
6151 9682
8819 6344
8594 1673
6105 613
588 8735
8633 4537
2619 7357
3386 3191
2716 5917
5870 5605
2126 9600
1463 418
1844 397
2685 7889
134 7813
4881 3749
3823 2802
7036 4373
9967 5629
9097 1366
8227 9890
2887 5553
4057 4497
7183 1321
5202 8508
713 4619
6734 780
5353 5215
6175 5675
3439 1836
7448 3605
5181 1948
9963 8196
9723 2995
2923 5918
3813 6996
3209 6474
3951 9422
9356 3695
6508 1962
6602 2275
797 8159
5322 947
8599 9202
5119 3450
8950 5445
3523 118
40 3117
2283 5995
5946 5302
415 9446
3179 3039
7190 537
6782 9737
6592 3732
6960 6884
5976 7028
3233 8668
9767 8615
3542 8068
166 6464
1741 2756
7150 7059
9319 585
6978 7088
4132 6378
9333 2274
5875 5106
7049 5173
8259 1688
28 5472
1606 3941
5305 5272
6897 208
2878 27
9346 7692
6946 607
3147 7291
8087 2859
9254 2121
1604 6946
2986 4244
4864 3823
3840 3294
3286 755
2114 657
6681 9896
5806 9745
5737 6059
7981 1205
5803 3699
9482 2524
5194 3617
8258 8437
2663 3447
80 6533
8818 8346
1952 9803
9504 3586
9419 939
4921 4577
5354 9342
6747 8151
2611 4218
6803 817
7224 1564
7766 8047
2348 8296
6794 5643
9740 7502
3803 5768
2433 1114
1961 6498
6109 647
9219 3061
1599 533
6995 3477
9575 1750
6451 8751
8138 7065
6300 2278
5279 602
1638 5006
3982 1183
7550 8272
1893 3768
4291 5288
9318 4770
8134 7539
9361 5379
810 9497
4664 710
4256 6221
1377 4170
345 8908
5088 2102
5031 5756
5128 8523
3171 3975
227 7278
9495 1236
8910 1571
6536 3318
7287 414
706 3581
8288 5050
4973 4775
2182 9191
3386 3153
5377 9702
4010 5033
4945 9424
6358 4143
9322 6172
1886 8692
856 2801
2934 8412
530 2991
4106 7676
750 908
5358 3996
2784 2835
480 6846
5794 4392
2238 2350
4375 9644
4169 8180
6965 888
8753 4615
2260 1561
350 4659
9322 9592
3701 5135
7009 5836
7779 5632
1312 8929
9741 4582
7450 9894
2862 2914
3303 8275
11 183
3577 9246
7028 5886
2455 3766
3929 4260
9773 5021
1858 7455
5932 4268
1784 2553
5665 5740
7764 8193
4204 7964
2780 3474
665 5559
3929 7666
2917 2195
3818 8979
502 3956
3456 1972
1870 2827
2487 2458
6010 460
4964 1078
2118 8289
3656 6870
397 5501
7794 3981
5245 9620
7847 7704
1870 3076
9899 3106
7048 3316
9571 6918
8648 9463
9487 2918
5013 383
5452 408
5300 6766
6878 6834
1733 903
8460 6868
1526 8152
2504 426
723 8924
1714 6687
9697 2561
2194 1675
3196 3976
6326 6307
9621 4719
1619 1954
5357 9500
9308 1808
7403 6395
8172 2027
6347 8774
5245 8530
6390 1645
6989 5552
3599 1882
5851 9979
9874 2267
6866 4936
8325 3436
2996 2318
5098 5661
6631 6645
8039 3133
3600 4911
2718 8497
835 1206
4514 699
9501 5869
6707 5677
3638 6426
7658 3170
5126 7115
7136 3489
5680 6887
1438 354
3379 2540
5939 7145
9746 9177
6269 1365
4429 6750
4584 4840
1248 3514
9396 8907
3956 9534
2004 6442
6606 467
8131 752
7452 283
6329 6150
6263 9390
8007 9979
1262 4859
813 2633
1409 3142
2027 8207
9107 4272
6582 9311
6108 3685
5281 808
750 7864
8825 4138
6141 6530
7735 9128
9933 8749
9633 3563
7115 523
2569 9232
4049 9764
5293 6069
3055 8260
5017 6706
4627 3849
7150 375
3922 4165
9843 1387
5437 3615
943 782
5236 8976
1363 5946
8876 859
311 5683
5559 6945
3788 5122
9422 8468
31 4899
5518 7141
8155 6900
3355 4322
5931 163
3674 7332
4666 4585
619 1205
7811 8652
7734 7947
7337 3623
7912 2284
7834 3227
4884 5521
6927 3721
8333 991
1940 3063
8505 7812
4963 8734
6819 3470
7928 5277
8562 158
1152 7292
7628 7913
5424 5053
1234 53
7528 9142
272 6117
6597 8893
6041 8030
8811 1013
5675 869
4124 2070
616 3036
9293 2147
2292 8150
2491 4985
8969 7645
4547 1927
4869 5666
337 7247
6439 337
692 5857
5895 2644
8514 5813
580 7055
6820 9743
5403 7855
6427 6324
7824 1042
6632 3972
7718 1846
5912 4689
4557 1787
174 1392
6862 5213
6535 4673
9810 8102
1711 1156
5974 6935
4222 685
8199 4802
5324 1547
9296 1314
6930 4427
643 8534
473 4258
9935 276
9499 3712
4867 1496
9905 759
370 1448
2242 2841
9657 5496
5573 3709
360 9685
3979 2628
4118 8847
6350 9235
9091 1821
1868 762
245 3902
7103 459
3847 362
2559 348
1701 8535
4921 6712
5418 6752
1883 7292
9103 1360
7169 3846
3563 1543
276 5870
8454 2413
7084 2311
125 7133
6973 22
200 5466
9855 5854
4253 4154
8335 1290
7902 7596
3237 4763
1683 107
7608 9731
3014 8553
2117 5981
8577 3128
2221 9728
4279 6803
4079 9394
6382 1698
1094 2778
5128 155
8253 2199
5805 4693
7329 1594
3868 8913
3256 3177
999 2174
4732 2962
9901 1709
9198 1025
7951 1985
249 3460
1703 1320
1059 8722
6438 9769
2274 2161
2039 2302
1689 2911
8097 8136
2232 852
3907 653
7104 2353
471 4783
7174 7442
3699 6531
98 2085
3854 8613
3540 8066
8332 5024
3473 9292
8934 5587
1861 292
1499 6591
7079 5385
4159 1054
2035 6751
292 9122
1732 7671
2092 739
7523 2220
2506 386
5796 6934
5189 6264
3422 5420
6026 3220
9160 9336
9001 1653
5835 1490
2210 1500
4536 7725
7658 4528
3093 5199
7172 2289
1969 8224
7029 3317
8655 5781
2605 9438
4782 7640
4693 8505
7383 1627
9905 9622
1832 2130
418 9954
4577 8146
152 3699
9824 7993
9182 4149
246 1725
130 6701
4809 3739
4151 9806
2940 9529
3953 7662
6616 2955
1676 8126
9489 2135
73 2822
9392 3936
2069 2193
7752 4486
6864 1928
1386 3640
7661 212
9988 6738
8610 8555
3890 2928
4851 1726
6232 5344
8639 6867
8581 8683
7110 6114
8321 8876
7977 1410
5579 8007
312 7776
2788 6742
7878 1759
3023 1949
4585 9982
6727 2833
2318 368
9797 4749
2729 8248
5138 2367
5165 7856
4394 3363
7819 6673
349 8344
8989 4109
292 1018
7267 2778
9208 8928
9721 982
9082 5867
7191 8484
6995 8251
3604 9634
6040 9281
1260 3815
5971 746
2555 5271
4807 7809
4373 5778
8167 4321
2487 4940
4519 1162
2725 8279
8161 3486
5050 8701
7113 9789
6941 2427
2055 5690
2933 2730
9274 7936
6958 1478
941 702
6067 2480
1276 5855
8780 3771
4113 1832
783 6864
501 9495
7262 8735
7537 9743
6056 4563
341 8910
2172 7379
8374 8770
4398 6386
3380 3205
151 6699
933 3241
8071 5660
5099 9653
8848 1124
734 5846
9281 1838
9068 7284
4236 8791
444 1209
2387 8851
6848 4347
347 1874
884 8248
4011 6357
4036 6345
2706 4204
7032 2610
1788 4150
3549 4675
3612 6157
9708 7422
5862 3798
6206 1679
2835 6155
7899 1572
1735 5229
4349 5120
3178 6935
7611 2216
2526 8961
2065 1807
8160 5710
5582 1106
5288 6429
527 959
562 2597
6283 2270
6038 2013
3024 1890
4881 4958
8302 9324
3349 3358
5216 8414
2501 2195
5278 5222
5452 1202
2689 6590
3516 4025
6620 8854
799 4016
8672 45
3210 8922
3367 1752
5956 5242
1943 6708
4615 4023
3847 7992
2726 8720
2538 9175
8237 561
9688 4867
8248 388
1968 3274
3669 6399
3506 9915
9238 2869
298 1758
2143 3522
5510 3925
114 8451
3565 4498
5803 9602
5572 4641
4834 7155
2079 4285
5516 3211
6797 4522
3734 2924
4586 1591
4613 4714
4451 555
7919 3506
2865 1504
667 6178
8373 8401
2486 2114
7065 9416
260 5242
6548 4892
8865 928
2683 6304
386 1675
5179 1348
4680 6491
4142 1656
2316 6351
6044 9031
6372 700
8626 7591
2029 9801
9795 7398
4146 8218
2214 2739
3915 519
4074 8061
8379 8170
7579 2752
4322 3064
4205 9267
9622 9429
1133 6585
9790 723
9004 8138
115 4423
1436 9613
922 6252
597 5862
4158 2783
3917 2776
2725 7819
9720 3909
1265 1793
6646 6513
5077 9106
554 6323
7412 9573
6779 8163
3854 8294
2942 389
1400 8312
9191 4352
2345 8944
6742 7875
7626 1992
645 9303
5510 6263
6003 520
3269 286
9970 8393
8978 6547
5016 8662
3872 5112
8626 149
7546 1671
7427 252
4809 3016
3093 5312
4248 7692
3039 4213
205 1057
976 1260
4259 9908
6918 2400
1950 4767
6172 5400
9253 3495
6068 177
6702 2200
8436 3317
9680 7146
7648 7879
500 6616
8578 2389
8872 2273
4336 2508
703 7109
4670 3124
5982 140
7239 2922
4423 7912
8603 2876
6544 6559
5142 7289
2775 5210
4369 9585
2420 4770
6219 6305
2504 7679
7515 446
7893 904
1112 2644
8703 1010
8723 4754
4141 6551
8852 9882
5223 7210
5974 5737
3502 3607
6201 5542
9153 8934
4109 716
5149 9786
5075 9602
7060 3591
1916 7114
2354 2099
8730 1917
1655 3376
6998 3912
9407 1519
3572 7878
8075 1610
9957 3745
7094 6725
724 755
3787 363
7445 1458
2224 2238
4438 867
8913 744
8921 3373
1833 2879
378 9813
4552 7030
4895 1416
960 5256
9114 4001
3303 7501
8077 4134
5720 8876
7735 3913
4221 5554
7644 3975
5544 6614
9101 4943
8275 431
2908 7845
8813 6001
674 1171
998 56
117 1510
2511 1054
6364 7313
399 2815
1339 9682
2070 9006
7399 593
6142 7673
191 3226
5555 755
640 459
2241 6425
6826 7520
8718 1850
7037 9235
4407 1324
264 2343
5264 7491
4933 6376
3409 1320
2971 5289
1225 230
3857 5913
5047 7226
4172 2506
1590 9678
4271 2167
9769 2206
2281 8578
1630 9052
8201 39
8027 8984
6755 8499
1227 2598
7820 4707
7735 852
1687 4208
4598 1312
1669 3864
1677 2475
4927 6632
9560 631
7062 6240
714 4084
3147 5617
2397 6378
1943 354
3546 4252
1442 6765
1018 693
7189 3258
4270 326
1644 6445
7526 9138
3884 1732
5533 606
5292 9019
1246 5921
8716 2088
271 7128
4974 7003
7972 5491
8922 2493
4926 4083
4773 1156
6313 280
4501 6181
2138 1327
4626 679
2074 9404
110 1858
2376 5265
7286 1359
8998 4560
1655 9585
2662 492
6034 4951
4340 2936
9378 5
613 8531
149 2911
1632 4207
2762 1579
1258 3408
5163 3596
3984 5877
4984 4270
1746 6145
8573 6587
4718 4392
5318 4166
8493 8398
3781 1417
7128 6089
3615 2709
1293 5895
3555 3485
3497 7192
3311 8017
3961 8122
2477 5261
5182 6387
5255 1656
4624 6248
903 4618
4665 1002
3627 6862
9363 2946
9959 479
7174 8883
9790 721
190 8056
117 2546
7022 1172
2217 9359
1676 313
8323 3326
8598 1561
3572 6841
2481 8724
4197 2673
1434 5611
7171 2810
1927 2288
5036 3080
9796 8062
9997 8171
7024 6036
5554 6136
1411 4528
7621 9812
4801 7306
5317 7330
9521 2696
9267 5543
3059 2230
9231 459
3058 3945
3926 1275
5645 7317
2120 3968
8187 8235
5545 356
5444 1147
2814 9435
7694 9361
1946 3178
7144 3102
8501 227
8671 8222
6312 1655
8259 6838
7295 1537
9496 1263
2967 948
861 9285
1096 7779
3257 6394
6183 611
7709 2707
9153 8144
9420 8093
838 3048
2418 8549
4155 1866
6007 4481
8488 3288
2388 1194
3239 4516
6303 3329
3214 4749
8477 3125
4387 183
8436 2601
1192 1730
1175 3322
3499 3291
1155 1575
9384 6117
9341 5980
6309 9393
5220 5629
3648 1677
2604 6335
7562 8084
9009 3945
9078 30
7998 4669
3449 7411
5971 4270
4342 6384
5290 7258
9375 5592
9491 2020
1614 1905
4358 6050
3655 3072
2965 1790
3222 1697
1406 6910
3908 281
5000 4624
4723 390
8187 8409
3728 5976
3560 9734
8055 5827
1752 9494
8851 534
3426 425
8115 6215
511 2874
9926 7157
2755 7493
8239 6560
5576 8989
4680 6717
4078 3765
9725 885
9435 3207
3215 7608
8022 801
7602 1508
506 561
1544 536
6199 8547
435 490
964 652
7581 5407
2585 7198
8649 5799
7464 339
9128 6493
6748 7536
8661 3178
3690 6743
4536 4353
1843 8107
4356 5989
1439 7909
4438 2855
2121 2323
6287 1000
5334 2323
7199 466
6033 6319
5887 1433
1700 7692
2358 7356
906 4373
1999 8165
8582 3233
7174 8644
818 9058
555 2227
885 7355
2646 7616
2024 5496
1876 9171
8071 2368
8787 1805
4067 2852
7600 8212
9281 981
1153 2157
1894 9201
1605 8722
581 500
8184 8377
5108 8827
960 5743
6889 4297
3545 1697
4487 6125
9164 3597
2802 6265
9421 3585
3487 8927
5595 3413
7413 9922
2095 3794
1095 4898
8756 4155
8981 6187
6470 4599
4992 4775
2187 4979
3114 1325
7494 2344
8693 3777
7768 3717
9769 8653
6321 499
7703 4067
6387 8428
1572 3892
7501 2149
232 9099
4061 9604
538 4807
8367 1510
5115 5574
4630 4198
2954 1923
2916 2287
1954 9895
6601 6411
1741 4611
2661 9284
7669 7845
949 1478
9452 398
8271 7423
9086 6365
5097 4636
4117 520
3508 1112
8645 6605
9028 4019
394 9146
7548 4144
7523 1311
9681 9716
1497 9631
8748 4788
7808 4178
3894 6064
3860 6247
8128 8634
4268 3226
1394 5991
1169 4664
7653 8232
7830 8845
6376 2163
4532 4090
5760 7938
694 398
4223 4917
3580 6129
6059 2394
9806 9998
9570 2940
9006 8557
3385 8084
1811 7937
1098 4505
549 3738
205 9724
41 3089
1923 6596
5448 8315
5499 6755
7200 1073
4345 8709
9748 2355
4551 7573
5294 6066
3457 1616
8420 441
9385 8320
8480 3682
1797 8547
2151 1477
4393 9133
1194 8587
4027 6924
1248 2821
7417 5798
7912 1137
6777 235
443 3244
3270 3461
6109 7041
5518 2114
7557 4067
6755 2353
5107 4914
2578 1893
2250 101
174 1575
8405 94
1622 6686
8420 8200
8625 7131
3896 8200
2569 3303
8441 2498
9167 128
364 1679
8660 7909
2438 1057
4373 6865
1401 6727
9477 2876
2099 9586
1482 7063
8200 5531
1419 5279
6716 1952
9710 1662
2082 8730
5538 1790
9113 4943
3093 7246
4971 5728
6659 9431
1382 9076
5452 5684
3381 3998
751 8787
9407 1512
7786 6723
7672 6805
6307 2752
8139 2868
5340 6161
9955 6894
6220 2387
6805 8003
5263 6682
8975 7161
4844 852
3400 5621
6343 7097
4699 1800
1819 6902
1533 5110
2495 6139
1654 8173
8156 166
1937 5971
1142 3884
6573 2471
1797 4516
4961 6268
3627 3441
845 1295
826 619
7445 7460
6286 6857
1988 7756
7589 4104
2982 9863
1737 1919
2703 1252
5174 4121
6628 9854
4541 2631
8300 123
6045 1151
7326 7238
653 6621
8448 5541
6522 8061
8124 5869
9471 4717
1099 9690
5064 1289
9596 5507
1235 2217
7749 3243
3856 5596
3819 3356
6003 1643
1931 9463
7839 3077
5827 9490
5411 9595
5791 6552
7655 1064
8805 2717
5616 7201
518 8253
6347 3902
1445 5695
9257 6052
5412 9153
3259 8158
5947 8935
3783 6184
5479 3319
9012 7249
666 9328
7928 2205
2901 4256
602 339
62 1852
7273 2963
8204 5172
9270 2665
6939 4378
2399 6911
3467 4988
9392 1399
3827 2350
6662 5022
2050 6888
9532 2025
7122 4812
4821 18
8943 9288
4575 9936
3442 322
7137 2081
7800 431
72 3334
7243 2823
4215 7612
5166 3426
8177 7940
5718 4661
7022 3612
8062 1615
858 7075
3655 1127
6747 3788
8053 4164
4459 2543
4362 4680
7775 7456
5480 2708
74 4476
6562 8221
7437 9483
7862 6444
3685 6521
4256 6015
1020 7366
3242 1417
4679 3470
8842 5908
1036 4442
3487 6114
8005 3686
9796 7980
3783 9155
4105 5025
4560 7137
1432 4894
3206 1503
8927 3881
2991 8144
5354 1910
6341 5234
8861 6837
1634 940
3709 3367
2088 8702
6924 9265
7371 6988
6949 8028
5189 8244
6461 3692
2184 3161
6644 8868
7045 2622
911 2876
1420 4561
1468 9460
4165 697
5647 9898
9691 7343
1949 1748
3358 6791
2284 5103
6713 3517
3705 3096
21 2986
8746 7181
9922 98
1534 5071
5387 4304
4362 4932
1903 253
1425 9531
3482 1873
9821 4238
4654 6024
9729 6814
1183 6216
7784 2045
8195 8527
8403 315
4511 8495
7585 2491
1528 2252
8976 7864
4758 9029
6693 8212
4099 6240
572 1927
9332 4828
9610 4055
1275 4636
2161 2893
5552 7179
1410 8549
7908 2418
5021 8263
9934 3841
168 6499
7565 8864
8524 9234
382 4644
4503 227
4888 3378
5311 5744
7110 5338
4712 7531
2865 6744
2734 5388
2650 1718
959 4755
6261 4289
3999 586
5597 2464
1072 9712
2545 8402
7486 9399
472 8665
567 2369
2683 3016
9169 7420
8829 4652
7489 2062
6376 2138
1578 3260
4254 1076
7249 5723
4393 3216
8949 225
725 8892
9701 9375
1233 180
4772 2647
3639 3581
2761 385
893 9797
935 7388
768 6747
5831 8101
1124 9456
96 7973
692 559
8909 8569
5939 1959
4097 331
7957 4049
2773 1739
2907 5021
1062 4621
6748 2889
2829 4987
4769 9535
4900 8774
1259 463
4209 6117
3441 6668
5305 9217
4516 6827
2531 8078
3815 5143
4118 6919
2558 9048
5080 2001
4310 7966
5648 6935
4438 6444
1018 6462
3852 515
580 9996
8233 9104
3785 8775
1570 903
211 9651
1849 6428
7840 5590
7701 5468
5351 9509
4312 3366
7775 6721
1811 2887
7553 3254
2982 9073
8818 5488
6292 3630
5898 52
4425 4838
171 9301
6417 999
6970 5178
4476 5032
8659 8376
4633 2556
4059 5760
2251 9908
5270 9886
5027 4486
3154 5767
5027 3301
2203 8457
3379 9323
6438 4305
8634 7902
4475 8955
5759 8005
4682 9634
100 7262
986 514
3186 6403
9955 8029
2277 57
4985 7428
9388 9452
5732 2105
1565 6008
6447 639
6860 3849
5814 7857
3022 7825
790 7279
565 8218
1246 5433
5065 3068
2518 696
3644 8283
742 7201
9525 6147
1909 1816
1184 4218
260 3448
8434 7229
7368 198
9955 7984
763 5856
258 1481
4690 8442
5281 7479
8216 5613
1903 7722
8407 7081
953 5030
5168 3861
5426 1572
5 2534
2821 2767
1610 6086
8241 6268
2604 4077
4244 1799
3653 4383
872 9881
7984 8077
1157 9989
3080 5470
8354 7106
498 2495
6888 6127
2489 8488
9953 9599
9301 9800
8437 5296
8132 147
6182 3585
6770 9828
594 2462
8121 9699
2675 1200
4246 9086
2656 7359
706 6815
8470 3892
6061 9758
1220 8101
3928 7219
3795 6367
3141 6683
8536 385
7159 723
6336 5860
4621 3923
6054 5874
9005 7656
2097 4645
1998 9583
51 6640
3552 6893
9534 314
9661 491
9023 326
1259 9532
8150 1011
3448 6302
5637 7609
9432 7129
9240 8303
226 5
6323 4536
1364 9620
1205 2265
9159 2454
992 4575
7371 74
2540 4251
175 4188
7819 2432
5633 6233
5145 9268
7353 3271
9244 6565
1555 6146
2567 7500
4718 8219
2044 6359
5544 7179
6420 4618
8716 809
5371 4553
7 5067
6777 2729
3081 4472
2897 7695
9765 7797
7921 8352
3174 2696
7980 5170
6517 8208
1768 6669
2787 8477
7855 2584
5094 3662
8899 7251
7049 2959
9722 9943
4840 186
4451 9037
8131 5074
9728 8824
5445 4019
2066 1619
225 5897
1577 7775
9822 6462
8934 5385
731 7890
8008 6127
6578 5806
8302 4931
3533 2973
6186 4657
3531 484
4775 3958
9497 313
7962 6095
5637 3553
3649 4972
9533 3428
2980 2386
1463 9073
2299 103
5872 7284
7166 6729
5045 5354
2971 1371
5265 9415
8175 9306
708 2459
5537 8047
7120 6134
3983 8470
4740 2388
8658 8729
8723 4275
2693 7270
8745 3664
6477 5140
9873 9378
7851 391
7504 2571
922 1791
4381 4637
3137 2133
7473 7877
3658 5730
4713 4512
1099 6446
7814 2891
2740 5700
2715 4710
7253 438
8328 6896
4690 4920
7238 2765
7964 5006
7244 1637
1514 7589
4631 6429
7368 3280
203 2138
3294 9672
6685 662
5609 6579
3030 8745
9825 2432
446 8400
5110 423
9330 5956
4340 5065
7533 1795
7324 3878
5750 224
9268 7306
7930 8709
1344 245
8588 9175
9071 9489
9279 6991
111 1869
3857 9671
1355 8785
1256 3537
7984 8549
6041 6648
6671 2049
1335 6203
5976 1165
7766 6980
9141 406
3683 5624
6365 2323
1164 5120
4835 7107
4404 3357
6011 8399
1799 8210
2153 5539
2062 4811
720 956
3702 6629
2984 4020
3936 4746
4509 9263
5238 268
6547 9632
604 3508
9314 5864
2679 5544
1533 568
9739 3533
9777 181
7850 4252
6704 9371
5415 275
9971 3855
6649 4394
6001 2970
7186 7288
6129 9867
3819 4759
9504 7024
320 5032
3817 9571
5693 9628
4561 3572
9408 8627
7164 1266
5992 9947
9828 6736
4530 5196
5808 1527
32 8799
1081 5361
9456 4935
4326 692
8930 3746
5972 1150
9440 8640
7083 4911
6948 333
6914 7402
1966 7726
61 3244
3280 1636
7189 19
8170 5586
298 3504
7594 7389
7812 1091
8394 450
736 3078
2768 1574
9623 6544
5541 1372
6331 9018
8172 2093
9101 7036
4535 911
8535 960
9247 8949
4338 8950
6236 9024
7223 7211
608 1641
9327 8928
8646 7006
6774 236
4604 9918
6176 3458
5718 9125
4451 4654
2968 5484
4710 9211
6393 8970
5420 8248
3366 3717
2364 6513
6840 6974
7970 6141
8986 4944
1114 8522
3139 7674
9978 3064
8119 6450
4511 7184
5320 390
4479 9340
7107 9335
740 3362
58 2242
510 1205
9564 7135
7276 3068
2444 3026
6238 797
9127 155
3653 8036
777 7049
5577 2894
997 1088
8749 2713
7235 97
4204 2226
5310 9858
4517 4185
1154 9461
3127 5133
7543 2377
1054 5195
8353 2154
8355 2930
9408 1960
5283 1787
603 419
5421 9469
2631 1326
8702 5253
641 3376
8588 6802
5411 1939
6931 4005
6775 9559
9123 4722
1143 9813
290 8903
5645 5038
3427 3014
3353 251
3374 970
8083 6077
5765 2208
5431 3900
8569 8146
8451 34
6258 5217
4702 7241
7656 4448
9339 8037
6804 2026
1327 1614
8985 922
2713 4518
8517 1523
5175 8379
6654 4388
7145 2627
482 7213
1311 2432
4589 9271
6558 3278
9855 5718
5824 8663
7934 5311
5117 4257
3840 5514
3564 7355
6377 6083
9404 9933
1546 1777
3350 7132
9344 6447
4300 5928
3078 4294
1526 2845
3894 2102
3224 1264
1646 8530
4747 2037
9420 4477
5439 9978
3124 5999
6186 27
5755 3425
9088 5941
865 4948
6340 381
2066 5642
6225 483
7336 4310
2936 1971
37 5428
9030 6957
44 8059
7819 8518
769 3062
9022 6501
7075 4042
2578 7555
4279 8969
3921 6440
4353 4140
7633 7725
9520 9839
8353 5229
7402 8811
426 1056
503 8350
6083 6225
6686 5539
6417 6718
6137 5774
6693 3743
8001 9334
5587 7440
2942 465
4755 9427
6942 5090
9239 5467
7689 7067
715 2282
5774 9261
6326 5823
5644 2680
2659 356
3426 1656
4998 9200
9092 853
2564 4319
2155 4750
5327 4150
7027 6657
4782 1199
7247 643
7461 9272
7917 2483
1662 7064
711 5352
7587 7449
2287 6393
9972 6472
4481 9819
3114 7826
4200 8224
9043 6688
5385 1344
9822 5975
7492 4550
4939 5533
8986 9094
671 7528
751 2603
1115 2212
874 9351
6190 9353
6646 5030
7562 3870
6542 7827
8551 6575
4233 2908
9840 9819
3074 8434
9422 8757
2622 1499
6132 3544
9597 1402
599 4188
1575 241
6400 9908
2015 8449
3928 358
466 2637
3810 9867
4002 2099
4953 4367
8102 8960
9637 56
1823 509
7570 3421
1806 5036
5914 1913
7588 9203
8299 2459
2712 5393
3208 2635
514 7556
9490 9113
5627 6952
9488 7720
3469 5977
5980 6287
1569 8346
5917 3476
9852 7039
4604 1251
9213 470
9442 9275
5721 3618
1577 3603
7293 4416
4540 5470
2838 6074
4419 3982
3919 8927
4101 9104
248 6298
6812 1675
1164 9482
9998 1586
4409 3639
9552 1735
6634 6656
4269 2589
4570 5071
8299 5629
5516 64
7603 3641
2634 7434
274 1824
323 5293
8409 7370
9093 8507
2415 675
4688 7510
4051 3893
3967 4384
7877 172
1789 983
3899 7729
7340 738
6730 3730
1401 6725
7461 4880
5848 2123
7721 8597
656 8753
2065 8413
2974 3309
6804 4520
3080 7371
9980 2698
7026 2609
1883 4580
5316 2990
269 2112
1927 9817
8544 7238
9151 8200
4041 272
7258 4331
6411 5632
634 5816
4606 7155
7116 787
534 1562
5351 5825
7336 794
5545 1111
4356 4656
9362 2341
6610 9663
2921 9419
5148 5163
520 7361
9674 3149
6280 4733
2098 1867
6442 286
3421 7282
3541 368
873 857
2316 1663
788 1690
536 7097
908 3328
8319 3002
9969 7323
4773 7403
9609 4195
4202 671
1438 5399
808 652
9813 2559
1372 7717
8721 468
112 3213
5917 4101
4813 6760
580 910
4508 6480
796 3148
7469 3451
5835 4486
6126 1989
7220 363
3029 5790
3400 5839
9430 3063
2671 5073
4472 6293
3289 4939
2331 5080
7188 3980
895 4222
8384 5457
9223 2608
3814 1487
1403 8660
3616 5282
7524 381
1011 666
8484 1268
3277 2722
9286 681
8385 1024
9314 4760
5764 1131
2893 5839
8207 999
322 4161
5253 1345
4458 6670
8778 2713
5230 7160
4749 224
2406 8531
9345 6917
3884 2725
4104 9995
5405 7171
3379 9352
4878 8914
8272 2457
1716 420
3164 8718
9536 9832
601 8374
6255 8989
7637 8834
5677 9206
3610 4474
6619 2200
1287 9536
1225 6464
3638 9389
4067 9676
9471 7293
2485 4147
7696 6570
9892 8800
9336 4132
8532 119
515 6931
9583 9285
7778 7205
3614 8751
5594 5482
7310 898
3643 6243
662 3758
1504 9430
9135 1590
5295 7858
6762 7819
2208 12
4800 555
8396 6212
8826 7064
292 7777
8436 2277
4622 268
1469 8142
7514 3007
864 2229
2879 3218
1036 8224
4907 9295
9444 4464
1755 8094
6597 832
9594 4443
1061 6528
8644 7614
4775 7722
91 5228
7860 92
5665 4486
6852 5822
3394 7834
1971 4733
5411 3031
8573 7632
2766 8167
9420 4355
3571 8566
2071 407
8103 5911
3122 7262
4060 1009
9117 7698
1252 7415
5251 8379
64 2261
2177 5081
6020 4344
6925 2355
9218 7966
1081 105
5832 8007
2481 6196
475 3055
9184 4527
8557 8548
4161 2742
771 6933
6342 8419
4377 1919
2593 2243
9026 6721
5197 8741
3167 435
5627 9836
6181 839
7182 9565
1833 5390
7142 4659
552 9741
8378 8625
3814 6676
8430 2921
8123 5291
4917 1065
8634 5055
2871 3062
4018 1008
7168 3463
2443 3452
3794 6253
1215 8387
9595 580
229 1951
4318 8943
1322 1345
8839 935
5012 7081
9739 9652
2522 6355
5843 8814
7739 1689
2791 422
2001 5900
3918 1381
5382 1686
6231 2100
1183 9401
3185 2983
2620 2914
9844 7425
9819 2745
5244 4198
4853 3974
5451 8829
4388 9690
6676 9721
6984 5017
8126 5857
8255 9088
9503 2318
2915 5882
6990 2495
3491 966
1748 9660
9919 2921
7673 2364
4203 2762
6196 736
1786 7547
3210 45
1797 1485
3630 8443
9436 8631
1134 8185
1101 563
593 3481
1217 7663
5134 334
2528 5815
7961 3074
3839 7187
5829 2060
339 1015
1264 6392
8908 5381
1500 364
9471 8400
6464 7697
732 8222
2738 4816
4563 9159
5031 9862
9376 1605
2402 7203
7620 6425
413 6306
3827 9387
8261 3706
3893 8945
8820 1099
9883 8325
5501 4475
8022 9831
8594 7831
6205 7438
7154 3250
6728 7503
2326 2739
1155 4496
2042 6496
1371 1323
1685 7234
374 8787
7199 971
5006 4242
7184 5107
5943 9768
3249 4744
8088 2780
5682 8256
6618 6548
5408 6061
4051 9596
8994 1850
1360 5880
7775 904
3287 9741
2090 712
3563 9929
7579 7752
8172 9220
5674 4858
4150 6169
9299 6152
2274 8452
8614 7178
3947 6526
7186 7480
8424 3764
4256 7228
6781 6034
7230 71
8440 9082
5556 5799
3090 9944
4657 482
4048 3938
361 7164
5574 2562
5367 2156
9286 4488
3130 5452
4288 1678
9712 8905
3199 9386
1689 8996
1084 8806
9235 1846
6746 1524
2216 9591
6544 3562
215 8158
3763 3175
5173 9351
7090 8900
1018 2089
7539 8950
636 6598
2198 6604
7891 3432
2508 4095
5047 5778
5379 111
3201 6915
1448 5121
8925 5492
6494 287
2798 1966
2690 7991
2769 5311
6405 1940
8695 9818
9564 6876
6867 1658
3630 8417
6120 5537
6613 307
4840 5969
9517 3286
172 8618
1167 2677
3094 6900
4183 8953
8367 6006
8229 8624
3804 3398
716 1833
8469 2735
5 6798
7013 7841
7684 4066
4179 712
4619 1106
5872 3568
1707 8122
9224 1181
9282 5076
3794 2043
8555 3191
5256 34
6588 5068
6969 9330
4018 267
1248 51
5689 8526
1151 7675
8291 3494
5687 9489
9667 5639
9263 9007
5350 1575
2983 3058
9162 9802
1933 9681
5728 4513
8333 8731
8355 9125
2447 9520
9947 482
313 4363
7871 3341
3900 7440
951 1916
9131 3660
4701 8895
2332 842
6154 3264
2382 6949
5773 1272
6234 7948
4020 9962
8630 4067
69 4437
1597 7092
9315 7234
3357 8330
529 6965
8422 593
120 2739
3906 6700
1431 7297
8473 922
4070 5042
2464 703
9208 713
3032 6521
9363 351
3401 9248
9026 7930
4241 3657
8089 7833
4691 2098
7745 1712
7483 6380
1920 2833
7799 3061
8598 4621
8874 7319
9778 7182
3268 3665
2112 851
8661 2825
6170 5083
1986 2985
1284 1131
2004 573
5016 7730
1737 6694
2930 9790
1441 23
2683 6566
8872 3733
4613 3229
930 9498
2406 514
8208 7505
99 3027
6693 4701
458 2155
7914 6736
5418 5835
5679 7790
2331 8499
4905 9323
2195 6777
3886 7675
2633 6005
5555 213
7883 9281
4524 4294
118 5636
4413 2169
3643 8415
380 2551
8524 1197
6553 1263
4463 5267
3011 9812
8853 2129
4831 5670
2592 9629
9933 1204
9201 1832
9448 2695
5456 7346
4408 7361
6350 9051
7578 1703
6980 5601
3286 1677
5689 9269
5000 29
4336 5405
3493 9418
4154 8828
3019 8385
8458 2938
4115 2938
6089 8510
6235 4257
6800 6619
9641 7940
9887 712
9 3051
7216 6902
4654 9742
1896 2525
9773 1516
3899 1281
8680 9940
8926 2604
4512 1931
3506 1756
3266 442
4455 5184
7439 1691
952 3899
7797 222
2194 5720
6984 1016
2730 8231
4479 6348
8183 9209
7926 1260
9779 1059
8726 30
8485 1236
5714 8278
5538 3719
6092 5365
3760 261
3474 2290
2374 206
2401 7920
623 711
2661 4679
5082 2334
4453 9702
529 8686
833 8176
6804 7002
589 902
8777 2267
9766 9211
3636 4491
6458 5140
6824 3628
456 3994
6391 8440
5719 8218
7378 2450
7431 7848
5736 8926
4606 2640
6285 5929
5466 4749
1670 7910
2935 4397
7003 336
9815 6250
1636 9605
1169 7551
2694 4972
1206 8754
2603 2402
5461 6693
852 2913
3535 3463
8102 7895
5493 5809
3613 9407
8845 7540
7280 1065
3403 7448
9030 4047
6502 7261
1529 9670
7568 4047
4523 2765
1240 1847
1388 4643
3549 4232
4930 6646
8954 6955
2615 9129
8926 5730
6821 2404
8714 791
3099 7715
7875 1808
3494 3127
2794 6755
2809 3372
7174 7185
4823 117
7818 3171
9438 3815
901 991
5935 8334
5723 7878
7331 963
241 239
5778 1017
7675 2829
1224 3672
5966 1169
7257 9935
7166 2009
9760 1349
3360 6520
3028 1736
7161 9682
5193 2549
5417 7227
9788 4640
1759 5012
5771 2845
2227 6621
693 4988
4625 4638
968 1050
853 893
2253 6831
2661 1329
224 3605
7714 997
143 6644
1541 2409
2467 6179
3805 9867
6790 8791
9039 9922
1127 3912
5595 2148
3436 277
3434 5884
4052 42
2410 6791
5779 8850
7138 7597
2210 9661
3578 8960
6847 9182
5748 5421
6958 6745
7978 6720
9315 971
9114 1882
4521 7980
8313 2220
656 4289
4613 5143
4402 5015
8409 5486
8295 4143
6572 5222
244 794
1865 597
7865 3327
896 3632
6381 6124
8836 6293
5718 5664
9779 6785
397 3507
856 2036
9025 3936
1984 2099
5588 6196
1952 3498
6612 7550
5819 4339
3092 298
6380 9674
2228 8727
3643 4614
7046 5872
4040 7835
7537 4969
9815 4327
7248 1689
8085 6909
6019 1240
7638 2716
4149 9152
4192 1626
6038 9367
4146 5131
8918 1470
3234 4162
5099 7853
7972 1654
967 6333
8812 6360
7861 5127
9545 6575
342 1655
1186 8528
9359 3634
7446 1155
5011 3743
9908 7495
7854 2965
3533 3694
8844 9984
1531 4476
7466 4312
8202 6381
1367 9124
957 3038
753 7629
8231 222
1696 1271
7211 7464
6356 2982
6064 4524
627 9397
7593 8283
2258 159
8861 5098
2231 2739
6756 3141
3229 9144
8210 8057
4137 8481
7717 3094
7307 4071
478 5661
7175 9359
3717 2569
2567 400
6972 9960
8586 3904
4622 5603
6918 2920
3913 2220
9678 8659
3219 4403
8726 849
3019 7658
5088 5760
4425 6642
9809 7160
9452 268
4448 6227
6695 896
367 1332
6304 8048
8883 1358
2177 2865
2759 4791
7160 8293
2648 9120
1005 158
834 4128
5115 8441
2378 2753
5511 660
4930 3244
1698 2672
9297 5424
602 3678
3706 3516
4676 2871
4357 9017
1381 2559
2035 8063
601 7050
4619 8691
6562 3004
5046 8712
6412 7020
8266 8479
7959 1013
7459 8773
9368 3487
2825 5214
7515 8101
3825 9623
7302 9969
784 5027
9012 366
5929 7401
1670 4636
3168 2783
3181 8988
2018 692
8665 4851
7359 176
1956 7373
9798 2142
3731 3281
6013 2885
1678 3550
7579 7246
1323 5186
1438 5313
5553 7926
9392 7961
2572 7665
3930 876
6079 8352
8095 6330
8156 6302
3231 1512
2385 3113
2133 6775
9528 2301
1130 7513
50 6757
949 2136
5532 2662
2463 2219
4292 7361
4407 41
5097 2911
4466 9917
9658 6962
3401 3159
667 9343
6649 7677
503 6674
5216 9850
6021 3474
1717 8285
2905 2502
4844 8661
5450 9136
2312 2104
1914 4852
3749 6362
552 5532
231 8215
9649 4190
2258 7031
3849 3184
9490 2810
9369 6766
9931 6665
4776 1645
3589 7509
1208 1652
907 5993
3789 9721
706 5128
4411 1055
2239 5755
7688 5972
2633 3082
4512 8316
3356 5503
6684 678
5182 820
6408 5550
8575 6189
1044 1280
8726 6393
6883 6121
5198 8892
5643 2352
2809 3925
5245 3989
216 1642
9519 9599
8662 4284
6610 1474
3934 6235
8364 8834
6337 8823
3366 4441
3361 2647
6965 445
9252 9185
8976 9200
4801 114
4731 2429
3708 9187
6315 1129
9437 2254
5489 3853
6489 5867
294 2056
9536 1043
7074 226
2028 8104
8700 930
428 3031
4397 3619
7122 3044
588 5680
3257 8014
7248 3625
9656 3354
2945 8058
1583 9512
912 8444
6699 3260
7615 3892
4717 2348
6559 2424
3004 8949
9780 5541
4609 4284
280 2106
5723 2806
6965 1803
8860 9964
423 3508
1611 723
7152 781
3101 6543
2616 5189
4359 4514
443 778
6819 8905
7390 3621
6073 4013
9378 9941
9775 5155
3623 3467
3606 735
4341 2808
8226 3999
2870 838
4018 1635
9419 7607
1603 6910
7979 2751
5951 9120
8360 8780
2131 4265
2813 3696
3628 5470
5753 4146
8026 1373
4956 8005
3853 8426
3998 6103
6906 8276
7294 4166
8076 5263
1529 282
560 8468
113 5820
5737 9217
2102 7127
9987 5843
5747 1154
7136 7190
2459 7587
6928 4665
3406 4250
3198 4533
3098 4435
2812 7991
43 9180
1172 2699
8677 9316
5358 8145
3060 1787
1746 2861
8279 252
1045 1736
3173 9950
7596 9850
4156 766
6234 1147
4905 2906
3176 1714
2747 4059
9338 4630
3124 817
3303 2961
5790 9067
6933 3551
7390 911
1267 2460
30 3571
8457 3125
8057 1475
7043 4721
9504 302
2391 8258
755 5666
6433 1918
552 6646
9204 8889
795 2486
2521 8387
2748 2209
996 7764
4299 9408
6656 639
1362 2349
6604 9620
1773 2619
949 1507
158 2880
4093 9470
6376 3104
6324 8208
8243 2518
7750 6678
632 1037
8622 4178
9737 3848
3778 6299
9077 216
7580 3795
3081 9720
4396 2174
6328 1336
1505 111
9947 8864
3102 908
6553 5290
4090 8166
2620 7596
2329 5784
7385 9630
8924 5022
7294 1851
9794 8903
1124 8647
8392 5187
9249 7581
5859 160
1375 8609
9635 8644
6977 913
6229 3935
5962 7258
1368 5767
5076 5831
1120 6012
8878 7555
6771 3678
8460 9401
5107 5949
9129 5270
8420 8142
142 9868
8887 1380
7545 5469
6425 284
7647 3288
6808 5936
6254 6435
6575 2641
4726 586
255 2999
3936 1686
7295 3710
8006 4413
2934 7944
7745 1138
2280 6195
5882 7855
5773 8505
6293 8506
9568 3588
4995 2961
4587 7450
4176 634
6918 8311
4154 9313
3380 7500
1752 8567
5157 3663
9796 5356
8009 8813
5725 5985
2940 3647
7540 2677
154 3025
8045 8647
8804 6926
6606 796
8420 882
8044 6939
1248 6606
8588 8569
8408 5706
1250 5105
4683 1358
3486 2775
4217 2117
4150 381
3663 2694
4858 1946
9918 8519
4888 4520
5336 4884
8472 9915
4198 141
9431 166
8235 6868
2272 1328
4424 713
5382 5619
9284 9361
2349 6629
398 410
4397 8950
1596 6151
3066 1268
3463 1316
7966 4014
7866 2302
2976 2273
5666 9273
3412 6121
815 2373
6334 9078
9598 44
2361 2581
6753 5314
8693 3327
3011 8739
4549 8880
4676 6052
3312 9572
5634 6657
7380 9297
8444 7161
3397 4891
9471 2262
2377 918
5372 8331
9987 3501
2607 4153
6000 6976
6277 3159
1638 4621
6015 7141
4431 5864
3848 7913
1110 7610
2192 7591
4808 4007
7070 4055
9547 7171
5646 6933
6504 7129
882 378
1569 6874
812 6315
9402 9512
1870 752
4355 8485
4791 4799
9623 7799
7708 7683
136 4109
8830 6355
2054 9371
5002 8511
4440 9181
3744 7135
2974 3061
9033 2796
8475 8275
8570 5534
1526 8691
4903 7718
6792 633
4246 8829
7997 2600
4612 6374
8865 1967
3312 2162
1713 7425
1988 8729
74 3290
9644 2505
4171 416
5737 252
6398 9451
9977 1214
6010 7810
5570 2224
3432 1160
7718 3982
5153 2195
950 5040
9417 9460
8843 9685
3806 1324
7307 8845
7209 5790
1488 9480
3464 9520
3779 5559
8297 6716
5985 2039
9964 7259
4518 9637
3834 6669
4749 5741
4759 3673
4508 7804
8969 7469
7247 8734
7999 2414
9890 771
1502 4442
6995 8599
4016 8380
5049 7704
4940 8031
4308 3234
2057 7394
7645 490
7951 1107
8821 5583
2671 1613
6422 4454
5503 3419
9814 6512
7140 6696
6376 6872
3847 4737
3802 5065
6687 7350
4545 8045
1374 2935
2596 4110
5856 9840
8868 2239
8310 1256
2707 8102
1123 2778
4047 963
3858 7176
9310 2544
3908 382
8241 5713
7096 3355
6814 8776
8406 8929
6685 8201
6998 4350
8256 6937
6124 5921
2588 2990
4675 5611
1449 7504
6909 2219
5351 5459
9116 8712
1798 2952
9945 1250
4070 3637
2201 7891
8377 9713
9854 3469
696 467
1496 1957
8572 6349
7598 4000
7905 8459
6414 2710
4651 5725
799 825
8891 7226
1363 1769
8206 7024
4378 4410
8315 6653
5622 8943
5596 9206
9982 2476
3598 9148
4036 9432
9221 3105
5017 7376
6477 8148
738 239
2976 4127
8351 6784
9544 6084
907 1213
158 8693
8233 4652
8124 2622
869 337
7395 6364
3245 2061
283 2697
5579 9696
686 1834
230 487
783 3450
754 8985
2230 2799
527 1575
2514 8772
4343 5238
2866 6889
6845 2040
2811 8291
9078 6218
9775 5855
4253 4781
3597 3035
2247 9328
3227 6307
3835 3116
5733 950
6642 4392
9403 3710
9396 9484
498 7186
6802 69
8883 9078
3773 3005
5349 1898
4532 888
548 523
5150 3871
7304 6484
1250 330
5931 759
3876 2116
4320 4346
494 3456
8598 9322
6178 2562
8240 1373
9616 3828
398 6164
5693 7549
3457 4360
6467 9716
1767 469
6945 3642
3317 7650
2289 264
617 8857
1963 4173
2930 9696
621 2221
7452 6554
9813 8718
7364 1305
1473 9610
1607 540
1136 8176
4070 4691
6656 1006
2595 5114
9805 7989
7287 226
7850 814
7183 1851
78 4867
3786 3207
2203 2854
5322 9714
3791 3920
5760 6658
9686 5850
5531 8477
923 130
8212 6919
3134 8711
585 2374
7155 8664
1351 7248
9132 4933
3541 1580
7457 2305
519 7267
4375 1287
5010 2394
2518 1316
738 2059
2211 2347
2643 4165
6817 7307
4656 3411
8684 1591
5445 2706
2318 8670
7344 7844
7531 4451
3309 7050
7966 2761
5028 6958
4330 5361
21 3725
3243 2326
1984 4269
8778 5212
7587 4810
1771 3777
8234 2222
4192 6414
8164 3310
3887 22
5281 4237
6807 1332
9253 7966
3153 6432
5311 9469
963 6201
7752 7085
4198 9133
3817 384
1449 5563
3992 342
4399 7300
2763 8229
7339 2164
1622 7837
4834 4612
9055 4706
2858 8359
6754 6491
6108 2457
4359 2788
6854 9959
5742 7754
1459 2944
6920 5968
9196 7397
9867 7414
473 6926
5964 2036
8741 8809
3787 5734
2615 9179
5610 2005
7309 4849
9089 5517
9108 6615
417 5133
8874 5817
1971 1569
9482 3178
9776 7194
9987 5830
1508 1226
179 1631
7443 2138
562 4865
6684 1824
3605 5837
371 1589
4229 5638
8805 3376
8962 5400
1372 5639
2118 5747
5695 6457
3180 4925
8079 4326
8932 9384
1491 7599
7891 7259
7086 7019
4208 6888
2161 3513
3831 9708
5382 5379
4355 9832
3304 3167
364 2401
177 9109
2058 7526
8349 949
1907 7638
6489 5482
4028 6425
2661 8305
7320 1756
4036 2169
2595 141
3884 176
6664 4961
3242 8482
1478 6424
8920 6544
598 6943
5571 5650
5571 3889
4739 5040
8852 5671
381 2546
7335 2815
7888 7787
1580 80
699 4587
2759 5602
9578 3179
6856 2937
888 1521
799 9841
3349 8061
2238 8637
2389 7778
8719 5503
4334 8596
2742 1465
8173 55
8620 2023
1245 7179
3009 6741
1648 3302
954 7761
2351 3499
7259 7261
3078 2907
7004 924
3816 736
1222 3762
8123 3120
3919 8241
3173 7167
953 6772
7139 4689
144 4062
4615 6427
9737 5732
6274 4015
345 9798
604 9962
2270 1776
333 8469
452 9624
9619 3934
8407 1221
6757 8101
147 6108
9091 3168
4086 4668
8996 6185
7683 1385
4716 990
2379 5612
2204 2247
7060 2652
7737 1087
1471 6723
1408 3278
863 236
2273 9600
5635 5302
3116 5979
5341 9676
7806 3500
7146 4745
5359 2526
3300 9992
9035 9533
6413 4771
8407 6509
1655 1742
5014 8754
8868 9920
8331 6935
7693 9758
6363 2670
5409 5678
3278 4498
1252 3593
6532 1729
9522 8269
1450 8949
6343 1030
1244 8326
6139 6610
7178 1423
8974 2440
3937 4494
5642 2475
119 7287
4021 3047
4113 7923
232 786
3568 9029
4954 8257
40 1437
2167 8272
3159 3280
8739 6404
2200 4226
3811 2283
8817 9452
9524 8813
7293 5457
2552 2729
7370 2280
4216 9412
6423 845
7268 5235
9319 2666
4726 2577
5365 687
7100 674
4188 5904
2876 6046
5140 6521
6082 1269
2427 5663
5417 6212
8606 6540
8878 1144
2211 7004
841 3890
1897 4093
7907 3300
3063 6427
1596 3128
4780 674
7633 3747
2996 4604
8000 6093
3125 574
2435 7450
6995 2163
5164 4391
7887 90
8539 1454
4238 7635
9932 4545
2917 1324
6152 5633
4671 3094
2976 7929
9458 5326
5448 5717
5033 5115
9351 1621
6981 3787
2346 3883
6100 3167
9182 3570
4953 7468
154 6588
4860 810
3923 8168
9791 8305
1766 4095
591 3195
6393 1404
1400 2493
7333 3532
1867 2633
9966 6197
3954 7053
5051 6251
1012 4420
4539 5320
9352 4814
8738 788
760 9191
8686 6842
7669 5928
706 9950
7502 5128
1097 4068
7203 3759
5821 1777
7775 8492
7126 4055
2633 6034
7229 1079
8183 2000
3261 3885
6980 7707
7889 1627
5926 590
161 2827
8453 9672
9616 7334
8403 5031
5289 6424
2751 9126
2184 9631
7509 5822
85 1832
9966 2693
5527 4514
4469 3734
4640 1980
7808 466
6319 2137
2763 7371
4485 6283
4148 4268
9967 9695
5414 4198
8498 1029
2278 9336
4850 2277
2625 8333
6515 6855
1395 2406
7445 621
5411 451
4855 9206
9343 1798
1571 7400
594 6990
1093 7320
2610 6794
3157 6485
8445 6467
5696 3842
494 6226
1440 1021
2684 488
8747 1871
2419 5624
1671 2256
8779 1850
5185 3734
437 2368
7765 5280
6208 6488
7703 7250
5008 4188
3373 8341
7794 5886
3880 5041
7646 4233
2355 8178
396 5818
6392 801
3461 7593
8390 6859
8541 462
1629 5926
6228 8375
4688 7825
1933 4163
5644 5803
4730 1613
2279 4947
5509 8197
2803 1946
2999 9092
8690 1989
8525 7096
63 3449
866 1643
5302 8870
9142 8266
1228 2715
3542 2399
1381 6138
5433 8611
5662 1316
7698 8744
5393 8768
6652 2418
2685 5821
1227 1226
2350 4816
1049 1435
791 6921
9487 3673
6038 6870
6247 338
8713 5484
8486 7042
9019 7570
7353 9760
2505 6959
5356 2455
5078 7612
2638 5528
9142 6466
3412 4496
4842 4123
4470 8258
6238 4779
955 9325
3302 1438
7203 9709
972 5767
273 897
3256 2566
3897 7120
3532 6258
9300 8496
1763 6155
847 6718
188 3597
200 6911
9663 6199
2623 4366
8707 9735
1223 5698
1488 1987
1896 9568
4144 4488
360 6349
9175 7020
9816 3263
5556 4804
508 9006
4641 4666
3008 3858
3849 2472
9500 5675
5745 2031
1938 7944
9449 1855
4921 2468
9092 4778
6735 5731
7388 2585
4958 3876
7297 2995
6612 7328
4390 9503
4807 6495
299 1334
2093 3105
5206 7039
5100 1507
7451 8157
6792 5222
6023 8893
493 1778
2846 6132
7194 9409
5024 3030
4105 147
1519 2448
131 536
2327 5314
67 4259
7131 8134
8888 16
1542 4886
17 3296
9087 9290
2815 7762
2766 4800
2843 7600
7054 4849
7477 5004
6738 7131
1700 5758
9450 5830
1747 1553
9847 8716
2542 3949
8432 3234
5417 2723
6049 7800
1063 8860
8961 8510
6155 3011
5741 7669
3607 4411
9263 906
4901 8654
1786 2296
1470 4823
226 5149
2434 7646
4176 3829
6311 7620
9996 1019
2578 1154
3796 9802
5600 6688
9354 568
1824 7455
9277 8510
4220 36
4033 8883
2268 3250
6234 8408
1150 4518
4957 9781
6546 3621
6600 7494
2898 3707
39 7503
8672 9638
6808 3542
9716 2586
2662 2180
289 4483
7857 9329
6891 7560
7045 1657
6826 7869
4031 907
2272 5245
7606 3148
2723 4015
8239 1851
5022 7069
4025 7977
6928 3090
4568 4893
4321 7796
1875 1820
1106 7070
372 8311
8680 8033
2642 7837
8402 1039
7247 1258
5125 8865
3048 7725
2180 1894
4118 1950
6868 9066
7185 4023
2212 2607
5130 4584
9764 5365
145 8970
8824 2803
7981 3135
5795 4144
9785 686
26 4101
7111 5375
4298 2226
145 8966
7330 8792
5379 9766
2487 7805
6068 2790
3301 1270
2675 8295
4211 6317
5144 9669
9267 3645
7649 25
2994 887
5582 5656
6742 9533
3358 4097
6443 7953
1141 2894
2171 8060
8500 8175
4742 4608
6156 9699
1412 3730
5272 3876
549 2963
4574 5515
7934 1093
5342 6566
2334 4454
7335 8860
1449 1351
587 5991
4417 9958
8660 9716
6522 8022
7517 6731
1821 4157
8144 9800
6241 3182
705 6304
1184 7069
5663 4708
4295 4992
9551 9382
7283 6295
9349 5478
8281 1111
9449 1264
1527 3806
2002 8904
1215 6191
3335 4970
4624 5153
8233 4308
2395 6591
4943 9209
6472 5582
2073 4571
7105 3354
3499 4236
3571 7201
3908 2858
4603 2668
718 5227
6335 1160
9085 3819
8755 948
7858 5668
6730 6487
6288 4248
472 5957
5891 2495
131 2743
1109 1671
1735 7551
8760 1403
8610 4376
7409 349
4342 804
7608 7937
4672 6329
5654 9733
5471 1986
5192 1081
854 2329
1261 2914
6020 8020
5295 2155
8812 5805
645 3092
1946 6329
6632 829
9730 1766
612 5682
2911 8015
7547 8879
6966 9419
3250 4780
6513 7914
2757 1720
408 1961
4037 1169
2327 4296
6478 8817
7420 5322
1316 5942
3571 6680
7531 2632
3831 912
4941 5176
2662 389
7057 3628
4691 1889
6629 3967
1679 9993
5847 5858
2152 3180
3699 2280
6289 3684
5980 4646
8066 8594
6058 1407
2686 3393
8075 520
1510 9074
2918 3587
7322 5852
8102 3017
274 1395
2582 9617
5085 8041
3761 6643
5248 2547
1327 3059
9120 8088
4605 3637
8660 8279
6185 7732
249 2145
4759 7133
8333 3132
1272 5620
8997 9066
6703 4018
92 873
6922 6247
3551 7093
9279 8773
4113 894
1082 5029
494 8520
6868 382
247 8792
8101 4922
1123 2912
2530 4224
4487 5254
9411 5339
8717 9803
9872 3845
2783 3835
7421 9371
3668 2999
2425 7261
8987 2081
7382 4352
3212 2200
8052 9263
8908 6899
879 6105
9135 8550
906 5627
7056 4056
2807 6768
2035 3473
3233 769
2998 7242
8619 1746
3418 2596
3692 8007
8175 3475
5791 4468
3288 7023
8236 7481
9143 3996
8325 9234
2885 9181
9216 1495
1739 5248
6217 4587
5180 1037
254 5219
3187 4793
2343 8531
9823 6813
9986 8843
9724 9128
5995 793
4628 1747
7365 8976
5124 1779
4532 6586
5546 3092
8464 8553
3405 977
3143 1143
4831 6229
9327 9645
4275 816
1421 6257
9928 3709
8082 8400
5486 6658
8202 8602
4486 5405
8713 9661
9688 5280
6256 4978
9107 5157
7043 9974
9311 3753
3945 1932
6960 7243
9421 2045
4853 3442
1355 127
9405 8313
8409 4161
8192 432
7320 7576
1930 4663
4437 8409
4101 8003
801 255
4142 3076
5824 4225
2810 5408
3094 1100
1711 3627
80 5832
6741 6362
7102 8762
6874 3835
1069 8534
5477 1573
2905 9543
6796 6084
2582 9829
5109 1558
3632 573
2028 1983
7064 5251
6370 5532
5231 8520
4537 1391
9115 2279
7436 3396
1338 2926
9138 2588
2558 5838
2789 688
9085 6391
5543 4974
8121 830
6899 4368
8158 6594
544 20
6021 6335
8349 8416
8543 3985
3833 2946
8677 6939
6445 5260
5841 9570
4746 8123
9214 9405
6361 8796
5264 3313
1849 1968
3904 2215
9868 130
9986 9962
2692 6833
4422 9591
2022 9704
7958 8127
7031 4524
1841 4182
5050 5212
9164 4698
4952 8429
1519 5248
7107 9262
3262 4914
741 5804
2243 9674
9676 6081
154 2957
2160 3744
849 9974
8521 6837
3300 908
918 8137
3756 5776
6892 9836
3088 5078
5765 9655
8792 6437
8783 2010
8959 6811
4853 2485
2986 970
7780 5830
4842 4149
2525 1113
9491 7690
6662 3386
7692 4400
9478 2287
7141 7346
1606 4480
4035 6848
2057 8881
3605 1295
3750 3767
4757 5883
3736 274
226 8500
8407 1839
4349 5066
6269 4954
6737 1319
5985 3760
8284 6591
6837 821
1248 8274
4834 3291
1339 9424
3941 2921
7711 2060
5702 6583
7807 4564
9003 9163
8069 3805
3298 9823
2016 8883
8510 636
2631 2940
769 4807
5567 4096
1979 2678
4479 9444
4258 8746
2549 8596
4648 5352
9080 4594
3840 9955
8415 4318
4039 9738
9950 9803
8158 1866
6036 6209
6570 1230
553 6438
5760 5232
9246 5613
8100 3296
5503 7437
5474 9571
8706 5306
313 5813
6654 2068
7979 5271
9962 2872
8433 765
2454 2822
1433 8571
8736 7059
1384 5538
9941 7119
8363 3993
2431 6138
2639 7579
5602 6309
1486 2852
4042 7564
3142 1216
2517 2386
3341 7432
9241 1498
4909 1440
6378 9682
6678 3431
573 4015
8158 1095
7666 6828
4919 3786
6162 5648
5280 633
3244 3669
3181 7994
2470 401
2774 6446
1312 3782
9924 1349
8109 2517
9185 5565
1326 8739
9555 5442
6178 9571
9907 1867
7371 1183
7213 9788
635 3950
5082 9939
721 3850
3012 1448
1136 6413
4129 6742
5312 7414
646 1004
6459 3681
9660 7426
5699 7488
1269 3884
6873 6469
9983 394
5485 8142
1370 4322
2951 9860
9071 6464
3709 3522
1239 2605
841 758
4830 7781
7911 9947
1423 1558
2976 2063
8946 7954
440 9508
5822 294
4249 605
3529 9827
6329 8791
1261 1864
9074 2552
7972 4587
6691 7700
2999 1625
350 6682
1819 2440
9438 8393
4427 2214
7120 5602
4422 987
6573 6663
6944 1163
5749 1193
5152 3588
5079 5133
8887 3282
2455 9722
8494 7667
8448 6127
2943 30
3068 1733
5292 62
5437 603
2801 4550
4852 8050
8298 7074
1592 1144
9326 9937
9507 7055
2719 5747
120 9764
8385 5635
8445 7474
724 9699
5909 9151
3943 984
5678 9453
151 5972
7902 1484
8081 6950
5632 9236
7939 2028
6589 7298
9748 2323
913 4478
4286 8465
9966 13
9296 9451
9129 8979
5285 1754
791 4970
8778 1799
4341 1358
5824 3842
7402 824
291 5075
5796 185
1857 5413
2602 8852
3839 5247
1810 298
5105 9005
8167 7374
1099 8884
817 164
9533 7858
9242 4999
1987 2195
8683 1427
3043 9598
9956 7012
6881 2445
816 2184
3370 3164
537 5615
3311 7963
89 9348
4744 2815
2952 4268
3108 8094
5988 5102
2511 7358
3010 4052
6637 3004
2667 395
9192 9867
5955 2416
9521 8406
8089 5647
6548 4059
3197 7841
2922 7022
3254 7584
1959 4659
7016 405
6576 141
1574 9586
7860 697
4828 8805
9665 3251
4548 1395
287 226
3019 6145
9713 3838
2981 8706
951 5685
9650 4350
8831 1347
9234 3852
3056 2886
837 1091
6897 4065
9200 6888
2890 797
3037 769
9400 6378
6614 8379
9838 6579
6095 1584
1574 9588
1082 441
7755 4989
1527 5671
6721 4966
6648 3436
2897 2163
8224 4092
8941 3399
6906 2898
4798 6502
1534 391
2954 3958
1857 4869
4109 7919
2521 7855
7226 2332
8949 8808
3779 9422
874 1448
5393 86
3484 9831
9717 2009
7799 6193
8344 6423
4642 4178
5718 1037
9929 3276
1631 8982
6677 9954
5096 2569
6485 5607
473 2345
3176 8159
5427 842
9236 5353
59 7653
961 428
8596 8763
6753 9781
6071 1256
8502 8851
8787 8042
5959 5914
6432 4347
9131 9365
1183 1335
6968 7572
8728 2922
6329 8578
1167 3084
1960 7170
9619 6959
4068 8432
4242 3188
8971 6295
3980 8346
5711 9975
6298 5864
1581 5728
3011 4079
7379 7328
2650 2221
3099 4748
4431 7288
8756 1079
4491 5678
1439 2322
7952 4967
4241 848
7930 85
9102 365
5235 4072
8158 123
2574 1197
1151 8366
8117 7593
7726 9495
1667 4852
5372 6543
1326 7957
6231 545
7623 5307
8443 8678
3043 7912
6694 5055
79 7706
3643 8683
1669 2268
2127 8563
1809 95
2870 7926
409 2548
7584 6044
4512 8170
6694 8890
1111 5338
2543 9215
3324 4476
3639 7408
6131 6
8811 5166
6996 602
7647 9014
2190 2442
5757 5477
4017 8226
8192 2091
7295 3582
3370 1994
2214 8650
1688 915
6477 8216
8383 4144
1676 5395
5095 7656
9570 4763
8569 3679
4344 3859
9546 5528
8430 8976
7614 7151
6275 9104
8333 6033
8799 8828
1503 8460
5335 164
6267 2716
9990 164
3955 8169
7763 6272
9246 253
5885 2577
8139 8688
2148 3683
5380 8608
1002 2707
5845 9915
6857 3095
724 4800
1133 207
284 9678
2792 8770
3367 8775
3421 8046
5542 4377
6045 3391
309 2000
1742 4286
2129 503
5088 8189
347 7
3813 5464
6985 621
240 7364
5990 8500
3619 2888
993 8683
4082 6769
7038 8700
224 3758
748 9889
4005 5578
4358 1508
5519 9019
3739 6930
4455 9075
7280 2081
2368 1757
8253 3776
782 1896
1901 5910
6261 1899
4723 4682
2539 1687
7681 915
2585 5495
9673 6424
321 9930
1482 5929
17 9327
1101 4589
5515 6628
2549 7761
8106 1457
2053 8059
4088 4295
5258 838
6490 8841
6777 1430
7204 6066
5488 9977
3599 4209
182 6519
5063 5101
3558 9362
6518 7113
2751 4814
5405 3778
1856 1422
7130 4128
4755 332
7056 7836
4727 8933
7626 9048
8955 7730
6148 2623
1114 2800
4601 4119
9005 6458
481 9783
4888 7791
4013 5152
5664 3971
1081 2075
4468 8335
660 451
5683 6315
9511 8284
4348 3532
9152 7636
4388 830
1660 849
6913 9982
258 6625
4603 9451
4830 4386
775 6193
6350 1641
1784 4006
9098 8630
3142 449
8109 5186
1985 2493
1190 6473
2322 8936
9919 4616
6425 7140
404 8628
6117 1358
4259 6838
1316 3840
7933 1023
3333 4938
346 7338
1421 7441
5471 4071
255 9719
5829 6938
4332 926
164 9425
3049 9646
2478 3675
3212 7672
7660 1254
8727 8666
2293 730
5662 6287
729 7941
9651 5151
5913 6202
440 2089
1254 5316
8567 9952
6680 2480
4705 6659
4704 8380
2509 297
2160 7292
6313 135
9668 8838
4219 2965
3547 8304
6045 2961
1301 6374
9274 4576
714 6250
5322 7587
4694 5441
9659 3341
6758 3159
5142 9598
9747 2536
7507 3883
5485 3801
6682 8465
737 7789
3529 681
4120 7356
3310 7401
8950 9993
8567 6245
3455 9287
2733 3433
1295 2322
6391 6133
7315 5412
9746 4952
3361 13
7135 1600
4562 3469
2187 3162
4335 4396
5763 4453
4637 4725
2104 2540
945 7525
5806 8700
7305 8123
2498 6016
5486 6873
1769 498
4843 6455
3314 8877
2015 8760
1943 594
2297 9499
5575 2738
4809 2498
6280 1916
5856 2154
9190 4603
3293 2216
6707 6280
5339 8778
9485 9542
6332 4046
7763 4455
8108 5785
9453 9618
6717 5492
3840 1811
7951 5877
3578 6425
2694 3725
8507 1930
4648 9217
9034 4008
469 5512
1262 8403
7581 4977
704 7634
5522 7862
7498 6950
196 3393
3470 5830
5555 9015
9700 1757
7003 6412
4202 4810
8623 7138
3709 5688
7891 7653
3498 7933
5285 6056
3563 1629
9423 1606
9071 8410
590 7604
9006 790
5163 4608
6266 7019
8471 5433
8450 4394
6766 5866
7875 670
2730 9180
7521 3126
3844 7829
82 5304
9370 9948
2371 630
5774 9016
3406 6755
8936 2416
4269 9605
7380 626
665 8658
9753 1247
6511 7243
3155 9735
3271 2908
2958 9640
3978 194
942 1269
6526 6183
2108 1861
1976 6577
5204 1439
3564 3074
3484 1907
4194 9776
4116 8922
3706 2179
572 8890
8848 4341
7147 3892
8756 3111
2835 8816
1282 1752
7270 4368
9261 9966
9248 8630
8269 2415
8006 2578
1800 7810
3552 8667
211 2928
9047 6471
8661 3542
7196 267
4523 7622
6258 6807
3075 1227
2607 1067
2184 3970
9179 1122
1219 6370
9090 6124
1746 3627
4086 4765
3879 3061
6550 4454
6445 6298
2108 1818
7408 8293
7440 3800
3314 2061
275 5725
5054 7203
661 7461
4301 5915
1701 6050
8589 573
5219 412
7931 8652
2272 5294
7320 5928
7874 3503
2183 7388
9967 2832
4667 3038
6249 7291
9585 5158
6164 399
1483 5112
2095 1174
6724 2526
3858 1106
7491 4026
3330 2288
7286 8519
6431 9994
4008 8564
7124 8952
2869 6348
2520 2088
2892 2756
9134 6800
5038 3505
577 4896
4796 9742
1520 9932
191 3349
3327 183
7718 4272
962 7126
4449 2706
3819 4388
8801 5735
1842 6531
114 5010
293 1236
1075 7495
4419 1965
5588 6599
7693 9722
2544 1655
6718 893
7894 8327
435 3571
7729 8362
35 7483
6871 2850
9614 7901
9843 8380
9920 6108
8781 199
8664 8320
1258 9314
8650 641
2585 2252
8935 6653
1585 549
1960 1231
2206 4484
3320 2423
7258 5102
6398 1766
8452 6926
1347 4473
2073 9378
8584 3939
6280 5332
9285 1036
15 9617
3042 810
2755 2453
7523 6035
7144 6071
2905 7056
1946 8988
5849 6580
3324 5724
1370 8569
2323 9844
1386 7089
4250 9086
2133 9283
8419 4808
9842 1212
1317 5349
9512 7179
9799 6951
4657 9301
2750 7423
5507 2143
4984 5359
4800 9081
2317 6561
4428 8067
5900 6920
715 8441
6362 6967
72 1350
6096 9020
4502 6793
3499 5050
177 3925
1344 5911
8263 3203
5163 3550
8174 8484
8280 665
1766 8360
6081 25
3752 2602
4786 462
942 708
388 4635
5678 6911
9881 6280
4988 9981
8568 1046
1943 100
9723 3893
603 4590
8311 4575
2718 4985
8194 8182
7307 6409
1638 6633
9421 6585
9332 6966
4707 6093
2271 7745
6882 4548
9864 1559
330 4134
3002 3659
4047 43
535 7110
2849 1538
8764 1255
7020 3934
6437 7820
3058 4571
1496 4171
2005 2399
504 119
6524 9674
4847 9667
1525 3773
5293 6916
6597 5541
4637 3164
316 3547
5383 4606
3428 3760
8784 9103
4528 4572
3860 4957
6152 3763
9723 6910
8682 8563
2641 595
9053 8684
6625 8195
3069 5621
2113 6095
1661 2670
7765 4248
4256 4365
4412 7523
4754 676
8315 4471
8733 7312
6606 2892
2845 6373
6538 9265
9607 2633
2238 4895
5068 3470
4851 4194
7048 8823
7660 3489
9772 2209
8756 2283
8273 8023
8533 9081
5086 8468
6460 5590
487 3820
6726 2876
3196 1136
5600 7310
5975 2208
8776 6053
9921 8419
4424 2413
8764 5650
3566 142
2228 4641
5365 9951
428 2971
462 356
8938 1773
8519 7149
9216 9285
7864 103
4710 9424
7363 1790
331 3927
3084 2840
1078 8749
3372 4503
5413 2483
1552 2818
7647 9702
6691 2360
57 8938
9041 2085
281 390
343 5563
9317 9764
7136 8040
8391 5007
4785 3484
1972 9422
2559 2707
9972 7785
2899 9737
534 4865
1805 6315
5759 5653
6880 28
1457 128
1190 7554
1873 5324
4780 9972
3327 6958
2972 805
3612 9707
498 9152
8539 360
3488 7550
5280 2673
2882 5729
8358 1936
3398 9414
3442 5558
4189 1138
7053 4614
7714 2982
9703 149
7906 5143
1379 5780
315 5023
7841 4382
4730 1178
7579 1211
5804 295
162 2594
7555 1373
133 910
8011 2235
2582 4739
2109 5589
8535 6747
8136 2616
3302 8970
5554 9644
7869 7182
9085 6756
2548 6719
9471 3585
8361 5673
6934 6827
9530 1170
1254 6983
8655 8465
8971 8347
105 3824
7254 9166
4703 6039
4479 2969
2028 8586
9715 7933
9881 26
1254 62
8612 422
6670 7066
9118 3758
309 1265
6318 5806
9325 9040
205 3966
9278 1439
2182 6149
1499 2211
4829 2154
9047 7797
671 2601
2188 9540
5403 3279
8043 8318
8711 8975
1784 5687
8577 7796
8712 7067
7195 7434
8350 5054
9899 597
756 6765
6648 2386
7777 495
9545 1838
7722 9062
2118 2018
8228 2039
3236 1307
4735 3862
3370 1663
4105 5470
1439 6127
2501 8546
6169 4055
3790 7369
8702 8403
7873 7969
5193 2019
5639 9291
6276 8524
424 4771
5815 5736
76 1730
5719 3517
5777 8881
5537 6001
4507 2917
6829 671
7061 115
2256 6198
3684 4648
655 9991
1566 7530
1048 2195
6039 6704
2649 3215
8763 2021
757 2944
9845 9821
4025 856
1157 9239
6994 6571
2402 7585
9909 6461
5671 2999
7443 4879
6347 1514
875 336
3610 8618
9048 5866
3085 1439
1747 7651
6606 3109
3071 2829
2971 5165
6088 2363
7392 1793
683 9341
192 948
7296 8388
6780 1228
7128 9146
6357 1544
9980 8573
2144 5057
8910 8703
9696 2966
4055 4372
8363 1191
4331 8083
802 6555
7167 4815
2909 855
8128 744
1027 7550
2350 3408
7730 3426
5708 5199
1187 8006
7708 3045
456 3709
6131 9293
8048 6308
3560 2757
236 1651
9206 7298
1170 7597
9166 8859
6629 3118
3558 7790
9023 9355
5395 5442
3062 1741
7972 4157
2211 3249
2362 2442
5256 216
8917 6274
3359 4267
1416 8991
2787 3908
5918 9953
6106 2680
634 5076
4578 1658
942 5741
6186 4643
8428 3666
1799 3024
3130 4348
9153 5431
3295 8675
3704 4067
8222 4291
8298 3602
4664 1447
2060 646
6029 293
5109 9638
5405 6455
8256 3378
3014 927
4672 4381
6721 1725
3011 564
3247 7590
5562 9091
9517 3367
5992 4772
4025 1209
5282 1768
1601 2083
9284 1334
5215 7460
6136 3542
3168 9814
4772 4822
6255 1143
8327 3934
5258 223
5505 8823
8955 7319
658 2373
6885 6594
9162 2559
2938 7936
338 4964
3372 9369
1664 7364
9026 8234
4468 8396
6950 9612
4387 3005
3126 6563
9984 4776
9753 4208
4628 2632
8194 7774
9070 6403
3727 1613
661 3661
2031 6502
4638 9525
9790 6265
6016 8700
227 9719
8274 6001
7023 120
5203 9898
9690 9859
2288 8008
4078 9070
9729 7596
1141 2475
5531 9
8716 1939
8693 8030
7485 3877
8066 8140
85 557
2761 1645
6540 6430
9036 6144
2942 8134
9405 581
8435 7035
7467 7665
696 2818
5171 6776
386 9013
686 36
3439 7308
9240 8389
3253 9822
5272 8553
5844 6549
4442 9477
616 8252
2129 2145
2580 5909
9981 8114
797 4698
9049 4624
5759 3949
3736 2546
2590 684
4266 2892
5652 1469
5687 3399
1463 1473
6469 6528
5118 8132
3409 313
9397 2792
9406 9803
2891 5797
8457 2284
2171 8173
6425 8773
1709 8580
9438 722
7665 9792
1418 2582
9764 2015
6677 9354
4271 4986
5037 3545
470 2055
924 4568
6644 9402
5641 508
598 774
1812 3758
4618 9215
8913 667
1489 4085
7218 6071
2288 9598
7192 5298
1400 7293
1683 8563
7247 8830
8863 878
5488 7667
2634 5363
5423 8517
5039 1870
481 4461
5326 5999
157 9360
7550 5517
8640 524
1463 4756
8496 4534
568 5443
4000 1621
5569 2417
7382 8984
8100 1888
1244 285
4941 160
3404 4490
6500 76
5959 6584
4229 9010
9732 9244
4911 9294
9874 5989
9632 1199
5891 2545
9993 7518
3999 1352
6665 9236
3401 9257
6456 159
7913 3678
4956 6107
6725 6956
8884 3723
5233 6540
6666 7152
507 1891
1168 7420
9296 8675
4128 6136
3094 2255
6037 100
6032 1860
7918 1748
4018 2475
3511 4232
440 267
2715 5919
4736 6594
6887 3214
9700 3884
8991 5493
4269 7659
4182 6239
9022 8191
4662 2348
2848 4340
7960 6616
4095 3468
8605 529
2773 6465
7688 7142
2505 4404
9634 3103
3925 5908
9906 7516
4400 3993
3776 9953
5260 505
7567 5210
1276 2677
4258 5353
5613 3676
7902 713
9814 263
9632 8133
1274 9847
7014 9413
7906 2695
7487 9109
3280 6813
1630 8239
9967 4309
8340 8502
3611 6838
2825 5474
7429 3499
7963 9637
2724 5925
2869 7377
6230 6474
5770 3455
3432 933
1247 9146
2586 592
9469 1445
6184 8817
9346 435
6447 9495
1574 7383
6350 2179
6182 3177
5288 5226
8881 6882
5904 2806
4763 6321
7647 3089
9931 153
4388 7345
8030 3598
7220 5564
388 2557
2641 2903
38 9430
2377 8057
3468 8111
9126 6227
1466 806
6722 4288
161 5807
4703 2659
7848 9860
3151 9196
2295 2982
2622 6084
4214 5200
6848 8995
9435 7708
317 1019
9924 7911
9547 9913
5364 2162
7772 5350
6702 5952
4543 7285
5364 7028
4057 9839
4715 4257
2660 5987
6320 4721
2490 8718
3935 288
9907 1701
4918 7055
58 8580
4360 8931
9507 6041
4395 9063
7102 3850
1724 5710
4192 6138
2408 1791
5917 6652
4939 7523
3817 7232
7661 6182
9075 1759
9896 2512
4419 6659
6197 7312
5884 1307
1961 2730
6130 4247
6473 91
116 5118
53 8893
2423 6724
5748 1438
3179 8337
7850 6572
6786 3888
4019 6426
5533 1158
6462 2331
6383 4136
1141 682
6741 275
9343 8490
5841 5819
7601 1941
2289 1609
9236 20
8948 6658
2923 4364
2342 169
329 2672
5468 5680
777 1439
6735 3319
37 3644
3942 9739
7597 109
5703 2315
6126 8716
10000 5140
4211 2136
5327 1484
7590 7779
3258 9751
4543 2316
5783 6236
1579 7951
4454 7808
7537 1874
866 4123
4506 3660
6236 805
8119 2050
4473 729
3514 4466
7306 9079
2835 8431
8318 7242
8424 9339
5889 8078
8574 8330
3807 1165
3651 15
9167 2713
7557 4198
7664 9023
6294 5857
8541 7350
338 1405
5268 8651
7415 5458
4261 1861
9902 674
8054 2333
2751 4516
6670 1132
8330 6058
9033 9044
7258 1604
1797 5118
1276 3265
4100 7074
4005 7182
4590 3177
3292 695
4403 3819
7365 4774
7440 2459
6592 3678
793 5244
7520 8090
8509 2943
1947 9109
1593 9846
2678 2059
3305 9551
6660 6333
6802 7576
2220 4700
4760 7628
4447 9317
7749 7277
4805 694
4833 5150
3222 5785
4837 4234
7864 8144
829 4674
5296 2957
4404 3010
4985 4696
6286 3146
5082 1826
8009 7228
786 1530
2774 4349
1703 2494
411 4546
1581 9996
2852 8147
6902 8997
6614 7822
1173 5073
5239 7233
2840 5338
5958 6171
1717 8366
3230 4910
4931 3187
5807 4679
3712 7592
8332 2362
7858 4914
2454 6928
4100 4136
6416 4646
6984 6421
3541 9667
6450 3545
3511 3819
5120 116
2698 7736
6149 6822
522 3660
2719 5757
8877 9069
634 2402
5054 8629
3316 4020
500 6526
6190 9520
6010 6829
6491 9367
4656 8633
5955 8422
266 49
6047 2789
2218 217
1121 7173
4207 8615
1069 3895
6443 1305
7884 3815
6416 1775
4887 1578
8480 8947
6387 6292
9899 6588
5586 5781
7795 60
1946 8442
5653 8600
8917 7048
8556 2579
6363 6931
9516 5055
3132 1284
515 2723
1650 5417
7462 5456
6972 9508
8598 5777
6467 1969
1929 976
9987 4756
3064 8764
3376 3489
2818 9116
9316 5502
8631 6842
2007 9014
9154 2596
8127 1728
2890 4244
9193 8830
683 6915
9838 9024
3275 4679
1719 296
6104 5031
6707 9243
9411 9232
4797 8900
4757 247
8743 4898
8807 9197
9030 3898
4520 1480
8729 4685
1715 8245
7388 7859
946 2907
1450 9379
1796 7488
3405 4902
8054 6330
7002 4545
2804 2341
7684 8437
9206 3663
9210 2542
1433 1287
8874 9778
6869 1561
4924 2876
6546 3256
6402 4678
2287 3556
6525 4598
5231 5585
6861 8911
3793 6536
6410 9334
1373 6800
6942 5070
3398 7967
7552 449
4039 9967
8155 4645
7919 6133
692 5086
7362 6455
2110 1637
8281 5864
7364 5210
7346 2293
453 5951
8538 912
8328 9400
4453 3081
9672 1038
7817 1258
3815 4518
7187 8564
1462 9868
1257 664
5742 3553
5631 2450
1293 7772
7432 2415
3696 7386
5942 3674
4654 7356
1666 5529
7874 9909
739 4341
6682 9255
104 5173
9587 842
8717 4974
901 3204
8457 3115
637 8960
8546 2479
7412 5910
9616 7849
73 4263
6394 9843
7142 6047
6835 1213
3993 1086
2629 8925
682 7579
5914 8051
6913 1717
1458 3873
8071 6397
1119 7562
7529 2266
1264 7626
8955 9930
9238 513
7040 6635
8695 7574
436 8732
5322 462
5395 7251
4629 2768
7133 4960
2105 7242
1320 7136
7133 47
6946 5386
2058 6282
6853 8106
1883 3302
3083 7889
7748 3116
7594 9753
5148 631
7405 9775
8315 857
6187 3421
8781 3872
7109 7842
5272 1692
5528 7337
978 3953
1347 7467
2671 6882
8987 8754
9687 1282
108 5366
4362 6004
6055 7967
5213 48
9548 6421
9632 424
4571 2905
5288 6274
1828 1749
8051 1482
3192 8992
3720 494
8564 9082
9944 2103
1367 3304
1865 7920
1913 8346
3080 171
6077 7957
6262 1693
1440 3802
3825 1891
9424 5457
6591 3194
7854 2572
8221 1931
9419 4264
4613 2797
877 9921
140 7880
6097 6596
8154 4323
1554 4097
9235 9059
9992 5444
8872 4425
4191 2554
2109 4456
5696 5380
2938 8055
5854 5716
9618 1533
1361 7172
4413 5564
5340 3055
9112 7246
6041 6314
3202 8217
4334 3973
3200 7039
6421 2614
45 8448
4597 6498
1722 9559
2948 6126
8079 2522
9520 5205
4577 4855
9330 2601
3940 1223
7777 6818
9801 4967
4261 4744
9923 6512
4949 3563
6697 6271
3889 3555
264 9546
6249 2297
9361 8006
5032 4556
3329 9957
2726 4617
9141 1560
2198 3158
5129 6445
627 5657
8485 7518
4507 8197
2073 5092
8663 4738
2844 5714
1455 6975
12 4041
4422 8480
170 2226
7186 7170
9187 5685
2782 5502
8521 4724
3390 8806
9292 5057
8462 6061
1164 9004
8917 2899
7054 3939
2773 393
4176 9817
8149 6320
940 9581
4264 2464
571 7127
5724 3407
5244 3718
4913 8379
8478 2927
4105 2625
2280 6057
8681 1793
2593 1294
8820 883
3083 5303
438 5975
9261 4393
174 2841
842 1353
1415 9024
1751 7537
5235 5422
6671 6961
9414 7202
2299 6614
4688 891
3542 7763
6509 1753
5313 751
5411 3318
5423 916
6889 3449
3040 8258
5191 2227
9558 2776
583 6756
985 8764
3401 4315
6533 8711
5649 5829
9628 3861
4493 5740
8508 2450
2778 8676
5895 3919
1233 1748
8191 9844
8228 3661
5480 2162
5862 4623
2015 6801
2897 7231
2230 9222
549 1090
9092 2707
9007 6190
5643 5264
3035 5640
4207 242
4057 4228
8513 3924
2174 9344
433 8104
2149 3764
384 1312
4458 774
4760 2544
8780 3453
2391 739
8701 7081
2966 6302
7573 8604
5569 6553
1714 9986
7283 176
5786 1364
3773 2238
9114 4689
5801 261
7670 513
1080 1209
8603 2820
9956 4866
8469 1618
181 2789
913 9793
8178 3180
2098 9902
2658 4476
4396 6503
6092 9862
5575 4059
1503 1701
8496 2244
4876 928
4861 6150
9331 3174
3898 8227
956 9840
185 4540
412 819
2156 7333
210 1313
6388 1529
3412 5765
1394 5311
6904 608
6424 1479
6849 2032
3393 4390
7184 7569
3597 6024
6654 4864
4285 8278
793 379
3434 5603
8625 5595
1490 9398
5005 7519
2795 6708
3643 2533
3509 7508
5172 1958
9669 6897
8033 8438
6938 8846
4692 8953
5472 5824
1471 9835
3651 8188
5466 3282
8485 2010
3633 5231
8907 7031
5248 557
4744 7921
1209 4405
159 2965
1499 5619
4199 2323
5290 3395
1247 715
6355 569
5322 4241
7869 2031
253 7232
8223 7739
2767 9392
7847 6011
8969 9841
1297 8407
1649 7921
2688 9099
9498 3097
8224 2807
5960 2733
380 5629
4378 2336
4113 1768
3390 7797
7892 3356
4542 5700
765 3675
4063 3209
6841 5179
3222 5989
9606 2969
6949 9697
9813 7460
8864 165
8085 5966
265 5725
5294 7863
6432 2670
5021 9431
8797 3098
1813 6797
5364 445
3618 3862
9095 6133
5969 8719
9081 8825
3188 6135
1911 7753
9789 8153
5182 1667
9241 7330
3292 4065
7829 6688
4085 9268
9320 8329
7433 2420
4048 6791
6273 3155
4239 8918
8846 2456
2384 562
2368 6012
2632 4831
1564 2309
6991 3946
620 6897
8147 3421
73 9858
3127 3255
6211 7819
5668 4640
778 837
202 9732
7185 3573
615 4509
2069 5073
8901 3249
3618 9199
8817 7440
3314 3549
399 8680
2828 6655
6251 6660
1291 1532
4393 373
1886 6757
2300 2519
5092 1465
9303 9652
7328 1540
7004 3002
7560 4528
837 5344
5076 8743
8352 9751
2823 1461
9713 1534
4589 5337
6175 3658
6082 557
6591 3301
9425 5278
6610 6903
98 1894
2712 7598
3702 9233
8429 3368
2966 6126
9565 2462
4351 6038
5832 23
7654 8765
6203 4478
191 1127
1249 8668
791 2478
1150 4740
7853 7858
9665 2553
849 4423
6652 9074
4249 6259
1657 6661
5551 8111
1078 7035
8082 4477
6101 3286
9248 500
7421 8979
9391 8929
1498 3997
7573 3963
3963 3873
5242 4033
4210 5775
9941 7590
8638 4976
5242 951
1630 534
6978 1585
1922 5180
615 2817
8316 4973
5163 1425
9037 9512
8632 3360
2034 1163
1473 2532
954 9568
6658 2112
8404 1228
5512 9040
7099 8390
7883 634
9137 56
9377 1339
6999 9460
903 1277
1690 4209
5902 7885
5851 1701
5304 3643
7671 2793
6315 6699
6327 5621
9543 5888
7530 244
6331 8249
7761 6312
2434 3015
7879 1537
6783 1273
5872 5623
9202 9048
1141 7661
9700 2408
4060 6698
16 7548
4280 2893
7037 6777
3540 1251
8675 1065
1608 8935
2361 9933
2053 2426
6189 9476
993 2097
1294 1669
8163 5625
8600 6693
4611 4257
6233 5838
961 3777
8258 8523
156 3772
2022 4495
1580 8924
8682 6248
3424 7029
5546 6120
7403 9023
7330 1133
1760 2421
8413 4794
35 3123
8439 6750
5119 42
2166 4220
5879 4889
2637 4374
145 6624
4260 991
4826 1236
287 7539
1759 7981
9009 3371
5526 2003
5281 1949
6621 1667
9285 4067
1471 5743
242 9207
8097 8349
879 9599
5167 6334
5142 1117
4870 3620
9097 3885
5812 7325
7023 9372
8484 3552
6298 7789
8734 2379
848 8248
3665 543
7182 7446
4236 8685
2173 1719
6241 5030
976 4531
4854 6202
8990 7411
3223 8341
5876 6285
9475 6779
6908 2560
9691 2706
1705 2994
3816 9021
2240 8317
4402 7247
6992 1345
3607 1361
5858 4374
5757 8706
4278 8150
5092 681
7973 5041
5992 3293
5785 7585
9841 1373
9142 8773
5912 9358
2863 3124
288 8795
6133 3949
3205 2410
6609 8307
2423 96
5634 2187
8802 7458
7925 6090
8794 4189
367 7350
4016 3806
1314 9878
5767 264
2957 6142
4138 7156
2437 6355
9465 1999
9257 2938
881 9908
7414 8919
8918 125
4353 2105
8803 8728
8671 520
5328 4158
2694 5615
8886 8643
6919 4185
5337 6323
2262 4849
5567 839
6416 3077
2681 5715
2248 5248
2752 4521
5734 8821
472 912
4300 6705
5851 8407
9499 9990
2696 2836
2105 1390
6041 5737
1193 3660
4718 5472
9183 8573
3095 49
5754 2804
297 7420
4920 5335
4543 1501
3024 2504
9684 6176
3692 4222
4118 4699
9115 8548
5340 4946
8537 2487
5457 7292
1771 9864
3864 9493
45 7082
8710 9805
4846 6985
8397 3472
2168 9717
105 6162
8024 2518
7396 6279
7348 2848
4974 3997
3876 9761
4466 8319
8973 8347
795 7808
2674 4461
2373 6093
9262 7061
2195 9659
9347 7323
3183 5737
9011 6228
7 759
1364 4441
5254 6102
7433 9253
5834 6207
4495 5374
2195 4273
1402 6856
1196 7602
5201 5068
5527 9889
6751 6325
1657 9644
1492 5938
3886 5848
1329 8170
3178 4856
3224 9927
67 958
1642 6802
1082 367
8661 6716
3766 3720
8994 2372
6707 7474
377 30
8026 2985
1910 2578
2752 771
9436 1795
9699 7643
6720 3224
8191 5471
5693 7691
123 2154
9175 7653
3681 8733
838 869
8997 7192
5475 2068
580 2657
2950 2669
3374 9913
4224 2256
8291 2124
582 3804
9066 3074
9372 9994
8146 4523
4240 9326
9929 7293
4308 7860
1225 6942
4421 2687
219 1907
4294 973
7986 18
9326 732
6292 1687
5205 8147
9357 1439
981 1579
9973 7805
337 8578
9690 3794
1337 8067
9442 6277
5240 18
3054 1358
9125 2572
2972 2390
2829 8994
3255 27
3720 5537
4175 8957
9341 4708
6346 2415
6621 9973
8307 1253
7896 6387
3265 7910
7941 3513
5637 7996
8368 3658
7553 8141
2984 2084
6248 5344
5695 6483
1520 8394
7674 4190
1685 1146
8213 9065
3081 1488
2710 1403
1336 5377
7974 99
7948 2853
5368 5264
4864 5840
8789 2681
6999 7491
1562 5433
9516 6894
4077 415
3159 4624
8359 9084
4337 3763
4308 1994
1811 9156
1114 5997
9803 6714
442 4681
3852 8435
792 2313
1536 7975
1875 9559
6866 4427
2405 9307
5975 6744
1435 8462
3306 7852
4018 8974
7559 6817
6446 7671
8651 1182
5475 1509
3118 3597
2913 6239
1921 6364
9434 1115
4231 8257
892 4440
2345 2570
6915 7540
6853 6630
7055 3737
8269 6391
8184 1618
9576 7846
4337 8727
2881 3046
9113 2346
9137 8526
3989 6250
1889 4456
452 3704
986 7383
4760 1830
9780 5724
5566 3727
7814 8448
6606 5193
1509 1675
8554 7168
9440 6715
8233 1790
4082 8493
7657 4385
6805 8772
8830 8443
1963 847
1108 5773
4372 1134
1339 4273
1374 6387
3336 3458
9859 8835
6460 4483
9338 937
9124 8757
4595 6282
3508 7435
5376 4900
2243 3294
7343 8855
4269 8798
7977 4496
9164 8799
1996 5750
1594 9874
6371 2676
2127 7590
9978 1969
2007 416
8613 9035
190 8788
6514 2463
2471 807
8746 9860
8238 7981
6572 8853
8619 5755
5675 3659
1320 3107
3595 5678
6411 7523
2985 3326
6438 7608
3369 2751
705 3186
9820 2167
9578 942
166 7320
8387 2760
3777 7850
3585 4918
4192 586
7456 2165
8475 5942
2611 9182
6026 8365
9548 596
408 2491
4128 3421
5451 100
6118 2120
6491 6675
7613 1239
5931 1137
4001 2368
2428 1938
2468 3783
278 4948
6530 2159
3314 5458
9658 3183
2844 4959
5244 2556
667 7361
2353 465
4039 330
6544 2609
8879 504
5017 6355
7445 4184
9143 4846
8935 9538
1499 5394
9316 3833
2117 3645
4293 8380
2345 8258
6855 4958
589 5437
5092 9915
7143 548
3020 3430
5056 1100
3076 1476
8453 4854
9928 5844
6095 7553
5244 6065
110 9919
3480 84
5910 783
2542 9487
289 320
5277 9097
2959 2634
3787 493
7982 9005
5742 5623
1434 3270
3215 7425
1290 1549
6002 3169
9398 2758
4809 9192
1050 7904
515 9649
1147 1933
6009 4224
9667 4138
6984 642
8832 1782
3222 2205
9170 7622
3776 6184
2915 5108
5870 2971
6309 7167
7283 4296
1990 6821
4518 3220
7898 4938
3203 7019
2889 8324
5607 6510
9613 5675
2945 4281
9034 5133
3245 7046
500 9686
9338 3771
9698 9989
8909 3048
8249 4493
3152 4437
7325 6874
2743 5949
7760 9267
2212 1273
9342 7416
6811 4183
2278 5626
8606 9144
6374 2163
8695 3373
696 124
2738 6488
7107 7127
5968 1985
6417 1569
7596 5450
6448 1508
9241 2079
4737 9249
4356 4041
1031 1438
4092 2522
7438 7654
3038 7772
9025 5345
1422 5413
2316 9551
6676 6990
5142 1368
1740 8941
3236 9933
9527 3646
740 5326
8426 1862
8269 1515
7834 1531
4035 9928
8694 8857
1818 501
7927 9284
9323 510
1080 5279
879 144
317 7299
373 7762
1242 7428
9377 4894
9344 2983
2913 2973
3430 6409
5260 4136
2563 2043
5841 1110
2202 1634
7806 1917
8185 7456
4108 4624
1585 2285
5132 4126
87 3167
306 4145
219 6488
4670 1432
4455 3756
3 2577
315 3337
3930 5825
6815 3862
460 5760
4075 8169
8495 9439
483 5591
5232 9958
7014 6802
8992 3707
9698 2789
9783 4156
2223 4397
7740 4220
5417 7444
5434 8236
671 4366
1870 9825
3488 1126
4038 672
4050 2266
3059 8277
4181 130
8276 316
8647 9291
9998 2961
1425 6166
2559 4161
5232 6163
1362 1406
623 6289
5188 9198
5319 7582
4384 1547
5054 9654
9147 105
6425 9522
6294 8845
7002 6907
2837 9258
371 3771
2676 2469
5351 2923
9642 157
6908 1810
5898 7758
9945 7535
7253 1645
8686 5930
3683 1819
5762 4238
5865 2802
5055 3371
1187 1361
3119 2046
8466 4313
7446 3257
8115 8286
2179 3025
5359 289
5880 970
137 358
5152 8148
4662 5538
9879 3192
8728 5431
3603 5744
1209 1270
4572 172
9966 6427
5 5091
8798 2335
5911 3792
778 7709
376 1938
3403 8542
2211 6371
2805 3980
2880 3344
5445 3897
276 5680
4182 240
7859 1211
3128 8196
6567 7283
1137 6755
6454 3993
5067 2517
2083 5581
675 4461
1773 5027
9427 4370
9410 4009
485 2210
709 1501
9582 5844
1841 7469
3421 2907
8660 7942
7384 6876
3775 9210
4400 1932
2 6504
2905 1922
2825 3001
9423 8899
2696 4929
8976 9919
691 6834
9193 7697
7531 9900
8698 3740
4748 2571
9379 6667
4700 4480
7466 3312
9942 8677
4568 3303
1022 3502
2785 5891
4413 5055
89 3314
9547 8155
204 2444
9223 964
7657 2683
8464 9396
5193 935
6751 1776
3835 3746
1 7635
3648 6035
2216 5475
576 2958
9354 7809
6534 805
9791 9974
5064 3449
4995 4284
8637 6192
766 1462
4339 6389
7689 9058
2649 7157
8229 9884
1293 1773
6173 5157
2504 8959
3268 3967
6481 244
3598 3478
2434 7746
5541 2977
6517 6250
4731 5497
9410 493
8578 4454
8577 9249
1148 6104
8300 325
9853 2770
3627 2269
6573 2057
9813 6551
3789 4805
9547 3135
3761 6645
4904 3810
8600 3841
475 3512
4728 9760
5195 7637
8808 176
798 3973
7702 2105
8955 8398
7377 7882
3829 814
810 4129
7546 5528
4841 8818
4850 8764
9339 8942
1134 8363
8788 9373
8154 8470
1672 144
2421 5363
8668 7747
4900 2217
1457 4623
6121 6025
539 9594
3429 2251
4584 6054
9640 290
4019 9341
77 1451
2492 6053
6777 7060
2547 568
66 439
4768 8763
2218 9388
1224 9109
6957 9933
5220 3283
8929 5492
7044 6482
9907 2195
3746 5238
7903 2893
3151 3391
370 4028
171 1979
5969 5249
8365 7687
2545 505
6739 7502
7233 7910
8491 9879
5158 7031
2915 1922
4765 6583
7887 9258
3523 3657
7262 959
4883 1750
2822 4122
7270 5483
3194 7147
8503 6391
1946 4376
1443 6115
4353 8629
2422 2961
7349 2959
6424 9143
5251 799
926 713
3129 3338
5715 4271
5100 4071
378 3178
9052 8346
2758 2804
3051 9562
2741 4546
616 3463
4511 9310
3250 7096
1355 9531
3559 9608
5168 318
2069 5625
8735 2491
6707 4770
6710 9437
976 572
8768 234
7881 8980
3591 1259
4067 9359
7126 3350
3637 5960
1066 9725
3242 2403
9716 9752
2896 9629
8504 6371
3614 7587
3850 9146
7206 8083
7615 3070
5366 4052
7723 3857
8574 3547
1305 5855
2519 5257
4423 3150
3114 7170
1340 2693
3425 3669
8520 4610
2104 2947
1506 5132
8294 8525
2781 2192
1127 9580
846 1255
2366 7819
2170 6312
8903 2928
4719 4596
3589 8743
6657 1242
6422 2451
6094 1069
5052 3616
1082 8823
3591 4546
1878 300
3877 9504
8546 5453
1533 8628
3882 6924
9869 6232
1302 5750
1308 955
75 6175
9061 959
9741 4325
6533 1229
5209 3304
6222 5884
568 144
8327 4978
3499 8158
5750 666
9278 2135
8803 1716
4217 9708
8438 5892
5825 1961
5422 709
6114 3243
6669 3948
9892 5633
3811 9164
5893 3406
7622 129
6311 3212
9055 4132
3849 6615
9204 1142
1905 8477
5561 4566
2665 1714
1384 3324
9439 9358
9056 2982
6098 7315
9870 4895
1391 1445
8245 4348
2310 8250
3552 8110
4511 841
7556 4939
6686 4790
356 2296
9493 9504
8018 5090
7893 6862
2265 1150
4126 3087
7932 5005
3707 5825
8578 9489
2756 8180
3509 8702
8797 3451
6400 6475
675 7313
872 7589
4499 4010
8455 552
5921 5576
9531 283
5682 1616
1516 3418
8070 824
7503 9088
6845 7504
2889 3082
1287 6702
2882 8092
4640 1658
18 6270
8859 3488
5714 7174
4929 890
9054 6179
5683 1138
3654 7998
417 1375
5388 1151
5949 3204
6848 7996
5364 8988
4844 8363
7830 5799
7825 6606
8292 7665
397 472
930 9536
9904 6769
6396 1840
5245 2679
5663 8377
7205 5079
2242 2318
2280 620
438 8257
7861 7297
3346 9572
6321 5246
2057 5149
5105 6715
1417 430
7363 5522
8161 3994
6069 1542
2955 2597
9305 7454
3177 6852
4243 9159
10 8920
2462 6911
8041 2603
4220 7309
8544 8460
4354 2133
796 2898
2989 6702
8768 5706
8352 6486
4177 5500
32 8486
342 3479
5851 1319
7567 1424
4795 3603
7277 5622
3512 7678
9837 1952
7420 8028
3878 2530
894 8575
9281 9419
6413 4211
2499 953
3206 5420
7145 5658
5243 8428
6206 4338
1092 6209
1486 8625
7694 4826
3641 5504
6602 3905
2988 8588
9778 1916
2049 4171
4582 3790
6159 5452
8663 4759
6646 3685
6519 4836
6098 1027
9945 1967
3986 8551
4730 8311
5511 6782
1803 614
402 4503
6965 6919
5018 9544
4798 2342
6679 593
4470 7151
9345 4910
4843 7745
6161 8813
1287 4489
9790 5369
5884 5793
3420 670
5491 7342
2249 4886
9232 7518
1186 947
5650 2627
3605 9742
7616 1514
3462 7043
4430 9741
6432 376
6832 7592
1211 7650
1648 2964
5306 3274
6641 2325
6527 9633
9907 8438
4138 1833
7379 1446
5684 6259
9235 8379
3344 1705
89 2779
6972 7543
3520 4049
434 5221
8445 4502
2738 2082
1574 3923
4526 3975
751 4916
8495 4958
2928 2991
3687 5958
5205 7557
8746 2926
1830 8293
4407 7891
5580 2781
6022 183
2983 6552
1812 5052
9248 7239
2263 6682
5307 7136
7452 4424
6501 2145
2919 2898
2469 8513
2002 7903
8763 4745
9249 3911
9319 8618
2448 5177
9415 3582
1256 663
4907 1506
988 6538
1321 8437
233 2610
6193 6782
6478 2224
4455 3859
7499 3484
9002 5001
3242 6513
7624 1794
8108 2997
3048 5452
7539 4344
2778 4734
5312 5978
7963 9762
3829 3371
5566 2466
3944 1675
8820 3410
9029 5253
5039 811
8223 3079
5339 4388
3120 7933
2465 8335
5396 7885
8914 4164
876 3647
7491 435
4027 8590
6628 9970
1382 78
8198 5169
3737 421
5140 7040
6994 1316
2340 785
1309 6065
9958 2537
2741 8080
428 865
1341 1900
8106 8607
9867 7611
9842 3252
9295 5646
7965 6322
6392 5234
1813 4902
9276 1518
3924 4223
9476 8376
1728 1870
4905 939
9876 2666
2550 4681
4429 7526
7253 6909
6819 2002
8587 8735
8201 3316
4410 9459
6915 7738
3446 9113
5152 2226
2850 3018
1694 2292
8876 8422
3439 7834
3400 1385
2935 4739
3408 1247
3684 4792
6369 6605
9274 4938
8655 4445
9998 9944
5898 3863
8242 4182
6406 2164
1173 993
8012 1182
4074 2073
318 3341
2341 5473
5167 5825
5263 6560
4694 9987
2970 3870
1020 3403
1140 8428
672 7158
2570 1924
2633 1859
9592 2904
7165 2319
5044 3437
7238 1099
7815 414
7648 1981
9111 4315
8038 1768
274 1473
8807 7749
3531 7490
4833 5954
6241 3205
7121 7605
9197 4246
5799 1847
2388 1494
2386 5177
7142 2391
1645 3761
4111 8347
234 3402
5031 5810
7716 9639
8611 7955
5929 7139
7798 750
3784 5814
988 5860
1318 3423
2041 3699
2562 5687
495 7417
2305 5968
1982 9323
9796 105
9905 2805
5222 3191
402 9687
5868 5332
8511 8801
8070 2983
200 7879
2037 180
7642 9050
7038 9885
737 1144
1256 4106
5935 8038
9368 4204
6685 7716
9601 7018
5707 5872
2296 6733
7807 7742
8688 443
5553 5570
3468 2383
8898 7566
2389 9353
3389 2732
976 9992
170 2425
1924 5909
1488 66
5084 4949
8742 6371
4913 8413
1291 8064
2601 1609
9393 8436
2183 9000
4715 5296
9608 2030
6700 6991
5340 4453
3057 4748
2235 5399
1779 5650
688 1538
648 216
873 2621
5955 3090
1207 6372
5688 6069
3468 5340
4970 9266
8106 4750
4961 7569
9548 6023
4416 2489
3139 2386
1204 519
634 4794
3386 6263
1516 2173
5555 2406
6164 1877
6433 5799
8339 3951
7131 8322
3970 5840
371 9964
9249 6192
3001 8593
1486 6231
7402 2565
7361 2959
9229 5738
698 9643
9172 3676
3987 7213
4267 2010
359 7549
8909 7295
7691 4529
2888 9526
5704 2245
5878 465
6364 6766
516 4826
1265 6464
6446 2948
6297 4517
4308 5919
5274 3145
8758 354
4624 9073
179 8292
3404 1653
4698 4151
7570 8117
310 4334
3228 7365
8637 1591
7974 2704
1211 4558
6644 8875
8007 5645
1296 5820
6119 4833
6532 690
1496 8844
3859 2248
566 8131
7489 5077
4856 4514
6225 8807
4280 1099
546 5397
9124 1909
5827 9755
2661 8327
2985 5457
7299 3662
7504 8592
7418 5462
4602 7211
2473 6373
4493 1547
231 2676
6832 7886
1658 7201
6077 2788
2024 4873
