7589 9763
103 7833
5267 2799
1981 6522
7485 7390
3840 8381
1693 6627
3691 9657
986 9983
4359 5080
3057 9593
4851 1542
5639 3678
5665 5678
5307 1186
9595 5322
2437 75
9214 7411
431 2689
7076 3601
7806 3163
6642 9171
3691 5369
3324 3598
8195 8782
3665 272
2465 9698
6827 4522
7161 6062
7126 5887
319 9580
8318 8312
1447 986
7879 4710
7934 8972
7412 9175
2001 629
9223 4869
3759 6996
2485 6138
5841 1956
4679 6293
6812 7428
5591 3377
6998 9354
9960 7110
4808 8845
3714 1519
6362 6944
1306 138
2280 573
8164 1167
338 255
7544 8751
5231 4339
3568 8380
2208 4861
4559 7101
7901 2684
4737 7832
2278 6061
548 9559
3500 846
1182 3692
8996 5991
611 8438
8999 5153
5368 1534
7964 1224
6759 1685
9393 7912
3653 5237
6237 6311
8802 4920
5506 7933
1138 5461
4443 7038
6369 3851
2835 4689
5785 8526
8657 8383
5321 5051
7555 1219
1844 7591
9944 1368
5753 3549
3686 7604
630 3042
9640 2313
969 1537
5389 1353
8403 4157
9326 5141
1404 2633
7215 3410
6206 9703
6684 8439
7931 7871
2139 8387
3586 14
4287 3421
9243 759
7114 1889
1929 5995
1447 4322
7883 9194
130 7506
4868 6974
7813 1460
7483 4287
1045 9911
8682 9669
5037 1016
1103 8543
5720 8904
1238 3550
227 2099
6817 7791
3626 6660
2950 4177
1756 113
1113 8489
4404 2648
6270 6484
2007 7446
1687 878
1767 6000
7665 2889
168 8527
8081 4830
9028 5082
8534 8342
3511 6578
9022 377
3049 1133
70 7971
4153 1612
8667 5352
7197 4529
4639 1859
6222 3743
5455 1299
9958 1636
6229 3758
7344 351
9443 4129
182 1584
7573 8729
9991 1328
944 4240
4277 4781
5906 6020
5902 1196
4474 5288
4546 5486
2855 5065
9419 1296
9008 7368
5321 5117
2351 3747
5930 5640
9854 3950
703 6414
6855 7380
8429 1283
3106 3980
4870 6209
119 4363
6784 8885
2123 6881
7967 8402
9534 430
8112 1695
158 7763
355 5335
5542 7374
4638 6141
5345 8369
9068 3330
6268 7782
3532 3557
3608 5566
9300 4954
9742 8261
8613 7727
376 122
8901 4006
6354 3821
12 4152
931 7666
475 7315
6085 1772
685 5163
1341 5733
9590 8847
6053 9731
9780 5123
3191 3288
4816 3775
7895 7820
6525 2867
8246 604
2055 8779
9888 1323
5927 4211
9794 6550
958 8068
9913 4527
9870 3829
9555 2151
4043 4333
3982 63
5229 1117
3193 7450
9680 9224
9924 423
8248 9473
2569 5980
7977 7679
6463 1567
5726 7895
7256 2443
1370 6737
5773 4661
3512 1551
8320 7414
7048 5266
1935 1303
5838 9623
161 5673
8639 7083
1296 4596
6103 2
740 3497
2748 8661
3294 3253
1847 1650
7485 4681
2772 777
3176 147
8270 4381
4455 1298
6371 6350
9875 2137
8004 5413
5259 3554
6482 1580
4390 3720
761 823
6090 812
7211 5803
4990 6010
7101 9131
2927 2447
2042 4015
5456 5430
2987 5358
8484 5077
6523 5066
411 1433
9431 6212
8651 7373
5642 5362
7152 6413
2121 6982
1557 3506
772 3339
9567 4356
1008 9731
4782 3033
5863 9378
4505 7731
3585 4595
2921 2290
7431 718
8119 4416
5590 4432
9656 1516
5005 2315
9826 5194
7856 7559
7796 9344
8882 1772
9744 889
3283 5350
7896 7269
5355 3974
5263 1711
265 8970
1052 2290
7034 9058
4183 1651
5597 3443
5886 8834
3210 6212
134 5945
5386 409
5605 767
1108 1879
5999 4972
5725 1473
4620 5100
1212 8127
1468 1005
4506 8032
5343 4617
5845 3080
3656 8900
9104 8658
3601 6365
4496 8819
9743 8829
6696 466
2874 767
1714 2234
3156 2885
7871 3824
699 7034
1068 5663
992 4914
6690 2497
9459 7177
5375 4645
6781 4314
7032 7698
4321 7504
2677 93
4729 3231
2217 9373
8578 2048
5803 7723
7486 8440
8506 5435
9897 6221
2006 2115
9193 8856
5748 657
147 8682
5829 6002
101 2489
6757 6773
6546 710
4357 8662
7889 8762
8069 7757
4212 4935
8232 3143
3863 8676
6270 6739
1593 8334
1480 2670
1161 264
83 7403
320 184
3307 9243
1905 5161
6067 1871
3220 7634
1299 5765
8095 6973
9794 6638
3956 3558
3788 7737
9150 3068
3845 311
751 8055
1986 6852
8872 3281
3557 9985
9971 706
4975 4454
6555 7511
4445 5824
8494 3517
5597 1069
1549 3668
2682 9212
5232 1342
8942 4256
7550 6010
3368 6157
9656 5105
7634 3867
325 8408
3242 4652
7005 8156
3720 3624
2617 3016
5530 7166
9087 1849
5105 2235
215 8308
3812 7773
4095 4358
8289 7033
9088 1059
4450 6116
9539 6205
4927 3686
9032 8090
5174 7557
9050 4317
4569 7164
214 7735
4543 932
6138 5319
8297 5534
435 7665
3784 7304
8159 2194
1417 3454
9805 3779
4249 1523
8645 7940
3782 7992
9709 4544
5024 4235
8958 6964
131 1911
9698 1011
4132 2702
8641 794
5321 3441
2859 9897
2400 7053
9586 4379
9082 5049
86 9266
3103 1721
7630 9609
7227 9291
8896 1211
5385 2711
8489 2921
4570 7852
1127 2924
380 1076
1508 7638
8589 5349
8946 1329
8892 8634
1695 5573
8508 241
3679 7764
6849 8613
6567 3491
2860 8986
8386 3741
9762 3036
7657 8517
8483 5473
51 7720
8158 2245
561 9095
9520 6372
5211 7933
8868 2378
7800 8045
2547 1627
5524 9850
9390 2660
7511 61
9593 4737
8841 9791
8009 474
1572 5181
4730 8853
6040 2875
5672 3304
8339 5795
8915 384
8029 8006
9814 1518
6773 6097
5969 2472
2699 5029
7910 5191
5641 9712
1770 6623
7601 9631
6465 7673
4493 1202
1330 9144
2828 9644
1378 9517
2749 6874
4618 6231
3398 7390
7651 1475
6853 8269
1729 4518
5600 4167
8334 9081
1339 2971
8914 8297
7222 4976
7243 8055
7140 1631
5835 6459
8505 2699
6087 9729
9249 2809
801 4265
4508 6549
156 337
4141 7651
3990 8334
3812 3902
8855 4699
6444 623
2546 602
927 8665
759 5859
1863 3086
3096 2464
7065 502
5731 3822
6324 4350
5131 200
814 434
6471 7544
9461 2047
1037 3397
330 6578
611 2381
7457 2581
9540 182
5999 2333
3648 2048
6922 7985
2638 7537
6616 6429
340 3542
3106 2961
9389 9134
2124 6323
5316 1359
7990 1785
5291 3391
1392 5331
184 9941
1927 7232
2255 1298
1780 6889
2851 2819
2557 7477
6791 9749
5926 4741
8122 9800
6067 988
2880 5169
3001 484
4631 7436
1482 9552
1606 4911
5716 8815
189 8009
6221 2515
1983 4720
9076 7537
3130 3467
5623 3161
3992 6374
8060 4434
927 1099
1356 8928
2596 6025
8532 1324
6816 5434
6886 366
96 8093
3259 2181
3305 5309
3437 6841
1533 8291
1962 3719
1119 835
7417 3014
376 6517
8432 2962
9291 1501
5224 8786
2343 4341
9061 3867
3832 8682
8614 2777
7908 7007
5099 1787
8560 5106
6278 1640
2655 717
2886 7730
3937 4280
6301 7715
3404 1892
6792 2625
4987 1852
5112 2555
9617 1904
1500 5125
3052 2485
1644 202
1184 1882
911 8940
8601 3238
2842 646
7652 8715
365 8335
5215 2105
373 497
3327 7292
5973 6728
9175 5089
9232 3999
226 1501
4979 5659
5571 9853
6586 7213
6469 5695
800 4912
7138 4910
5746 5986
3828 6324
9217 5582
6546 1569
3397 5262
4781 3908
2774 2046
4627 3910
5822 3349
7638 906
8975 6792
3884 3664
7053 1878
5527 3727
6681 4288
5996 7335
7572 413
3481 5394
2371 4588
6645 4131
4513 9235
7709 4063
1537 3116
4272 5091
5914 9828
3886 6336
4299 7364
1280 5776
2012 1274
3340 5901
8735 8663
5777 4212
4456 1961
6711 3433
7177 7670
7842 4503
3510 3596
9644 1513
8747 9127
9663 1829
5397 6209
2586 5213
2156 6947
487 9753
5422 8599
3493 8204
1366 3733
1561 4678
1498 534
7939 6452
5329 6230
174 7946
157 2165
4653 1206
2883 7622
8411 33
8449 2612
5002 2406
8589 8798
5432 749
4926 9522
3790 9208
1322 3460
3336 8783
414 2654
3486 3791
7753 5407
9288 3389
7511 168
4236 262
9165 8875
4434 1695
1380 3799
2384 5342
5588 4775
3481 6050
2286 4830
7172 8828
2878 6793
6402 780
4506 9302
5188 6003
4654 5032
3307 1234
4229 7489
9347 8999
8536 3191
7914 8736
7171 8219
3064 4312
9346 1646
2226 715
1447 7503
116 8442
1729 7673
8158 1600
6973 8698
6259 1547
4125 9641
5839 1569
2744 5684
9712 7992
3032 4196
4618 4988
360 7753
5017 8996
6526 375
3039 3569
8318 7570
6058 6582
1306 8513
2915 4794
5120 4085
6765 4934
2806 6850
7552 8393
8468 9314
4970 2488
3258 4620
3554 9178
5836 1045
3732 9903
4701 8052
8721 8162
8779 6398
4317 3675
8648 1816
562 654
6520 4849
6098 4538
4057 7064
994 7106
1733 7809
5130 299
8583 9390
8310 3339
565 3848
1468 3724
1701 6692
5721 7172
1553 6020
6936 9826
7489 3352
9781 4585
5311 8292
4263 7552
7306 916
4817 8401
3377 1799
3943 6031
2511 413
6746 5986
1758 8072
3659 5518
4896 2760
1522 4224
7809 7004
5049 4176
9184 7702
4812 5002
8481 4011
2557 793
9135 3183
7137 3868
3530 3157
6311 6565
5546 8855
1312 1142
2324 2878
4706 1363
1258 4722
6377 1145
2725 1705
8839 2533
9615 4914
4245 2340
2672 7478
819 6460
1903 595
5768 7496
2264 4341
8107 3811
320 1043
7492 3913
3691 3503
9418 3945
391 7992
671 595
2368 7933
3326 1009
8112 5011
710 3881
5670 8799
5547 4465
9623 7389
2518 1765
6068 5388
3068 6125
6816 9183
952 9532
7959 443
5357 9087
7580 2120
4451 987
5114 8254
4701 6514
9549 710
8976 2436
8634 8652
3023 8872
6419 7297
2680 2932
5346 2233
7138 8722
1511 174
6971 120
1350 7273
8572 8731
673 5155
6425 5205
4813 1101
9656 7033
4416 4056
9048 2450
6752 1945
3362 879
2568 2095
5796 533
6041 2827
5864 8371
1669 722
6256 3433
61 4556
1883 3696
7203 5331
49 6448
8507 7652
202 6142
9040 3660
9803 6588
3844 8016
6062 8765
1658 9355
8105 9056
8676 8038
9503 7281
7288 711
4667 6319
3558 9956
1397 3859
3327 5785
7269 4298
6742 1881
190 6050
7884 8270
3719 4405
9564 8882
8672 1912
773 2539
2103 7350
1373 7183
7007 5930
1868 6575
1909 6543
3875 3459
8230 8603
8564 6404
3953 3261
7716 2551
782 7607
554 2708
501 6988
1828 9956
7264 6071
7175 3400
6670 8429
7132 8041
3035 3037
141 5359
8606 1369
7088 5649
2079 1837
9782 3731
8556 8815
5732 930
3136 3942
3184 5025
6391 3271
8509 8236
1665 4238
764 7654
8452 5471
6611 8243
6638 3380
2054 6117
1796 3359
4765 1271
3869 3024
8710 4167
5976 5409
3485 2371
2068 1136
3252 6642
7678 891
6767 995
7991 9744
6393 978
2199 1572
4448 2555
3659 9745
1804 1184
810 5078
7589 7933
7309 9530
3244 2015
4988 858
7635 1577
6095 4060
3953 3446
6499 8627
2075 1108
6269 1156
4511 3140
1517 5391
8770 3777
9956 3902
8927 2268
9536 6900
1503 5891
2004 4294
6250 4198
3986 1534
6127 205
8303 98
5491 7851
9203 7897
4985 6854
2077 3879
7558 7711
8353 5684
2606 2482
9507 2510
6078 8030
6104 4761
9368 6995
8996 3268
1390 929
9852 6122
5561 9766
1655 3309
1311 6659
5519 7108
255 7395
3992 2397
9219 7540
4929 2665
3155 942
9205 9972
6041 5992
3863 6087
2013 3007
1262 7074
1887 5110
9560 4862
339 5662
8044 8074
5 9393
5873 5146
7218 1435
2922 2514
9263 8925
7552 7966
3518 3529
6227 281
2471 2438
6773 1722
9797 7256
3918 4857
2151 1082
4346 6544
9408 2773
2755 6781
4880 523
8836 2192
206 303
6738 3159
9856 5970
8500 5755
1581 758
5809 2141
9113 8102
234 6538
3748 7863
2910 3299
7133 4126
9656 738
4241 4333
5372 4523
2084 6535
8734 6315
462 7340
8996 5518
1798 159
3334 6122
6379 8845
636 4582
3453 9136
5651 1660
95 9221
4208 8298
374 9569
6604 848
2537 4972
2292 16
5882 3685
8118 498
1271 8904
2307 1580
2447 7446
4037 1266
419 8050
9913 7962
1915 2600
2799 6353
2610 6131
6249 9533
2643 37
1782 7147
7656 9476
3012 4755
2218 4935
4693 4704
8828 9603
8164 6504
1343 3152
6073 8974
1589 8115
5333 7963
4011 1340
9938 8907
6367 3405
4639 3689
2475 7715
8866 2256
4756 5399
1728 2698
6523 2668
5818 426
9904 9355
9290 2559
9609 3449
3083 423
4500 6772
9223 1157
7878 6585
7936 9411
2989 8727
6536 7269
3303 929
720 8744
6316 2947
4300 7062
3936 8433
9309 4574
2066 3183
5218 2863
4758 5665
4359 5460
7275 2309
2780 9526
6615 9337
1324 9015
8667 6043
1238 6535
1217 9086
43 2544
9480 6714
9109 1404
7927 182
1027 4235
1885 9251
8824 6743
657 5954
9846 4496
6418 7187
5945 2150
1006 7958
9264 2781
3877 8835
9042 8642
2239 9416
8725 7376
9267 4089
5747 3855
4486 7660
2259 3373
5684 1728
1732 6042
6076 6452
4454 9392
1977 2688
4160 7309
7830 5254
697 4768
8821 8282
228 4455
1628 2459
2195 7787
2202 8360
64 5323
3994 3334
328 3017
6110 4453
3196 2383
1412 1379
6475 455
6491 2070
1917 9038
1848 1716
3961 3568
339 808
3986 9755
1719 9931
5952 6429
6727 1621
9274 161
5604 7744
2268 6521
4272 1458
9615 5151
683 8851
5520 253
8378 8058
8720 6524
4833 8739
1560 8030
2462 3108
8527 9805
3469 7967
3307 5839
6488 4291
8986 1535
471 7149
8926 4931
9847 3901
4596 4057
941 5294
6276 5135
3974 8842
9280 3834
5645 8915
1248 1751
2233 604
4914 6017
2521 4156
4152 1773
5793 9578
1291 3179
9839 73
8994 3579
5147 5369
1545 8852
9308 1549
4846 1542
7763 9177
8287 2233
2717 9822
7109 2014
300 5194
5802 517
5520 1836
891 4838
8316 2709
4800 896
9419 1035
6680 2540
8405 3291
1969 4231
3669 3025
6895 6304
3689 2623
1155 5877
6856 8878
851 4019
2078 5100
4986 3531
8734 2816
8903 8260
7178 3613
4029 657
3096 8424
9483 5518
3449 4661
4499 1020
5295 7460
6625 1035
9713 5666
7645 4237
7945 3522
3811 6323
7420 6989
235 7236
584 7421
2585 7973
4176 2825
431 5754
3011 4591
9510 1169
1388 6341
5001 4349
5107 1483
6630 9063
2948 38
4037 7089
3921 3255
2340 4195
1457 1890
2873 7587
8477 1486
6849 265
7379 4643
4192 7719
4176 8739
8590 2699
6720 9958
5115 6198
1207 6722
6744 1810
6531 5165
8275 5952
7204 5995
3783 2529
6025 3527
3911 7220
2468 8042
4043 956
4942 1096
7731 1685
7574 857
961 6034
1730 6120
3716 2311
4380 9129
7778 3423
9498 7856
8356 951
3793 7145
7318 4779
881 3257
6442 571
7158 9988
6693 3613
2307 1212
1060 2082
6425 7447
3063 9318
6277 4025
8802 3584
4317 1410
2371 1556
197 4040
699 7136
4299 6731
5438 4971
3264 1335
444 9164
2973 6678
1415 8014
9236 7395
3070 1734
5411 8931
5516 2538
5341 8844
7090 9105
5584 992
8685 7367
3133 7856
3259 1211
4284 4184
2351 9120
9411 4405
6316 8278
7070 2323
7289 1586
8452 6872
3166 3313
6852 4385
8037 2030
93 8177
58 7253
623 8231
6809 670
7536 7163
8704 5668
8487 3586
1064 7629
7824 1829
2403 6471
5164 105
3193 3882
3854 3653
733 9859
5474 8827
855 4203
2017 6126
3450 5800
8578 3420
6034 530
7143 5354
6785 5185
4974 816
7851 809
5839 6878
8711 8980
6853 5644
2344 8707
6321 3322
5814 991
2912 1096
969 6659
9452 6044
7002 1860
8240 5868
283 6847
4356 857
7995 2001
2249 8667
5939 5167
3344 2938
5460 138
2368 9610
6389 5016
9866 3525
736 3165
2603 6092
216 1098
1016 6344
3216 1148
9884 7521
9486 9905
5871 8534
9252 3600
9218 6251
8979 1543
7979 386
4088 3309
9580 1095
8402 9407
6439 2926
231 5862
9661 2057
4873 5170
5420 1511
2882 4165
1969 6482
1051 8040
8556 5169
3461 2480
6064 8310
2638 3497
2699 2124
6425 1174
4100 8921
1453 2529
9382 2484
6144 877
8346 9947
1553 6059
1398 2265
7948 2074
7652 6628
874 6667
3558 6591
2227 7972
2931 5471
4887 9186
1399 7166
6825 8388
9683 9805
4904 5365
7770 4782
8069 4367
7216 204
5522 746
7549 6608
4720 383
2878 2637
5439 2691
9759 7202
7469 4121
5105 5314
9749 7626
948 8036
6353 3826
4074 4758
5410 4776
3150 8490
4686 2356
2162 8154
5894 5018
9133 5772
3805 5717
8290 6737
9797 5781
9966 3899
2051 3081
430 1061
8311 9289
676 3413
1275 2156
5337 5878
3773 3017
3661 3567
3565 4895
1124 3145
8146 3821
6371 6797
1399 5654
6810 7694
5779 2095
4203 771
3949 5530
8246 5507
8129 2798
5629 801
8295 5327
1268 6022
183 2033
6357 2543
9898 2741
4805 4685
5759 9848
4701 3235
6892 1516
953 9548
5299 370
792 5912
4079 4066
3096 6781
7032 7605
5084 4655
7750 2582
3166 6330
2900 1071
1051 4130
7576 3756
1955 3049
9911 62
9047 4880
1727 2923
8126 2239
7839 6993
8202 2564
2724 5300
4599 631
1532 4712
4549 3310
1380 8841
6672 5035
9556 5556
4394 8735
5233 2376
1128 9505
5338 9574
8887 1280
8929 8171
6343 4365
8517 6656
8857 6847
9338 4672
6367 1608
5300 6013
1623 7439
8089 4943
3900 9791
1323 5345
6577 7475
8260 1081
4742 1624
6397 5816
50 8235
9725 983
9117 1737
9547 276
8964 7422
8512 3231
330 5680
4286 4779
3650 9198
4490 6869
6479 7639
5167 4862
6490 6619
7449 8711
7220 2912
5700 8274
9726 9139
9860 8735
5894 5020
6742 5152
9165 6951
412 1804
1927 4808
5516 5712
3387 3780
5161 2420
1010 7426
6451 5691
3300 7520
638 1710
3285 2713
2604 8872
6602 1859
7832 1750
1662 7592
8793 7333
4630 8888
9116 4225
9258 4364
6067 1702
3049 5371
5278 5710
7399 9788
5223 260
794 675
5768 229
336 7047
231 2830
4735 899
8560 857
9104 2627
9559 4938
8407 7082
7994 4542
9314 6666
7017 6829
7293 2915
4122 7081
8558 6328
6255 2329
3656 5706
8105 6938
1830 4956
987 7358
8630 3994
5941 5391
912 3287
9481 6559
5327 1682
7192 516
6600 4997
3887 8863
6343 912
5948 8621
7648 9244
2178 2019
4895 1396
8444 2300
1144 3382
3271 8423
214 4922
7214 8617
3882 4911
5914 2543
3528 3289
7210 4428
1151 9440
2391 4272
2660 6927
3336 2272
1220 8058
5328 5520
9539 7614
227 1768
6155 4643
3648 9202
9144 2296
8025 2798
3491 178
5426 1735
9993 4480
5805 1107
350 2319
5138 3284
9320 8504
3488 5976
3163 947
8647 3857
8462 9829
4772 3658
5463 8263
464 4273
4336 3842
892 7462
7698 4171
7529 8582
4188 3477
6358 2882
103 8838
2309 2617
6915 2836
291 2808
684 6027
1253 9061
4008 2550
9677 7618
858 7741
6780 4016
9187 3363
8148 7287
8229 4583
8705 4732
7070 9173
5068 2196
1813 9177
5840 5094
601 9539
2761 1682
791 7051
4903 9006
6046 1559
7935 8982
601 7635
6635 8765
7800 8273
1613 450
1391 2288
2749 8889
4423 5014
6046 7981
4346 9007
84 5939
5698 9158
1196 6980
4615 8357
1238 2005
8536 7742
3854 719
7434 3364
4884 4363
4504 3994
3730 4036
6501 5805
7350 4506
9446 9574
6769 432
9785 2199
2009 5187
3536 779
4352 6383
6683 9689
6426 1910
6007 2636
5932 8148
4409 1987
6965 6642
731 1456
6058 4523
6847 9786
9491 9033
9905 758
1868 9783
2699 314
6001 2783
1565 853
8887 4876
5034 6235
6194 6146
2953 7355
7646 3839
1493 472
3317 955
8421 4218
9104 5824
9438 7964
8096 6422
3175 7651
4857 7462
592 7335
7583 7654
4910 7442
6061 8922
7781 140
752 4397
8199 1596
8601 6220
6826 2130
3608 4569
4799 698
92 8726
9678 7323
4014 6261
4221 7563
6052 559
9658 5130
5773 5116
1789 1208
1096 7236
6610 6109
226 5058
7365 7298
2268 8297
9522 9584
9124 891
9141 937
5383 6363
7728 3649
3322 3870
6175 1766
9967 7122
3462 5796
4281 6789
3399 4965
9048 8813
1422 3603
2335 8113
9661 4209
3213 6630
8877 1451
8041 1341
356 1318
4804 8039
2706 4400
2025 6491
1124 4220
5246 400
8405 2580
7231 2193
3868 563
4897 7189
9158 1026
6444 6374
3014 9955
1881 5047
1347 4688
3656 5153
1358 182
3255 1647
3131 4815
9019 7337
3624 6465
3815 6713
9199 6125
8718 3734
2941 5020
6248 4251
7308 617
5119 2461
47 9326
2080 5500
2431 5338
2207 8008
516 5881
8902 9126
1086 5060
4626 684
2458 1144
8227 2336
2889 474
3390 4861
1537 822
8358 1201
2290 5650
2028 8282
4890 3159
4018 443
1645 1120
3458 1495
5487 5327
9196 728
5999 6281
4594 557
1519 3869
5754 4370
9798 5545
2649 1310
7944 7050
3944 6344
7721 9647
9533 5303
9947 5736
4449 7500
7097 2055
9528 438
5819 9404
1213 9733
6347 2334
8338 2175
9853 3518
1187 1769
2165 7363
7528 5669
4084 3516
3025 7679
9817 644
7035 5998
3335 2203
703 4984
8785 9321
1108 5423
527 3508
7993 8889
4137 6863
3011 9902
8489 6019
3561 3884
3965 3584
9377 5487
9690 3948
8224 3320
9531 5772
7418 6690
6964 9104
8794 3589
5497 8407
4786 8649
3465 701
8823 9199
8402 6603
4908 5697
2064 386
3997 9830
9048 4431
2563 8798
3850 8031
5536 4353
4227 7449
426 4112
5969 7058
5883 5832
6417 3074
760 8829
9285 4325
9146 3981
762 5531
5266 2625
635 7472
9314 3018
2970 237
4728 580
1208 3716
2749 2358
9646 8728
8669 4675
4984 6548
6979 2806
4923 6679
9167 6704
4258 3573
6613 7917
4641 35
8968 7478
7442 957
3877 8515
1560 4641
4911 7927
3717 5333
4590 6587
5582 4435
7400 9529
6738 4623
5358 7969
1937 9799
3916 8701
9601 912
1580 8689
6371 887
9058 9186
7058 9773
6829 7834
3583 3024
5156 486
4558 2287
6090 2339
81 9098
4092 3001
8775 6208
8228 2231
3431 8222
5566 8041
1813 3021
450 9187
4348 3307
2089 8927
921 9963
1857 709
7079 8764
3772 2825
2119 1601
2025 3721
3539 9292
8568 8292
75 5034
384 2841
2523 8998
2276 7900
1449 4025
1125 7646
8017 5582
1434 4273
6252 9363
637 217
9463 2001
9787 3016
2811 775
7234 3017
68 9410
9981 2641
4353 7747
3325 4652
4859 7003
708 5395
2156 2395
8657 6418
5996 6866
5387 3957
9124 1156
3713 6077
6779 2174
7552 5162
2555 5548
1637 1730
6010 7815
5988 4806
9756 5403
3316 3607
3952 1031
4522 2159
2926 983
2218 9800
7437 5881
1973 7558
8258 7808
6891 9381
7050 604
9863 6114
4151 535
1038 4512
2880 2709
8603 1357
8300 7395
3820 5716
1598 1223
964 4192
9484 4315
3954 5313
9706 5820
1952 1083
2376 4448
9971 4849
3960 3449
8172 3384
3972 1740
6986 1013
4404 8433
1508 3936
7654 2540
10000 9247
7184 8190
3775 7057
5998 8091
2276 4469
6332 80
4070 1166
1613 8452
5990 4341
5694 7875
1431 5112
8980 6353
7892 306
2723 6689
5413 8440
1727 5794
8605 6965
3617 8813
3949 7621
7336 9835
2733 5378
9032 8776
1828 1322
1344 47
8246 3064
5807 4642
2332 2132
9704 8384
4586 290
72 512
2969 1289
6150 4865
6286 3612
238 3874
8918 2301
5208 6366
3230 8974
1752 4568
2879 1200
7304 762
390 8262
6335 8714
8615 6618
2351 1725
1636 4962
5763 7839
1866 9922
1465 2599
4266 1367
324 9426
1034 5213
9504 9134
5756 9811
2466 4914
6313 4040
1245 2197
1940 9838
7204 6854
8574 7475
2083 3881
2952 3684
3203 7083
7734 9105
1329 5981
3262 3856
6769 4713
4177 9345
6978 2146
4215 7122
7259 3359
3939 4973
4882 7601
7666 2887
8652 1148
7763 5857
6662 3462
6134 9671
1714 8520
6592 7601
5408 3013
1892 4918
9714 8377
5070 2641
5247 3643
1953 988
4824 5196
3824 4071
1682 1389
6209 9766
672 6571
295 4729
4968 2214
8615 8593
9648 9917
9099 6444
527 2490
3667 1020
6929 8372
7753 8273
3436 2124
5958 8147
6218 3563
6579 6907
2151 4674
8703 1358
698 5076
6083 4476
356 8295
6636 979
6011 496
3865 4142
653 5527
2925 5931
5816 1695
1928 5425
9445 9248
674 7772
5883 3568
770 6480
4519 1318
8055 1599
2311 8990
2491 6172
8238 7896
4576 1629
2643 9507
4565 256
3268 1990
1326 7816
2949 1132
8355 4963
186 8899
4033 4942
3439 4424
476 7695
1546 6770
9795 5511
6017 4723
8121 2157
5146 3240
6656 3653
8770 6358
2403 9239
2333 5585
1971 5369
6083 5584
3660 4538
757 6941
8204 7438
128 9347
9668 8426
7584 3047
526 9691
2335 1962
7015 1573
2519 5820
6729 2340
1336 2975
814 613
4329 4850
7500 8429
754 4527
7325 3735
7193 694
7097 2953
3676 210
4608 1928
4624 5202
286 1573
4398 6276
7913 8287
404 6794
9578 3392
480 3679
6854 9625
526 9222
3532 836
221 8136
8146 3059
2513 5661
3175 2051
9464 6119
6285 1102
2172 7821
66 1848
157 2464
4508 8792
9339 6089
5436 8593
5114 7017
6692 4280
7043 5237
8094 4189
1243 1231
8676 1897
7630 5797
1473 1460
6410 1950
204 4774
3990 8246
521 3720
7530 3196
6907 3077
3990 9849
9704 2905
4173 4606
6597 290
8252 7224
1447 1458
912 9252
5256 7631
7857 8341
8985 1904
6072 1639
2220 692
508 9636
5982 2009
8628 2681
4690 4738
9292 9690
3497 1758
4478 5271
409 6393
6708 9217
7543 9076
4265 8994
6673 9577
1832 8042
2767 1970
4257 3049
2293 9860
4451 8604
2829 2927
2361 4799
9967 239
2688 9671
7277 3366
2700 4847
9792 8899
1501 5016
9803 6962
3367 3583
1114 1939
3324 7855
7137 7174
8957 7402
8565 970
5045 3019
4701 5162
3731 8609
7068 6365
5590 3200
3478 6400
1007 5955
5648 1943
8321 9909
6506 4600
9264 9244
7983 585
232 7133
4049 9055
6726 3386
3994 8571
7831 3865
9745 5014
2283 8178
2709 5111
3413 8890
2632 757
4947 266
858 8967
9601 7148
1272 2659
7624 2688
5746 7434
9698 5489
9595 8646
1492 5254
1843 7387
4342 897
8579 9728
4753 204
9872 4080
2701 9801
2205 3356
4630 9795
8158 4505
6575 3458
4824 1641
6740 6171
3039 2065
1000 6475
9024 369
2500 7394
6737 5155
1086 5582
7268 4510
1678 4066
271 5369
6626 1599
1840 8088
4522 9223
5016 9834
6287 3278
4034 1848
1068 3686
4588 7243
1395 7105
8612 2477
9682 5795
7183 1526
9380 640
511 9422
497 7074
5713 482
6602 8295
6031 2754
8893 4878
7855 572
4844 8960
9537 1158
6425 6865
9180 1199
6289 9898
9071 2621
7527 5717
3333 7104
83 9374
8600 166
9960 8303
1787 1616
4583 99
7123 89
142 4401
2153 7407
1173 8640
8627 8407
9155 3886
1851 3670
4423 5990
5170 9913
6802 6229
9809 7282
4394 1230
186 7112
7853 6245
2737 3616
3432 8681
519 9684
8810 801
9371 5956
3931 9628
7291 2075
3753 1428
430 9373
6528 1075
427 3689
5290 7837
3590 4677
5307 9473
8078 6556
8759 6793
683 5157
336 3391
7800 9405
916 7291
8536 2969
5820 4770
4736 2109
9998 3785
2593 9681
5671 5953
6852 7454
8432 9622
7078 8717
6607 4946
146 6050
7919 7190
1203 4100
1126 4258
5298 1907
2428 8072
656 222
3892 4445
9903 682
1533 5065
4436 7106
3179 2214
4816 7121
5266 9236
6564 7126
2308 3952
8162 3338
8159 5893
2287 3167
3880 3230
530 8760
5241 1476
2244 9920
8758 4476
8691 988
760 6570
5471 9390
6480 343
812 674
4886 295
3286 8343
5920 6322
4646 3368
3729 7006
4386 516
1569 8529
7376 9764
4210 1457
9315 3691
2268 861
3022 5958
8151 8302
1902 1947
8318 4566
1677 8120
7107 4557
1430 5697
5402 7680
7752 4166
1077 9784
7602 7228
1711 4586
10000 8839
4604 7169
1500 237
2379 7487
3093 8852
1449 2974
8478 7752
985 9762
2428 9674
5760 7987
2773 8116
4639 2563
1031 655
3121 4099
4007 7177
3607 3757
6442 921
9738 5325
7448 9384
8776 9832
2824 158
4701 1341
1939 4169
8987 1633
5603 7822
1797 5805
3179 4378
8375 7291
2857 5740
9233 3187
3990 4641
791 3381
6574 2604
7118 8820
8556 4609
9612 9089
4896 3391
9884 3412
2535 754
8134 7620
7907 5136
8514 1729
2964 282
3777 6054
4739 9442
9874 8888
4523 4959
7344 2641
5410 7759
8715 9684
8147 1912
3074 8816
1836 662
3203 4826
8120 9749
6863 8025
8221 9947
7586 5608
5754 7349
6266 8219
1797 1249
1601 2249
589 6939
3857 1437
4713 2640
3524 8033
8011 9865
7587 2351
2248 9903
4025 6755
9760 4909
3593 7129
8355 1516
6349 3793
3481 4421
3548 1071
2042 1412
8860 9382
4106 2142
3464 7702
9946 8620
3662 4084
7973 8870
5895 7333
2881 8546
6949 7758
5887 3576
3534 1309
1789 5518
8992 2758
9648 3410
6383 1725
5601 5710
6973 9799
1640 7970
2993 9729
1734 5657
1353 1606
753 793
5325 3311
9301 747
5642 6581
8977 9328
3123 9574
4728 6679
8230 9773
3115 7037
6918 8197
8119 1060
7793 3295
3933 8006
9553 8997
280 9222
8388 627
1546 6674
3832 10
4241 3284
2523 3807
7835 1188
1154 437
7721 6967
6243 2326
4197 9430
4914 4840
7262 3164
4569 916
1882 7828
220 2325
7398 6046
3765 4887
1000 6290
6675 3221
5352 8937
1698 5944
8764 1071
9898 5588
5570 2544
3802 3426
2978 7527
4190 402
1539 4545
6760 2143
9949 9248
5619 1086
8039 1198
1123 1320
2605 7272
981 9923
208 1572
2968 631
1345 46
1606 5136
6564 7161
8085 3388
2774 114
3240 888
7253 5165
6907 6324
7722 8707
2586 4071
3661 4440
8368 7443
534 6875
2508 6843
92 6214
2320 1282
5680 9719
8484 6690
2952 4985
2952 6276
1166 1244
8269 75
6318 7414
9449 8746
7866 595
4205 9008
2137 8106
4163 9910
9400 227
5310 2518
4465 1859
2813 6073
6463 7252
6459 2308
3067 1070
8555 2290
590 1805
4233 4083
1029 6777
8594 8909
760 2770
8034 2467
9915 5672
9530 1160
1105 4581
5360 7219
7106 634
6818 1345
5390 1907
3617 6380
2570 2428
6934 7254
7878 4203
5304 7883
890 254
8158 6255
9421 9039
3095 328
2127 6546
2664 7683
8146 3498
55 6679
1218 3595
4560 7833
5013 5338
8896 4385
2552 4159
6028 4419
4607 3489
2939 8511
8878 5569
717 3398
4122 7774
607 1092
7641 1204
2707 6378
9751 4222
2454 3257
1545 6835
1559 5596
6677 3932
4061 4392
6334 9241
6310 9723
9393 6071
1666 5947
1649 3953
3348 4621
1732 8525
6869 6347
4522 2900
3455 2981
2164 4846
5433 1591
8626 4759
4003 1819
4965 1372
2664 5545
3904 826
7975 1644
4920 2041
7141 6853
1246 3794
3008 8203
7776 6537
9592 8804
7041 411
8519 1148
5267 6779
1391 5484
4858 1278
4092 8588
8928 2806
8381 6972
3965 7229
7166 5137
4136 8450
3757 7320
5167 7506
3313 1862
3622 2897
6367 512
8540 6594
3644 6498
3081 2090
1849 5405
3921 4662
887 6306
3208 9817
916 3420
183 3417
1047 8041
1584 6703
1883 645
4234 2032
8070 9798
7956 8526
1933 1946
4009 7901
5325 2296
1991 5555
516 8160
7619 2034
9570 3900
4381 3431
1684 1774
5218 8358
6112 414
8077 3584
6849 4686
2375 1973
9665 5294
6446 2706
1258 4386
9685 1188
7794 9147
2143 5653
6024 9607
593 760
1397 4576
9962 2619
6945 7893
9044 4575
5031 4626
5737 4252
1636 5476
7695 4143
2595 7272
9880 3420
4910 7927
4671 3446
7456 3644
6480 9554
9632 4431
4361 9743
6051 691
3684 766
3778 5488
5503 2910
1847 6257
3678 6999
7016 7354
2816 6156
3416 7865
6603 6685
6705 1092
4853 9431
5021 4138
4856 3805
6607 8545
412 2775
9022 4410
4807 6720
3904 3545
1615 2512
8376 1962
6026 6923
5640 9869
7723 8120
2038 3572
9592 7968
1165 9807
9215 2662
3548 7305
1497 1925
4539 3591
2005 6524
1498 5025
9570 5030
640 4077
4040 4508
287 8300
8857 9329
1134 7960
1776 8799
2897 1784
71 5688
6229 6527
2973 2904
2183 5591
1791 8251
9093 1042
8363 2452
7851 623
4252 2883
3019 4489
3742 2447
1540 6777
453 3032
9801 1757
8020 5670
2901 7491
1589 4698
9598 392
2713 8997
682 8754
9666 3102
9665 5562
5278 7735
2021 798
9605 6353
33 3687
7331 1193
2184 6721
5425 9841
9744 6010
9862 8051
2779 1526
9990 6005
7315 5645
6388 1386
3980 1767
2631 1129
6583 7174
4275 1438
1709 9821
6482 6354
7424 8674
7065 9317
9294 1816
7773 1869
4769 5796
2348 3900
7881 4706
5382 5950
7783 2831
7117 8833
1576 456
6618 6382
2412 8132
3610 7602
2837 2432
5978 1319
3002 3330
5735 625
3366 2392
9286 1381
6865 6869
3692 1309
8188 3662
2732 2976
8701 2731
656 9211
6398 3499
4619 8555
3368 9707
2548 3961
1209 1045
1432 4185
3325 2519
6567 9066
2523 1260
9284 482
528 6323
9170 6228
7505 8494
9348 8378
1598 1572
288 5000
5667 28
9658 3208
1530 9285
8380 3747
5661 9127
7459 892
6318 6251
9904 6000
8841 2368
6998 6503
9420 7022
9864 6714
8008 1734
1984 8844
9431 3720
2569 7219
3328 6195
693 9343
4447 9293
7926 2749
369 5515
5967 7265
6182 6176
7364 1470
9514 1326
6559 4115
9030 8092
8302 8829
3822 6167
5682 7355
7220 5859
8584 1454
8516 1306
176 6310
3077 6219
8007 480
1535 5436
3139 253
7886 4199
8586 815
9204 3943
4210 5487
1743 7791
4028 7614
4211 9293
5050 8661
7968 6699
4671 7589
1733 7101
7725 7559
2499 7946
8260 583
5117 2589
5628 4708
8907 7029
9194 1240
4256 7050
2172 7066
4058 9117
1030 6460
4003 1640
8324 1842
3901 5682
6879 7476
928 1460
9172 3638
2136 4954
4736 7292
1913 8723
4825 122
8870 6510
5129 5928
8499 2482
8959 6482
5327 2301
6884 5014
4436 6401
5889 4433
8894 3
1801 5382
6853 3195
868 864
2639 7310
1704 9420
9857 3480
2646 1140
246 4919
9098 5950
1940 6519
3572 215
7660 8220
9815 1202
8065 9724
14 2267
9774 7789
9411 3359
3029 3187
9570 8918
6649 2998
1878 2539
1253 3147
3263 5943
2817 1632
1849 5966
5575 1250
6018 7122
9671 2698
5941 6738
3266 5769
7740 5849
9162 229
9285 9407
7352 7433
3018 3931
7020 312
1127 8664
7712 9742
1740 952
3197 7389
5785 2982
5118 5974
8487 8229
8315 6080
1034 7531
6777 4009
9049 2223
4984 6725
665 2331
3446 3196
7055 9004
4731 759
9238 2395
4247 5286
1490 113
1321 4925
4188 9189
9200 8570
1097 9061
6927 7630
1226 152
9762 2532
2617 877
8767 1612
445 6060
5997 2998
2292 6153
8493 8517
1631 9477
4485 8035
3964 9931
5752 2133
1515 2888
6730 8202
6898 4652
7930 242
9727 8802
9021 5779
1089 1976
763 24
4311 4254
476 5507
9419 2091
9950 6128
3656 950
4225 3709
5212 5745
2903 5931
368 586
5092 1552
8690 1131
967 9812
6834 6298
5266 9344
8029 2417
538 133
8851 6512
4 9100
7890 4151
4810 3583
2039 2180
4956 7911
5630 9638
74 1616
7646 94
8390 83
228 3607
6314 9090
8120 7112
9660 494
2327 5257
8539 9867
9050 8053
5391 6680
9505 404
7155 640
2111 6882
5318 5733
4405 2890
7888 7470
3335 1849
7503 4369
9252 7218
3218 8552
5997 491
6622 8190
2494 6776
3102 9339
3912 871
4848 5186
9760 6204
232 3586
1874 3614
6610 1767
321 3144
8458 4978
2918 7787
4815 3576
289 6750
6138 7435
2108 8919
2335 2835
6947 8100
3367 7567
5852 1431
3449 9505
4825 2022
175 8474
6898 7563
9951 5943
7268 6620
6636 4318
1459 6835
2839 9578
9539 6641
6453 3832
3948 3473
8494 2085
9275 6412
1209 6118
9359 305
4329 238
9396 1983
7184 4852
3325 6548
9381 7407
7623 9028
2166 614
3620 6471
7357 7491
5257 196
9769 223
5636 2727
1891 6394
6205 5628
2600 8773
5007 5079
5208 1710
3562 9441
3914 896
9934 7492
8481 8801
6661 6394
4552 4652
1686 2562
5522 5075
595 4968
487 4321
5415 2396
9185 3388
8799 8662
7074 869
5099 1633
8497 2714
4130 1791
3828 2708
7987 1763
2841 3326
1045 7576
6348 1972
6976 6407
8346 308
1875 5831
1174 4119
629 4989
2227 1789
760 5350
2327 4921
3146 4726
4153 2416
961 5283
2732 418
3191 9581
2711 1208
3160 915
5146 92
2889 9907
2492 5584
3175 6168
8004 1668
7452 4160
7896 4632
2753 5610
9445 4831
4106 4694
4407 5300
5146 7515
4404 814
2234 5510
5488 8231
9188 4277
8738 7704
6172 6736
4022 9166
1029 2553
2783 7754
8685 5673
5901 6721
8899 2594
2615 8495
808 6071
7994 8076
4610 1035
9964 7941
8505 3620
9267 672
9556 3001
7916 3219
1643 3661
8456 1897
4922 7564
9238 4739
5009 5847
5414 5874
5311 9937
2575 7172
3249 7351
9422 8954
8391 2996
3806 9087
5546 7228
713 6682
484 2002
2222 8570
6672 4436
6849 6713
5959 284
5465 3485
7589 9244
3473 4354
1494 8117
5962 2013
51 1804
6389 7961
6270 3240
93 9400
4468 4098
7612 3887
3563 4387
2494 9271
1568 4940
7385 9717
8584 9896
9658 1520
2921 682
630 3884
9466 4123
3193 7901
5956 9230
1692 1860
572 4887
888 3393
868 7543
4695 5759
4449 2445
2991 6135
8984 3922
4366 5626
6923 6971
7367 2648
2067 8045
800 5191
9841 307
5609 4094
373 5236
6096 5082
3585 4925
4944 7828
8395 8051
660 207
1673 522
2693 836
4552 4363
4671 636
2686 7834
3847 8581
3300 4738
2828 7134
1099 1804
3869 105
3831 8889
1351 1308
5097 8245
9628 9390
8680 5898
9927 9242
6620 4681
7045 9912
4874 3845
1929 4306
4475 7519
1456 5334
2238 2394
3266 9469
2380 1758
2180 490
2990 2085
1231 3747
8841 7413
9249 7537
9943 5011
7766 8050
8314 2406
6292 5833
8536 1073
7560 8213
3385 4481
6234 5580
7277 4342
5900 9892
1819 7094
2449 9289
1313 2728
1079 79
5026 9700
9814 6571
9398 3145
1242 3934
3235 6481
4873 3620
3736 5754
7306 8088
5939 8891
6373 78
6076 4647
2990 3151
9964 9240
2079 2510
8184 2276
7222 2658
5275 9625
9419 6910
9470 6670
1176 5348
6851 3460
1046 4105
3564 9486
3890 1280
1941 4751
5971 6712
5450 1679
1174 1196
5832 2962
4727 2028
647 7228
742 1545
8129 4692
2234 9803
8210 667
8838 4393
5322 4068
3992 5807
3172 747
4544 2315
6533 6585
5207 5205
1856 1121
3074 382
2765 4246
717 5782
4132 7315
3272 2087
6554 9527
2317 6301
7576 7596
51 8929
5237 5475
4370 3942
5036 4196
8136 6125
4915 5248
1987 8609
6355 8056
1024 201
8051 8540
2996 6749
7222 9618
189 4449
6815 4519
8129 1719
9287 6231
5727 6197
2470 1335
193 1343
7694 1059
3079 7581
9567 588
9911 5806
7224 5780
9732 7995
3916 6702
6026 8138
502 6322
2622 7386
1138 5281
6063 8748
5933 8969
7456 6587
8832 987
8949 3315
5812 3667
5724 6610
8162 4191
4055 6120
7060 9614
2159 8052
496 5714
346 6293
164 9182
5712 7387
6261 1087
9227 5779
4 7486
3288 2744
4897 237
8198 4203
1959 479
4707 1751
7909 6458
4022 3551
503 8114
3498 9782
1934 7524
3876 4672
5167 7040
9678 3961
9395 1861
5496 9006
4664 5833
4019 1162
6188 9261
5422 8415
7632 4945
1340 4936
7088 600
3188 6203
7737 7438
355 9541
7699 6057
9483 2232
8222 6567
791 7429
4913 3335
9358 5298
3933 5123
8428 2594
9731 4065
6176 446
680 1644
1476 6732
8304 8238
4370 178
1826 5526
1963 7059
8783 2872
1458 9121
8362 4632
566 2210
6100 5909
3758 8222
6550 6357
2850 8898
7502 1819
8284 8144
4354 1146
374 7181
6992 2581
9933 2772
1894 6886
4173 902
4979 1693
1787 120
1749 2576
7541 9682
380 7476
7425 8574
670 1851
587 2632
661 7190
1313 1992
8063 4440
2477 2276
7042 6127
2085 2164
5697 5606
2950 9574
3577 1098
8641 6296
8394 997
8904 4424
9517 374
4760 7256
2812 2302
6751 733
968 3355
3719 8167
3492 829
6185 7742
562 5297
5204 5083
1326 5953
1741 128
5068 1899
855 435
9601 3114
9657 6492
3040 2093
9116 3185
2228 6891
9449 5209
8534 1900
8001 4844
3188 4195
1052 3644
6653 3687
8253 7410
3351 4572
3126 4755
4063 9225
7734 7999
5853 4892
7877 5604
178 3922
7116 6696
9180 2134
1331 4790
6811 3896
5808 1425
6137 5736
4294 5024
6635 1205
7324 1137
3462 8998
1992 5526
8943 6989
333 7857
8285 8509
1751 2332
2377 3184
3404 6114
3739 9553
6342 264
2902 6999
9670 624
7187 2435
1363 2005
4195 1709
466 2356
882 8332
5553 2485
1794 5072
6083 8436
4627 8402
1046 5149
3587 663
1912 437
7895 7542
6982 639
4447 5804
3286 3893
755 1355
7532 9392
3194 1597
6511 8212
7780 5953
7844 1159
2918 5727
4452 1529
9864 8712
1474 8495
1389 3148
3542 7949
2900 5291
2977 671
8594 9059
8861 797
9460 8413
8149 587
8655 1168
3389 8048
4976 9053
9152 9505
6251 7829
8599 1191
500 2253
7894 7007
2223 254
4109 4343
248 1443
5672 4601
2496 4923
5320 5903
4924 2014
2854 7078
9706 9220
6963 8212
9131 5188
9116 4753
7442 5907
5696 1257
2176 7747
9702 3741
5073 7174
4983 9369
7797 7080
2305 9461
5061 2513
2328 2521
8431 641
8586 3659
5185 866
2100 4922
2208 8781
3025 6149
8387 9467
3452 6202
3036 4513
106 4408
4770 207
6411 8903
6182 3295
7542 3859
6430 987
8344 5996
1073 7547
8561 4932
2411 5364
5907 4917
1603 5055
8950 9754
7418 4325
6859 5759
8316 4026
5677 4563
3192 8248
6264 9272
2382 4812
3851 2441
5601 2625
9971 4255
5691 9465
1976 7792
5525 3065
4118 2586
3394 1208
3892 7732
2727 1492
11 6755
1247 6833
6517 7992
3539 7976
6061 6781
5652 4509
3690 9007
3616 2854
955 3813
2376 7409
2769 4251
9825 4574
9779 2785
733 9877
6264 5597
7185 2553
80 5063
2191 2414
534 5605
6801 1593
3513 2350
1745 8646
9192 1479
1323 7673
5670 3594
7398 6119
2246 3677
9735 1256
383 8202
7007 6501
3554 8319
5734 3858
576 320
9342 6077
9256 6179
6334 8331
9668 7107
5273 1564
6128 7040
1606 3736
195 9328
2491 1219
2959 3063
6985 7553
255 4152
8189 2628
415 2764
150 987
6408 9525
4135 9037
4530 773
6569 4641
76 3318
4787 8200
3905 7346
7423 2520
8231 7440
4348 9106
7133 3722
1040 7850
4907 697
6318 4776
18 2622
1436 3275
3875 3373
664 1648
3706 58
3061 5680
4659 9700
111 4887
5139 269
5146 1012
6053 245
6842 9659
9496 335
9661 3651
1 23
2573 1244
6096 5153
4091 7339
9888 5212
6781 9551
8729 8399
1821 9053
9664 6841
6554 5143
2724 4231
1596 9042
6092 4325
9197 1114
9985 4593
5261 1322
6744 7927
5037 3065
3911 3862
5308 395
3915 9811
3110 715
3990 2815
1715 6290
3844 3798
6555 6721
648 6346
6516 2096
8011 2734
5832 8432
1130 9207
7422 3626
4606 977
7275 5194
9285 4804
1412 8819
4034 8715
7739 3300
4927 9008
9916 5155
8352 7582
3980 8994
1071 1381
7270 8272
4985 8435
8102 4782
3955 2162
2275 7013
1960 9443
7237 9010
3656 5546
1053 5697
1255 957
1099 6976
4321 5583
8591 4995
2131 5230
7753 3152
4020 8881
1554 4956
862 1982
7181 5546
8347 4175
9631 4159
8205 7610
1213 9841
6803 5687
2265 3075
2507 3676
1837 809
6413 6499
865 4137
3849 2981
7207 62
8922 1208
8882 9994
9910 9975
3544 7311
7699 7059
242 8769
6474 2276
2207 1751
9633 9071
6710 4305
8858 2262
7915 3675
2549 7517
886 5855
8088 4657
6052 1658
7800 3060
5868 7665
9362 1016
3807 9328
907 5218
4951 52
1256 7070
5074 8906
6231 8536
8054 4659
2154 9553
7554 4215
400 9204
4778 7592
7289 9747
1605 1852
7286 4632
1977 4185
2150 8597
361 2642
1681 8609
5321 2766
9201 268
1562 4350
594 8558
635 4674
9814 6747
1797 8655
9257 8436
6057 9087
6926 163
5922 249
2210 1382
1790 3838
5962 8917
9780 535
9906 9088
7582 1691
1317 8221
537 4890
5155 2614
5231 2330
6836 2211
1022 2818
2575 2123
9842 1251
5699 9353
1107 4658
4556 4039
4078 5498
9223 921
5785 3562
4810 3378
2488 4905
5966 9071
629 8679
9552 3334
9750 4004
4883 3659
9623 2402
8253 9212
55 6493
4839 5228
3056 862
5609 4282
6018 1731
8203 9195
3961 4207
679 4446
8680 3031
2273 8801
8356 5130
2075 3537
4931 9345
2440 1545
3710 3830
179 7768
6023 4578
1279 9830
225 891
2273 6004
8613 6553
6 6656
5961 9840
9950 6641
9282 9341
7619 7353
8588 9071
1164 324
5376 3419
4676 9229
7478 6778
1241 6456
3717 3106
4464 1972
7444 8835
9640 9755
4357 4377
6256 74
1074 8475
7321 2118
3074 5610
4837 69
3572 3369
1286 6988
8435 2056
1453 179
4025 2934
5606 6331
8249 970
8603 4094
3097 4027
6570 8611
3643 4364
6842 3778
8818 2938
4126 4070
9097 6540
2310 9215
3757 7722
3050 3561
5796 1
6962 5056
4888 4436
3068 7492
9819 2967
270 9883
2677 4982
3215 155
2434 8584
9443 6818
7829 38
1281 7732
2483 8646
7473 4798
9719 3634
8821 6194
6960 1804
3084 4255
8117 228
4221 346
9735 8937
9937 7154
3367 8460
4921 2092
1219 2604
2135 4149
8200 2835
5110 9922
4355 4571
4337 2069
9199 9421
6658 5903
2396 1396
6026 7080
4323 2444
8597 5392
1542 3140
7993 2199
7963 4856
8723 3559
7269 2406
4477 4426
9524 1383
184 8160
213 1140
9783 2648
5705 9108
9084 6389
2484 1121
3041 5058
5963 9538
7246 4187
7212 4022
4820 8186
8077 7720
6709 5691
4061 8011
9770 1995
7081 564
2370 5033
6859 6490
1816 9878
6220 1992
787 3403
8847 3234
4198 4571
9756 5341
2793 7157
6828 8226
8519 6918
1138 7820
1024 5837
2154 634
2894 7285
285 6532
4772 3479
381 260
7473 2858
8558 7324
6186 3633
8098 3197
5955 6595
9875 3521
4456 8687
8308 7907
5448 3007
5669 3050
6831 218
9125 7500
7566 8092
3710 7785
4073 2519
416 1040
7881 4663
1993 8163
9056 1583
500 1574
1782 6962
2919 2919
6695 9306
1209 8411
3909 5271
2949 9146
9799 9790
3411 8384
3848 6869
4555 9677
6858 9441
2463 8656
3626 9676
6028 1294
4921 937
8766 7196
5752 3683
7139 1041
1080 2433
5331 7071
78 2161
788 4332
5289 9912
8748 7239
1256 8587
9452 7840
6400 9903
8296 5173
818 9032
8807 7375
311 6840
5841 5331
2783 1132
4000 7780
5695 8134
9719 6595
1847 6842
3311 2500
3867 2000
8297 1620
1282 4973
1306 795
7456 547
202 3790
6221 7433
5949 7864
2803 4031
92 8567
214 7394
9909 757
8510 4105
4783 9238
8007 9113
4172 7512
4935 6627
6323 5335
1651 145
2268 2900
5360 1483
127 9732
6050 9540
1758 5147
4444 9763
3619 2681
2562 4562
7560 7209
2563 4317
9341 3528
4421 3121
1405 6421
7380 5833
6365 5922
5584 675
3182 8809
6808 7054
6774 9344
8543 4218
4783 8155
4161 2007
8789 5001
8280 1415
200 543
5939 5413
6661 7725
411 6682
5590 217
7100 9265
5232 4125
4152 7083
3483 6218
9771 5546
6939 5165
8317 662
2916 2954
9395 6333
7339 7102
4799 3013
3738 3137
7029 3083
253 2394
3753 4927
534 9520
6435 1860
6531 7213
1133 9017
5039 7160
3470 3738
5317 1455
2871 2348
302 2361
8170 6902
159 7798
5289 2505
3860 5346
1032 4543
2937 5933
9065 6123
1794 132
333 3971
1589 8371
5823 3426
939 4303
6638 4002
6301 9885
3495 8519
6559 2073
7493 9982
3531 7407
6813 8342
2672 717
4994 8666
9135 5593
5386 1412
5385 3505
9099 2100
5714 6807
8463 1026
7826 1746
9239 1733
8490 8072
3620 7669
181 3402
2382 515
1605 3291
6035 2017
6584 4127
9713 7115
9166 5959
3084 62
7773 8490
3727 8824
6766 3298
1661 9242
1903 1820
4489 8966
862 7994
7802 7064
5653 3949
6691 6725
5829 6349
544 2967
1826 4264
1168 9264
9674 5321
2479 7759
8843 4874
4648 7435
3373 8339
6733 5228
1460 694
669 6889
3160 4777
3914 905
4454 2309
3860 7507
6307 6826
4841 4997
7165 2233
3574 8579
2719 7329
3179 4891
5992 9666
5663 9445
9792 2490
1890 6789
171 72
4068 4350
9256 9681
818 6526
2385 2139
6150 8055
8558 1948
858 3448
5167 4982
5252 7067
9659 7126
2819 939
8258 4730
8158 6004
3389 7103
5328 8164
1211 7707
4997 8578
9570 5253
6792 9866
4019 1684
11 2230
5827 2707
1635 9375
6944 5035
6318 9043
1867 4906
7734 6083
1503 6944
9222 4977
4898 4151
8559 3010
4847 9836
1756 2561
3044 996
753 4701
7932 9721
1935 448
400 2762
3053 2112
6940 9177
7575 6618
5229 7592
1035 5124
586 7829
3654 5931
481 1277
1331 4998
2719 1500
5552 6051
8726 7765
1985 51
3377 8845
6668 545
1743 8277
1113 1830
7054 2537
7630 1149
3622 2022
3230 6191
4459 7197
523 7704
1422 1609
4233 5653
1913 2028
5559 3722
6133 5317
395 550
8 8462
6458 1831
9495 3839
1117 1525
1395 5388
2371 2331
1673 640
6046 4409
8245 5793
63 3170
9753 7246
3256 9748
5060 5247
5277 5245
297 1116
4428 7482
5890 4003
3800 1815
1754 3892
1000 6675
3534 5319
1903 1251
8781 9796
6980 2190
4400 3121
5682 4986
8923 5575
8947 7504
9913 3493
4791 1865
1179 5895
1220 8981
2751 4975
1885 1313
9897 6039
8260 1673
9207 6867
9103 4684
1450 7787
808 4100
4714 1608
6591 8848
1994 9022
9590 4321
4103 1223
3716 4231
9233 1945
8025 5843
5241 36
6032 3569
9249 6162
8317 4757
6734 3033
5940 4142
1757 6848
8099 8273
4524 5327
6043 6170
5864 3682
8404 8824
5408 6829
2361 5603
4972 2647
3099 879
7594 3636
2283 3415
8127 1063
9186 5219
8938 7597
6929 3659
1939 843
7947 2454
2127 1797
8324 7091
9580 8217
2952 5179
2311 8353
3386 6314
1762 1380
7189 77
4780 7536
2806 8900
6215 3146
2808 5866
4281 5403
6559 8866
1650 5681
2782 3020
2179 3137
8212 8090
4286 9020
7159 6816
8548 9639
9852 7529
5869 310
9686 1872
4932 7951
9614 5019
9829 6316
1551 9199
5809 8740
9593 8069
263 647
1159 881
6443 1691
91 8138
182 759
8554 609
1536 3870
5519 7391
9304 1769
2178 6377
6530 4359
9522 7724
1537 6447
4451 2837
5448 41
4461 265
2265 178
9400 848
5375 604
3951 989
9706 8800
1231 5082
8068 4905
8711 1408
2323 7281
3912 8938
2211 1303
1201 1441
5822 9490
1828 4403
3042 8734
2565 8233
5150 1091
7981 2287
6881 6007
3266 386
2776 4249
8059 5602
502 6407
3824 4407
9672 4951
6267 8233
9174 8105
9311 1443
3733 5659
8730 7578
6664 8503
8017 5557
2960 7250
7381 2385
8081 7206
40 4004
5363 1046
6009 5172
5671 660
4577 7798
7323 4837
9207 2893
2380 8762
8275 3698
8607 9036
1583 996
4720 861
7678 4633
599 6952
6564 7062
8757 45
1053 8564
7794 3337
4691 8902
9405 5229
5362 2822
995 9320
5235 4297
184 8959
5294 8094
3020 3136
6621 8193
1059 3483
5589 330
9045 6114
5650 7267
7020 2778
2405 7998
4295 3881
9813 6601
9849 7800
2074 3293
6210 247
3872 994
6631 379
2587 2349
2993 4464
447 3992
8143 6373
9825 5265
4078 5447
4405 9638
9478 7328
478 5062
4680 5880
9259 1182
7128 5958
3588 7617
8040 9409
369 6947
1262 4563
4986 3700
6257 5793
6612 9682
5948 434
2626 3594
2121 5908
9198 701
6964 6936
4826 725
6721 516
2735 8578
2416 5904
3307 6064
1279 98
8716 9451
2748 7006
5150 8989
1412 3999
1078 484
8488 3685
7942 9670
9849 877
5685 1812
2880 553
4113 8669
9397 2718
880 4946
5784 7736
3029 3886
9311 8009
7908 568
9047 7834
4898 327
7538 8997
4517 6740
2130 9505
3979 8929
5819 2937
4069 1091
2484 7488
1029 6860
7970 309
1999 4968
3141 4707
9289 5310
3505 1108
6582 1542
3896 5525
6524 2486
9147 1488
6832 8186
627 2412
1250 4001
2578 4432
4744 4807
2331 6576
8241 5242
581 1291
5285 4530
6704 715
2902 9000
5219 6294
8652 4847
5066 9916
9934 2739
5181 290
1165 3058
5377 3708
4854 1481
8727 4895
1764 2589
8121 1832
9182 2177
7168 1365
7138 3565
1889 1266
8126 4805
2624 4220
1162 9325
1845 5992
9165 172
8366 757
7682 8832
1881 5479
1136 5703
7935 4603
1758 5327
7360 3078
1049 4846
2848 740
5250 7472
5354 9699
4987 5716
594 187
1746 6872
1505 6617
3113 3352
396 6764
8517 4463
5393 5581
5963 7518
3293 513
1909 4779
4698 563
121 8981
8925 2692
1704 5974
8533 5146
860 5919
9615 1114
8771 8761
2800 4145
1247 6422
8883 5966
8404 1826
2223 7913
9540 9140
146 5033
6626 2522
3687 1573
3283 5107
4034 321
6144 3488
4327 1773
8288 5734
7432 8666
6847 5350
8632 8420
6822 6012
74 8314
5053 8895
8241 4822
8448 4687
3082 101
1813 3127
3449 7993
4454 1207
576 5541
4785 8177
7118 565
6153 7594
1169 8444
8470 2872
5169 9649
7029 3341
263 8119
4278 563
4047 2687
3154 2547
5546 8956
4582 2126
7696 1464
1509 5613
127 4135
3161 1741
1857 1633
7157 741
1802 3322
764 7443
955 4275
110 8652
9853 1215
6453 4518
5920 6002
5372 4994
2057 6542
4554 6025
1873 3236
77 9419
6185 9047
9862 736
1507 9489
5989 1063
3401 2609
3530 525
4302 3656
8166 9638
6084 2747
6156 6329
235 7266
1707 2504
2736 6056
9262 5330
7907 8228
8681 1846
4175 3732
527 6497
8204 4522
9291 127
5169 9835
3256 3396
2159 5783
4088 4048
6476 8875
2290 4525
624 9683
9299 3142
8405 6946
144 7320
3989 6060
9661 5570
4933 3464
6522 7249
6543 1659
4479 509
4634 2163
8464 2043
8122 2880
4962 7534
3023 459
9254 2447
2458 4424
4834 8093
6993 8229
3492 6032
6071 6017
4507 4738
6023 9556
6985 138
2329 8162
4871 7703
3323 6488
1800 4482
3677 8538
545 6063
2484 6726
5914 9008
5740 4322
5828 1224
6307 2543
5734 9367
372 8615
7467 9130
9764 485
5238 3659
8810 2632
7179 3296
4455 668
7168 6791
1870 8649
5278 8085
388 8493
579 8766
3333 3967
6062 9511
9678 257
568 3571
311 4732
3329 3854
7075 3468
8786 2913
7948 9187
2809 8467
3261 6060
6571 9056
3396 199
4842 1610
3923 8099
4991 7191
3440 655
1354 4076
4852 2845
7817 225
6753 8162
2637 8836
1676 9344
6197 6408
3503 3864
4404 4787
3818 665
5436 173
8753 3865
3188 5639
5172 1733
2064 6241
6645 4695
4376 7687
7372 8448
2656 3636
7860 1268
942 7659
1740 2489
3887 5001
1600 7380
9084 6973
2664 7515
7800 8915
2691 1836
117 7022
5616 7561
1027 1103
9159 5711
1383 135
9959 9800
6922 1685
5357 6918
5229 9644
6816 8716
7619 2311
6232 9070
4656 8550
5500 159
778 1301
3232 1892
4478 7667
3911 7116
1354 8944
571 3061
1411 3340
5013 5439
9133 9000
3414 4628
4931 8368
5724 5585
3279 5031
914 7043
9775 2229
1520 1892
2580 3019
598 3609
1360 7216
2443 1830
9961 107
5459 6467
7678 8742
2934 2192
5734 2028
8631 358
6993 4964
8217 7496
7305 9064
8621 3766
7826 6734
9843 6640
3439 6483
5176 819
4267 2416
2505 3601
5929 1708
7287 1395
4688 719
8459 7217
1174 5108
2072 9774
8292 8210
6683 9436
1105 2854
8826 4806
9327 6003
1496 6379
7589 5750
191 1440
7386 3517
2322 117
5870 432
1810 9360
619 1489
6479 172
4480 6833
9114 2911
588 9980
6561 5523
9901 8239
6639 4668
3394 7896
7154 5307
6672 3586
3989 9462
9996 787
2260 1472
6119 1635
3274 4545
7640 7242
8023 6818
8953 5903
5804 8967
5688 5972
6285 4853
7948 5374
5317 1354
6899 9029
5853 3419
3296 5207
711 5166
2516 5481
5581 7475
6008 6291
1489 5226
292 4909
8151 6291
1724 6545
2989 8074
5206 9134
8987 6473
2203 6904
3708 9526
2984 8914
7422 7688
5840 5055
8641 2291
1737 5469
4495 2204
4653 3587
3448 8291
2143 4050
2335 5628
6704 8585
2633 3997
9310 2452
6733 6321
3787 5242
1912 4051
2144 9402
5977 6581
6822 9551
5184 9232
1705 3002
2458 6782
2489 6680
6739 2282
3633 9331
6401 4471
9299 4801
2675 7817
8279 6093
6008 7997
1438 9587
1166 3257
6354 6840
5922 4352
9439 96
5872 3782
9913 3361
7448 1266
9738 5828
1321 7010
3812 9230
3078 4829
693 5383
5498 5182
3629 8096
6523 6207
1814 3001
2413 8896
3602 8849
5879 3561
595 6629
3085 8805
9213 2519
5156 9232
6917 1451
8765 7424
9283 1792
5970 1013
1175 5452
7679 957
8877 7956
2930 2181
4754 6572
302 9252
68 7473
7122 3993
931 847
7457 9769
2472 8009
1310 8094
464 5265
5415 7782
5592 6710
8389 5211
1504 5985
9360 5631
9530 1845
208 8768
2748 695
2149 5193
8295 3428
8115 8189
7122 4547
6521 1992
5266 5233
8540 1203
4179 2177
5175 9012
3790 3739
3335 1893
6570 664
9660 6602
7765 1320
8871 397
7513 7329
1684 2000
5606 7080
2680 7953
5972 752
4872 6597
8779 2050
6963 9080
5123 3623
3383 4966
490 377
3197 4662
133 6077
3009 308
6422 3546
8162 1465
1234 2627
2769 979
4560 1250
7162 2125
3821 5809
9168 4021
3828 3470
4298 7414
130 210
8163 7300
5310 8246
1579 8576
2959 9970
965 7997
7340 1964
3260 2935
1842 6981
4770 9936
1718 155
7138 9552
6202 3103
1062 6000
7568 4761
7136 400
3922 3976
9049 6603
9147 5576
9521 7624
6871 7063
8186 9035
978 6277
6905 7765
8079 2642
1986 9063
3891 4703
3937 569
3479 869
5933 6205
5331 1196
4254 3126
3283 7157
2412 5976
7856 1683
248 5412
6254 8831
1983 9409
8406 6877
4369 1933
3663 7689
9005 529
7582 8556
1534 4384
8127 7471
1027 1406
2233 7642
4483 6667
6431 483
9584 4884
9578 8157
7989 4906
5010 2761
719 5657
3878 8804
8749 8492
6887 5998
191 2226
51 134
481 9661
5650 5355
5116 6766
8875 869
6666 4999
7357 1980
3389 1659
3371 5455
6298 8633
1207 7465
4196 4453
150 7012
3366 3898
3785 9820
1492 6429
5636 5070
5742 7480
2275 760
1506 7237
6619 2553
6972 9608
3296 42
5569 7002
3629 4082
2177 366
5302 2441
9241 8984
6969 8180
3959 9988
9005 3805
1248 7700
2567 3080
6749 3616
4334 9979
3225 8724
912 1588
7675 9894
9742 6214
5372 1989
1055 4839
49 2227
4173 147
8414 6203
6690 6588
8887 5404
8198 7342
3012 6385
5416 9235
4587 1972
9389 3527
8403 3198
5849 6905
979 1234
2716 3260
5485 5193
3274 8747
1558 1895
6875 3852
7268 9198
9315 6935
680 183
9978 6927
1175 9343
3566 4067
1550 7651
2147 8487
9027 7745
1876 9997
4269 8390
401 6813
6000 4697
9609 8460
7111 6325
1980 9123
1507 5750
4536 887
5337 4496
2679 7633
7321 4780
903 4890
4974 5055
4793 3122
9237 2140
8470 9611
2946 6676
5728 4370
7619 9180
9080 2392
8612 8894
4900 8997
7548 5115
8813 6696
5899 6700
6541 5343
1831 7653
3438 3298
8301 2388
7965 4658
4085 6781
1687 1473
422 7079
172 3847
1345 7945
3754 5221
7015 6203
748 1367
9466 8096
1786 2403
599 4339
6169 1760
4034 6190
7991 2707
8731 7828
1291 3382
8409 7667
990 9814
9451 1286
9082 7339
2091 2020
7246 8846
6856 5581
3032 1099
7045 2214
6546 3319
1756 8035
1623 1915
4714 4058
8837 1926
6192 1985
4547 8297
9714 8086
9768 3357
9567 5238
1006 9889
9374 2626
1959 7665
5045 6978
7112 4683
9415 1475
1842 6367
1489 174
3445 3584
8502 432
8706 8588
7208 5498
6998 7723
8968 1798
9690 6509
7202 1497
7296 9585
3468 8726
6241 5700
8795 1978
8707 6643
2429 5492
9759 9755
6210 8993
7936 769
5149 3512
711 5644
7683 2489
9796 80
9761 9244
8109 5171
3561 5193
7680 6568
6910 9007
3511 9454
4244 1543
5375 1803
6163 9760
1142 9930
8059 9640
2896 1188
3496 633
5065 3591
2366 9760
2450 5639
5723 6212
4384 6433
2012 1434
1572 5264
2399 7222
2303 3375
3982 5277
7338 4475
8229 6654
9798 662
3956 1461
1385 8736
1729 9232
3117 4794
1273 9738
774 6762
8418 7122
9115 1005
4152 4671
7876 1980
2458 5328
4890 9355
9470 7711
9531 5887
49 3647
4703 6526
6480 1741
3889 5716
5320 2073
280 1965
3609 6145
6275 4133
2356 728
5552 4102
7553 6970
4939 8871
4876 8185
7257 8153
7774 9281
4783 1956
9976 6902
4296 5733
9155 4268
7743 2271
8672 2840
1350 2032
4726 2273
1822 7062
6064 1458
5635 414
1817 4998
3624 9572
9932 4610
3787 2826
6892 3100
683 5340
2971 8983
7968 4827
3152 8177
4356 2365
6320 2608
6044 3832
296 7233
1281 7575
7650 7511
2417 2650
7127 2685
3726 6850
5986 9199
7332 7555
8363 3162
7947 3017
6383 2935
8450 9953
5365 3959
6346 8086
4147 5054
9550 3133
632 6210
6683 6408
4525 1522
617 4681
5722 98
89 3273
1652 6240
4094 783
7484 6613
6295 7409
9795 1683
1546 9787
1197 9196
694 8902
6761 4674
9727 7526
8850 2634
9784 5022
9641 3116
7999 1754
4715 4584
9158 9806
5625 7057
5227 4200
1016 74
6198 6200
7482 170
8802 2916
425 6582
2163 2013
7259 2956
8601 4949
5261 3081
6641 8486
5611 3673
5098 3049
4260 622
1684 3273
7495 4336
4193 2643
1273 1546
391 7801
2303 4846
2295 1633
5298 8521
9175 194
1095 7939
1195 4795
2473 1622
7722 5609
5476 6493
8579 9113
6244 6507
1991 5180
5692 3795
2494 9578
2880 7253
6423 4999
4908 1707
1954 5174
1741 8642
2504 9731
5123 914
7033 4154
4024 3827
5436 8954
1712 7518
7553 4408
5312 8965
5084 5137
9873 5889
2714 9346
8210 5417
884 4685
9008 9548
7569 5749
5791 4238
6387 461
4561 9040
939 6582
4802 5173
4748 8082
7969 6663
6093 3550
5766 5355
6668 6091
1675 9919
936 1205
1920 7068
2900 8082
4850 8141
8498 6824
3610 8192
3474 289
9327 3385
9617 7877
3752 9574
2928 888
757 1063
7870 2661
2377 6679
4934 6193
2499 5845
690 5172
3396 3022
6993 8838
8787 1167
6842 2047
2015 5663
5372 1061
8984 5612
5909 4016
4824 6999
5295 4771
561 5697
5061 2624
5179 6452
1406 3234
7430 6212
5082 2495
3621 1833
2741 3658
3274 7097
1839 4714
5053 2167
8209 4733
8710 3479
6212 101
6063 1267
3617 296
3538 3141
8002 1473
4603 2304
6884 8602
9612 6663
8523 9771
4587 1474
9985 5062
5095 9772
9048 21
5699 7044
2931 6032
3999 4360
1635 9148
5094 949
1904 1036
8665 9385
5717 7802
5418 6272
1256 8526
3785 4720
6490 1558
4022 1698
2728 9562
9222 7865
5755 6172
6210 9929
1968 3490
4061 4770
3224 9636
3418 5957
9589 1938
9964 8973
7819 7665
1995 5866
2143 4748
9762 6821
4759 4902
7623 2365
2231 8500
7772 7419
211 2580
3794 975
5142 6994
8553 2005
6455 2063
2732 7722
7647 9909
7299 4743
8421 7894
6492 3952
8798 2300
6747 6002
3614 1827
8950 338
8744 6478
574 6049
8116 5179
18 5618
8316 8239
1171 2034
8230 7970
8916 3307
4570 4975
6847 2888
4448 2392
8465 7247
4015 9789
2703 4052
5966 6824
7471 1970
1676 3038
2520 289
5000 8452
1287 8084
5630 2535
1113 44
747 3132
5088 1331
5487 5746
6854 8502
1450 6877
6249 148
3142 3047
9998 7059
6105 3726
789 446
1523 1911
2337 258
7661 8311
6786 1504
6583 1082
1058 5967
9793 4541
3398 7957
3966 5998
4228 3738
2605 5354
7202 7222
8386 4321
6613 1503
8811 6196
4724 8251
4959 8172
7018 4199
7251 2956
7160 7474
8727 2431
7491 941
7301 4842
7897 794
7486 4
2979 9548
4856 757
8561 1675
1714 3785
4986 8599
7431 2879
6409 9143
3186 8462
2038 2286
7257 5450
7937 4944
4967 1343
4332 2696
2013 7175
7902 4462
8304 4597
1292 7790
4874 3495
6814 1155
7927 3529
3628 9514
1329 2195
4709 7580
7709 6967
7161 5239
7329 7669
3885 9773
197 3925
9428 5815
2335 3755
745 4359
5106 9219
5185 6884
5780 6733
4449 7097
3472 5908
3304 991
7750 6900
8874 2576
7400 13
7357 1402
2478 7929
5773 7942
6404 3550
4685 2133
8819 1813
3228 3217
5747 4588
91 4674
6145 5253
5575 2971
6298 3210
266 8973
6890 1014
8017 150
8719 3103
9720 5796
2892 8275
5352 2543
6454 6022
894 9789
2796 7676
8940 3130
873 3493
3232 1866
4285 4347
6155 4632
2067 3704
7414 107
9968 4447
3176 2228
7460 1522
3598 4171
5220 5262
8862 3461
3210 6836
2476 5332
5042 7442
1699 1518
9231 5662
870 3425
6959 5043
1792 1646
3564 8259
296 3284
4204 6693
3781 214
693 3836
1198 6292
8793 8423
7256 9061
6573 2670
4584 6933
9543 5364
6633 9988
3561 760
5944 9651
5283 4384
1595 803
8283 6125
4719 541
4834 5590
1621 1471
3550 7927
9983 1171
4743 2793
485 4464
2553 163
1274 5545
5678 4265
6787 1595
711 5794
6038 2687
7308 6463
8394 7987
6539 9328
802 636
5112 6486
2229 4111
7814 5087
1705 7979
6835 6092
1655 3838
491 7020
7785 1036
3805 340
4207 9133
7407 3693
970 5830
8332 5849
3638 9387
6124 7012
6690 3005
5205 2543
2845 9393
171 6618
3657 6062
9800 6045
9929 7980
4945 8575
4711 6139
2396 9411
7850 5596
8440 2586
4616 7788
9781 8427
2235 2940
5988 9423
7153 5535
2098 9397
2705 3450
4468 8653
4799 6410
7083 4660
6402 7697
3169 5647
8806 7347
958 7757
7192 8918
9157 2908
2752 6428
5852 8909
6908 2479
9229 2869
7211 897
5667 5516
9923 6296
1205 4369
8702 1210
3825 7474
4403 5373
4143 3975
7836 2224
7262 7162
4945 8769
4941 1371
9420 848
1687 7207
2474 5160
6066 7024
2865 3858
7994 8035
5993 2513
1352 8036
1242 7807
8488 8327
1224 6951
5009 5989
5648 957
9392 6539
3782 5522
1387 320
3617 1677
9458 6800
9804 1284
9367 1067
2174 7787
8674 4110
7230 5576
8141 4466
7450 5751
7308 5572
523 8195
4889 269
3077 6188
2344 5965
8649 9406
2775 2398
2774 635
1479 1938
4767 7194
7715 8979
9801 5063
5573 5650
5306 5365
9341 1689
5939 7045
480 6530
2739 1831
6839 6592
9820 1125
7487 6221
1228 5699
9575 2306
5966 698
5759 554
6103 1272
7390 9091
5494 9935
8104 363
7215 8197
7458 2034
1972 5171
7607 471
4114 6154
6439 2674
2671 7761
7505 1131
3835 4800
1848 5460
4491 4690
2413 6040
1213 9144
4016 2499
168 2716
1051 2192
1575 8129
8895 9810
3685 1908
1220 9522
3375 6041
1555 7134
1620 8037
8053 9315
4619 1017
2938 2763
3757 8329
4169 3795
4158 5433
3639 1017
9586 9902
246 5475
5187 7564
6790 1101
1572 8880
8752 9460
138 292
1763 68
6899 4632
4880 8157
7635 4443
9055 3580
7140 1458
9560 2701
8529 9672
8132 5644
4467 7788
1539 652
1782 2741
3368 6676
8725 7140
1302 146
4589 1790
850 4662
7671 3603
6823 8648
4725 8058
9635 4897
8138 3888
9097 825
8352 8520
3319 2612
1287 467
4426 6524
9908 3257
6818 9947
4247 8153
7031 9054
546 9623
8514 6762
791 4018
2843 2708
1270 1568
907 9228
8967 4131
2630 3193
1661 6625
6501 7568
749 178
1973 2474
6582 689
5323 8015
7135 2337
7646 2785
8709 9096
5504 9412
2597 5940
7066 3816
8566 5005
9305 626
3089 175
854 7391
9834 1882
562 463
2164 5713
9128 5258
1749 3170
2935 1699
1750 6920
1493 5397
3844 2482
8738 2904
1812 2980
6623 36
6275 4644
20 9482
4398 5065
9703 3239
9980 823
2668 5747
3613 3544
2497 6334
9270 4055
9473 266
8492 8177
9769 4957
1567 3724
7041 3342
2402 5937
8559 8880
9139 8863
8205 6613
7306 3972
3172 4502
9925 7739
3770 8415
940 7995
1807 374
6875 5271
6107 5008
6494 8178
4671 5751
4106 376
6377 3001
8665 5271
8589 5083
4541 9753
1765 4655
8836 4061
8008 8645
7879 1040
266 4379
5163 6912
6073 5567
1775 5503
5421 4875
4449 1953
4464 7278
4446 9715
9111 5798
2326 1839
1529 2020
5587 3316
3556 7038
3371 3105
1946 436
8928 2698
6817 2535
8248 3896
457 1979
7402 7758
4225 6059
5054 3885
7482 8530
1962 8011
6924 9127
4598 9343
1269 1088
6684 3097
7126 6165
8133 9548
2867 6631
3343 5685
4587 5317
2377 8384
2742 8052
680 268
5013 1279
6879 6676
5474 5535
6892 271
6027 7719
7676 2323
6130 5209
1256 4476
8836 6665
6876 6241
528 4964
7320 3683
2949 7211
6311 8928
2380 204
1024 1670
4540 3745
7012 7322
4012 7250
1240 4610
8186 3498
9857 4005
8630 2233
907 6810
911 3556
3353 1952
9106 3458
7478 366
3446 210
3712 5789
1242 5596
1042 3287
8401 1000
9590 1122
5696 263
2160 8158
5219 4820
4949 1999
6948 3105
1289 4502
3365 3906
9964 8978
3676 4159
344 7922
6780 5378
4307 3591
2647 6084
7553 4046
7279 4537
9080 3211
9023 1910
401 2570
354 8680
7167 2664
7087 9108
2816 9167
1695 8862
6762 7700
5767 152
7508 3699
3985 9307
4910 3303
4055 1349
972 3430
5005 2963
1831 2573
5629 1199
9014 3565
391 2823
495 3434
8921 6176
5569 259
5729 6134
4064 4152
9471 5400
9946 3143
1102 7539
5285 4174
3072 5231
5360 6058
9002 6717
3787 193
2132 5061
5353 4857
8643 5973
798 5514
3086 9926
430 138
9788 534
5699 5665
2842 207
9664 1855
9092 4861
5391 9690
7573 3888
6910 8109
2235 693
1992 1046
6089 9008
449 9410
3567 6174
438 797
520 3266
6170 3949
6933 3791
4935 9637
118 4389
6697 881
866 2060
4574 9907
8657 7361
1058 6467
4993 5947
546 486
6439 3761
5338 6808
5078 3597
7453 721
202 513
7029 1565
4702 9152
7285 7126
1730 4155
8382 2640
4413 2654
4002 3212
23 4006
5111 1154
4289 3583
917 7723
499 3486
9563 8021
9715 285
4866 9817
8478 2296
1031 6337
9959 4149
4690 6116
4673 4159
3147 9362
1091 5156
5865 1271
8271 9915
7780 6270
3389 8026
1848 4711
2740 5789
688 8012
3189 8267
1616 6856
8349 2202
7459 7095
9833 3948
862 1057
7465 1770
9244 3179
4624 9912
3542 1474
9373 7168
3569 3265
3556 911
6885 1621
7754 8196
9977 8533
4677 2754
488 5706
1872 4061
407 1243
5833 5961
5950 8332
2607 9495
5608 3308
6954 780
865 2082
2968 1206
7523 1599
4294 7423
491 9566
7738 398
4980 4128
3996 4378
3358 4930
9032 52
4215 5477
2120 4295
5694 539
7262 1717
220 8292
1116 119
6598 6927
5732 9216
847 4237
6389 9659
8197 8092
861 5308
3760 1926
6179 4981
8571 5354
3959 1969
6650 5797
5432 7932
8150 7543
5159 2764
6280 9336
7869 5591
8665 1167
136 5162
6682 7647
6312 6433
346 3485
8833 4432
9636 5387
2872 1409
5340 5530
7504 5089
2929 5528
7115 1047
8815 4561
351 9109
5383 6228
9088 3701
9401 4944
1180 2530
6806 4513
5546 3374
7866 4129
5117 8666
4172 852
7394 9924
7239 1650
1821 8351
8614 1308
6585 5525
2279 806
3344 265
2475 9487
3618 4269
8136 5939
3247 4610
2344 8943
5493 3351
7430 8126
7082 2129
7141 9066
4343 1890
1960 3737
7819 513
8416 2421
516 361
3209 7106
7397 2271
4098 4843
2934 7667
504 6043
3835 8925
622 5814
7808 3622
7983 991
39 7940
7734 7889
7405 3676
8517 1163
1079 1970
1514 5817
7378 3549
2417 3003
7395 8833
463 6081
1848 4508
1965 6939
6870 2852
221 2051
5078 6466
8092 3877
8424 7191
5666 6576
2834 8490
9985 6321
9063 9949
2457 8899
1799 22
4800 9029
9488 7815
6282 2005
5813 2679
4149 7876
6912 9064
6862 571
8199 6493
6435 9090
7172 6509
4977 7412
3316 2070
4066 1598
4296 323
9034 1509
7385 1519
3873 4138
7431 698
2611 8186
2778 751
8555 8845
5149 6088
7115 5
9103 2793
673 6526
3291 3670
3633 3715
2503 1831
6541 1175
7000 42
6837 6404
4002 2724
5386 1146
4795 9152
2005 8038
8657 7756
6135 5178
4361 9334
8168 8744
8289 1665
7415 7497
1107 7331
1606 1202
7092 9100
955 1285
948 6234
4334 9722
5441 2257
7167 7068
5292 9947
4150 6720
5599 6780
4826 567
9658 5779
522 9245
5263 2579
3866 4520
2487 1646
3400 5822
9073 5173
8861 2976
7925 2832
3907 2382
3551 8719
4741 1835
9613 421
4422 7327
165 2440
5863 7832
1339 9616
7940 535
1773 4565
8331 9920
9624 8647
5795 1088
9815 8088
4877 3048
8117 6313
9941 6787
8926 5720
7050 8981
4869 7779
4041 6786
8536 744
6886 3337
9609 9758
8272 4826
5895 8189
6832 6810
5761 7998
8332 3122
7353 1166
6764 6899
7799 1049
2893 2178
2641 227
7954 1361
4310 9795
2251 9089
3811 3428
9901 7361
6828 8200
8006 7165
8551 6209
5620 4574
1648 6687
9346 4887
4553 7641
6763 8599
3850 2379
5884 7900
4597 3615
4272 1644
6169 7173
9642 3186
4861 1022
9556 4770
1765 4930
1747 7505
4230 7974
1640 6756
2596 2649
492 7530
5682 8888
3070 345
7522 4322
7428 4009
3873 7184
2368 4993
4757 6762
9933 3039
572 7201
362 4701
5258 7698
7525 6922
9477 2103
3397 6121
4084 9473
229 6452
9485 7463
1745 2824
1135 1697
5347 6005
2817 3232
314 9182
9626 4664
3100 4227
7830 7430
5827 2601
5439 941
2276 8911
4491 3157
8754 8831
7854 1211
8466 4590
8209 532
4863 6166
5142 2384
7090 4987
5816 8461
2681 2273
3387 9922
7786 8670
1986 5303
2370 6166
4940 5646
7684 8251
4439 5682
8747 7872
9401 1871
8612 2090
2561 5763
3940 3467
5218 654
4347 9767
5663 260
4014 2528
7246 6991
2341 4065
9070 2460
1115 8484
1030 3018
7185 364
9013 7831
9400 629
8365 9799
8111 9731
7107 1767
6794 457
3952 2308
9935 7778
4109 4307
7763 153
8964 5287
3067 4524
3075 7941
3001 2960
8393 641
2492 6005
6943 9736
5925 7356
2531 1230
103 4055
8181 1715
2903 2713
7558 8894
180 1266
6172 7107
4831 8891
5199 9726
2265 3587
760 1468
855 7221
170 8738
3936 2740
2005 9784
2119 8167
1872 3826
2673 56
5681 9994
6748 6381
7828 6072
8415 5898
9117 9927
4075 4095
2833 5567
1357 5089
6793 3912
9675 2749
9165 2629
9118 5521
4361 3794
4626 4950
4912 6369
6890 1278
8717 6240
4089 5269
7501 1233
3433 3969
814 5155
5643 1985
1587 109
4384 8275
4958 2430
4590 3043
1541 5582
1527 6775
9792 1269
9262 3018
2225 6572
943 2352
3288 8541
746 1214
5975 7819
3676 1067
914 2574
8816 1031
8716 8146
5476 9077
7174 1576
412 4362
2367 16
2899 9972
9231 6506
6024 88
8220 5979
1756 3909
2116 9169
5380 545
4835 793
7581 2894
9104 5305
2798 365
8925 5483
5380 1155
7646 4488
1171 7624
8732 8405
307 2311
5599 875
4287 1324
5151 6114
8428 2395
5829 8843
9867 1809
331 6584
5192 8250
8439 6327
4662 8899
2406 3431
4178 8494
4041 8395
6832 9654
7391 9428
5882 4954
4531 7607
752 6380
2715 127
1674 4436
6263 7842
5797 8771
5940 248
9541 9753
25 9443
331 1449
7976 8916
9851 3849
801 972
5729 3222
5817 1135
33 9072
460 9546
7686 8573
3233 1771
2135 9
216 2713
2650 7126
6486 804
505 6956
2678 2046
1793 5129
5719 6202
7461 808
3650 4643
8310 3010
7645 7567
6393 3192
6479 6892
5446 2873
1987 1154
3194 281
4752 2772
5544 5286
6291 2882
6004 3934
1039 8474
5496 7404
9615 954
3147 1957
3518 6322
3538 6380
951 7091
9054 796
5990 6888
8034 9053
3490 5329
4490 430
1567 7781
500 4452
9574 7124
7521 9727
5732 784
7391 7994
4586 1946
3169 5093
5071 8664
7204 5654
297 2497
8679 5178
6335 895
1756 4362
523 8125
4028 8681
5680 9048
6114 57
7447 2938
1179 1262
5291 5503
5446 1261
300 5408
7215 4649
2531 8492
5386 7724
2475 2355
5992 2080
7619 1352
5090 4591
5197 2181
2313 5043
6369 9302
5679 8672
8462 8873
3420 9974
3347 57
7315 9766
4685 6201
4027 275
6909 9627
9051 7659
1716 1023
9713 485
7798 1555
5187 8867
3555 1797
9831 1667
3515 1926
9440 9955
2506 7369
4253 2254
9578 5550
4759 2544
4573 7193
9904 8762
1552 639
9051 7844
9878 6794
9596 6719
9889 6017
8181 9549
8376 5347
777 646
8714 8041
268 5869
1339 6884
7546 5059
9184 704
7883 9760
7211 7764
4012 327
6054 7593
7730 9598
891 843
1921 9771
7752 9365
9212 1557
5537 3814
3163 2208
9291 2581
9434 6551
5663 5382
5661 1254
1546 5958
3888 635
135 8864
920 5573
9738 3258
5382 5104
299 78
4074 7120
1439 1
6025 9127
1965 1198
7310 4072
6231 1371
3845 3016
6004 8677
7783 7786
4309 2689
6292 2579
6488 9676
3152 4137
1326 2505
1066 7759
911 208
2811 9299
2179 3168
4778 9872
7301 8911
2891 659
2542 5996
3706 6011
1752 9388
7543 6896
2140 2237
5548 8408
1955 6082
669 4441
3539 9997
2829 7692
3522 9688
787 1205
2010 1499
8813 8295
2313 7567
8231 4155
6779 5493
6418 9966
5032 8704
6587 9634
8877 9506
5702 3082
7668 1106
7817 9183
8323 8692
4659 1957
817 1633
8846 7017
4215 438
8471 5674
6059 1502
8390 6545
4104 9329
3715 602
7723 6878
8986 4653
9794 3378
5304 8672
9616 2163
6421 1181
5224 1973
7626 9077
9047 9560
4341 3187
2835 3115
1402 8782
2441 2052
7056 5845
3749 5855
9760 7337
5849 1661
752 1358
4313 7721
8097 7204
3774 2026
9604 6420
3757 3405
7836 8536
4495 5403
6412 8617
8184 2597
6201 9878
6425 2348
6687 3851
313 213
580 1673
8483 9913
3522 4764
4834 2737
9994 5875
9662 4065
4786 218
1897 9434
6540 6284
447 1670
3177 5756
304 1889
2667 2578
563 3363
5168 9594
8168 4079
6299 7206
980 2993
9738 2955
1930 5316
1756 3934
1695 3553
6905 7558
9570 9954
4275 3129
5136 5135
756 4140
69 1677
1 3282
9042 1485
3697 1562
774 6601
4175 2843
5253 4802
1109 2085
4632 2649
666 5203
2374 7195
9747 5501
4038 1590
761 1062
4286 1558
8870 3575
2090 9319
2505 4926
3165 1165
6998 5044
6478 6934
8878 2414
1086 9086
4064 9494
5295 4000
5238 1447
2442 3836
6743 8363
4172 7501
5655 4343
6385 98
9260 8105
4228 5244
7923 8163
8447 9415
5293 1161
7084 9528
4806 6724
930 233
7673 2642
877 5479
6943 82
4420 8441
8380 2671
1043 2426
4572 2597
8198 5411
564 2562
7527 1246
9259 3181
2324 4547
6121 9105
9589 7928
9211 5666
1228 8579
4984 1805
6906 9893
6019 4185
5394 8508
2615 1698
433 7143
9108 6016
1209 6843
3706 8825
9307 4728
6887 6620
9840 838
7684 8009
8671 5634
5935 3276
2616 21
436 124
9926 1157
3919 1412
7874 7163
8882 4169
3185 3875
6068 3747
3289 8828
898 3864
3330 2397
9212 5050
4429 1622
6204 9671
8998 7496
6764 6580
1490 8419
3993 7816
3548 196
8219 4921
5659 8899
3707 9776
8080 319
8383 1729
4863 4551
8360 8484
7456 4990
3671 8372
1104 1378
9325 8554
9217 7646
3189 4997
2304 389
9606 1528
442 9000
5780 1720
3256 6840
5975 6074
2174 8478
5452 9633
9705 5983
1664 3108
3537 9028
6675 3065
863 8368
1889 6059
4750 5677
9263 8431
8172 191
3738 8403
3116 4903
2621 7550
9283 6424
5857 3422
8874 9405
7496 1395
4883 7149
4501 1739
7906 7050
2147 4828
2652 3376
9194 177
693 2930
4846 8909
6530 7645
5316 307
5597 3783
6183 472
7177 9670
8791 2681
6233 4664
5256 6352
5905 6994
1886 8887
9113 4091
5944 7467
1856 777
3890 2556
2379 9557
3720 7339
6090 9593
9471 4487
2377 9146
8922 2589
1351 5716
2691 7471
702 881
4292 8543
3188 1486
3355 7215
3315 8695
1035 6852
2568 8290
6050 8009
3602 3274
9135 9056
4468 7720
3864 3961
108 9342
4507 5988
2117 4311
2116 4014
8422 8258
7563 4851
8707 20
8427 508
1858 7611
5941 4588
5045 7656
232 3119
3548 1267
1140 7952
5103 5926
5583 8297
6786 6070
9644 2915
9298 3527
53 2964
4322 4347
6811 6361
7643 9017
1752 1950
3382 5028
6148 9928
9703 7975
9846 577
1359 7697
274 5563
132 4594
3868 7473
4138 4126
240 7221
5456 8210
3979 9996
7023 9845
1251 8162
4442 7916
6874 3237
947 5691
5378 9102
2974 4137
2926 2256
8363 8939
7900 5372
2624 2349
9533 4989
8681 570
7218 2569
2174 5946
5231 7372
3661 1891
5518 4601
1504 9188
4115 3224
6289 3687
9494 5350
6966 9573
5982 6056
4475 1622
2570 4499
6161 3734
283 1862
3328 4067
5865 7983
4332 8495
7022 2332
1187 778
1836 4352
5995 1566
2163 9014
4222 9856
8797 7226
3137 1762
3912 5112
1130 3053
9085 3097
1226 7579
1212 1745
8529 9427
4385 8042
7193 7317
7211 2425
1013 4143
4544 1171
3020 6937
6342 9559
5989 6967
5848 7258
7725 2605
7757 355
9689 3365
972 5653
7425 5583
7124 6824
9760 9444
6529 3576
4218 7556
5697 9877
6144 8613
7656 8001
7067 8654
3649 1319
2064 3887
3864 1286
7900 8024
2270 3841
3124 9066
5668 5300
7591 3591
9176 6718
8424 358
7747 5283
8888 4670
4321 3484
9030 4926
5459 3387
5193 1474
8030 8756
4923 1543
5747 9362
9795 8003
9330 618
4243 8612
9869 2634
6168 8077
747 5381
7728 5113
7569 1821
2739 2862
5401 1882
8026 1274
3877 8538
9602 4227
9422 870
6249 4090
978 7324
3106 2077
8367 8086
9230 8955
8047 4627
9991 1524
7850 5221
8914 9694
8281 3319
9375 3158
1696 6548
5401 6209
7629 5215
447 1857
99 3028
6374 6155
9730 1675
3743 7305
4117 6096
5069 280
8462 6159
5653 7400
2551 5347
7837 2188
1052 6982
33 2075
4409 1685
2860 5936
1977 2979
8202 6283
3095 579
1945 3648
2863 6407
6605 574
5889 82
9699 1824
2638 6876
3158 7511
2855 6924
4516 3461
5461 3354
3898 9721
9673 7864
91 75
1588 699
4548 5121
2102 1747
600 4972
6885 8450
5152 8427
3391 7644
9713 3546
861 8588
4570 8201
153 4355
84 1672
35 3677
1944 3211
3194 3628
8983 746
1906 6360
954 7869
2942 4915
1642 4366
9487 522
5764 3377
1833 7908
7542 2436
8157 666
5657 9645
3951 4423
7136 3666
4284 4364
544 1522
568 8617
886 8536
8399 2176
6161 6071
3770 5401
7822 8650
9082 1321
6638 2775
4390 5993
4094 2662
1840 6345
4225 6168
9554 9412
9472 1047
8764 4540
8336 9343
2525 1750
3624 1690
3554 8063
2552 7208
329 5948
7698 1210
7821 4658
5148 741
1225 8845
1509 9140
1716 7507
9177 3356
4470 8025
166 8536
9043 2585
4897 5141
4199 6909
6718 768
5686 8148
3517 2034
3902 8625
1757 2787
1560 780
9848 2213
9223 4621
8893 7100
7481 3627
7143 5873
2678 2792
4856 6442
4616 7109
6717 4671
2399 1930
2936 2844
8796 6230
7709 6571
7641 5223
6062 1721
9891 5768
5446 6797
3459 2216
6908 8882
2033 9227
5938 6786
7513 7622
155 9208
916 9153
2620 5966
6687 5589
8453 2717
2553 1531
3432 1002
9079 7416
7563 7868
5571 8868
4653 6353
7007 3145
7426 4446
2104 3676
4061 5156
5170 5655
2350 9689
1913 6903
2833 9570
7484 2467
1312 1011
4097 3811
3117 9730
321 1762
6836 3833
8122 8067
8307 7551
3412 2198
230 7181
1172 6715
9944 1858
5435 6858
545 9731
6699 1931
2915 8539
2984 3245
4068 9668
123 6217
6953 9864
4940 2468
6277 9791
2576 9982
5407 9668
268 6935
1820 7745
45 3115
7778 7623
7318 8499
1116 5946
875 2660
2598 7724
6695 2058
7360 9243
4506 7207
8219 1339
8603 471
8183 6005
2526 6253
553 4207
9469 3388
9258 3907
8853 5698
9182 6120
5127 5069
7948 4433
1176 2343
6118 7197
3965 8489
3587 6009
8162 8677
8394 5087
2999 596
5862 315
6654 2384
5885 1401
9550 6283
8287 3366
196 7223
216 3893
7752 5775
9748 4859
5177 2270
2260 264
8700 2932
7677 3864
7345 748
5090 4963
9061 2048
4353 9101
5088 7337
3616 6662
6814 1933
8414 7470
2808 236
9899 4239
9839 9285
9003 1745
7072 7264
1786 1935
4311 8957
3941 8092
2295 4230
3298 2618
4066 2722
3666 1415
8141 1829
1367 1692
5379 891
2572 8977
2373 7934
4098 8923
4850 7153
8744 548
6246 4989
9893 45
2994 9563
7303 3900
4846 4762
6151 1179
2323 7565
8491 6708
7592 8455
2994 2431
4686 2092
2213 7898
5253 5427
8772 5583
308 6503
7280 5032
3908 3762
9320 6844
2254 9163
9421 5791
908 5367
9795 7041
4485 9611
914 3294
9178 3112
6489 2392
1986 567
6834 886
7072 7127
182 6031
1459 5023
9688 1524
5299 8595
3569 859
3449 8447
8033 4653
3673 902
9080 3177
5367 5791
6636 7498
5498 5313
5326 7201
7441 633
278 4773
7105 9846
6559 582
2253 979
874 2371
7613 7325
7417 7414
1154 9792
491 1811
3228 781
7257 6177
2586 5299
3219 6119
674 1724
4643 3145
5497 2280
8529 567
6452 3838
7819 6039
5635 1972
4561 238
6559 7505
216 2533
8147 2770
5890 8300
9246 4316
465 8114
5176 4322
6053 414
4679 7158
1957 8114
5103 7149
8478 4272
518 4833
5470 3657
4796 4600
8824 3979
4800 2913
3726 8110
2597 6126
110 5671
3818 1758
9204 3739
5101 3340
1748 9099
4781 2594
2989 4189
2253 7029
4302 5145
9816 6502
6654 2962
5362 6865
9085 8132
1012 1743
7220 6566
1327 2346
4109 1241
3582 6830
6670 1137
4693 1408
1970 2415
8558 6187
6105 1703
7553 5469
9574 4153
882 7438
1055 2374
7586 8123
424 984
3473 6279
6350 2701
74 8481
1594 556
4406 5810
1267 7440
2816 5040
5938 3083
7701 925
1373 760
7490 4865
4064 1668
6069 1728
924 3464
8167 775
2820 9950
3273 815
8013 833
8227 5269
1096 6536
6968 6325
8045 142
9875 3015
6940 8173
6510 273
9762 6702
419 8709
1055 9772
3690 5842
2519 8743
3304 1405
3131 8572
1833 1971
5313 8709
5833 4221
7741 6282
8579 2508
1375 9403
7099 9063
7159 8111
2988 5547
2751 571
1139 1424
7821 4379
7205 5341
5440 4742
1273 3359
1112 9032
7694 4685
9506 6227
628 5698
301 298
6181 1488
5561 2988
4342 6803
4453 3375
486 1712
2848 8444
7369 6021
4753 1242
1704 3298
2382 618
9190 6895
3613 3403
552 4114
9597 3223
4965 3691
1243 9909
155 6082
1003 8093
8888 2431
2661 2303
4655 7380
3470 7511
6450 5570
4904 2732
6465 4161
7239 6065
8645 4375
3082 5755
6743 2707
5683 2155
9336 9683
6694 7699
4587 2342
4720 8166
1264 2436
7316 1402
586 6908
7546 7943
4364 219
3561 8851
174 8950
2767 1753
5796 4832
1346 6031
7990 8024
5868 1379
1714 1654
598 1866
7102 4195
2015 8719
247 500
4364 9531
6998 8317
5189 215
1882 1027
6215 1563
5387 3382
7542 4076
6479 3533
656 6110
2924 7544
8293 4559
3062 8839
5768 6617
7537 259
368 7622
9114 6471
4579 8846
633 5306
9817 6079
9996 6041
5426 1248
5413 4872
7674 1204
1792 6424
5567 8501
1963 7545
9789 9627
5556 1078
2069 1607
9454 5151
3611 7293
5807 959
1274 3531
5714 5740
9589 6858
1376 2797
1510 2317
5788 9011
1484 1652
4641 6439
1151 6672
8993 3677
3366 5474
8139 1178
9695 1291
8195 4757
6345 6508
4670 7441
5242 8251
9897 2237
6929 6950
2765 1277
9169 3598
5887 1323
8310 8765
745 3528
1654 5825
1156 899
5522 6100
5059 4177
3004 8096
5368 7091
7358 4663
9404 9491
6222 5303
7323 1129
5034 2673
5003 274
389 7895
1428 853
3661 7534
3079 9208
9679 8926
5808 7389
1310 9092
1230 2635
407 121
9965 9937
6497 7283
1207 7842
4700 7403
5439 5526
4103 8250
6150 8840
7753 1674
6560 6875
5396 5620
4112 7607
705 7386
2776 2293
5586 6909
8373 4801
2128 2005
142 3283
6623 6802
7528 8723
9496 6372
9114 3481
1525 7478
9620 9462
7749 8819
7786 3449
6500 8766
9116 949
368 1271
4974 2062
4574 6346
1074 3834
2754 3888
7330 3957
8918 1733
7753 8229
5154 9396
683 3192
5224 208
6959 1478
8439 583
4914 1012
1869 9895
3437 4195
8449 9499
1652 9110
6426 5827
4748 9836
6417 9215
2859 172
9534 9037
1012 8747
3278 5988
2183 548
7747 8979
9797 6142
9406 1046
256 4639
9164 6119
2416 5827
1259 1631
8010 768
8701 1983
4151 1742
2145 2063
883 160
2433 6037
5239 1405
7633 5319
4619 502
3171 7326
4757 6452
9974 9601
3396 4595
4100 4439
8524 9298
101 455
2421 5238
3284 3628
7071 3064
2342 9951
9920 2754
8139 9973
4542 20
5047 8284
1054 1794
2168 5757
8756 7723
9633 2680
6254 3649
4657 8106
3901 6063
1509 916
5641 8514
5556 7201
40 7897
4092 2540
1393 9135
2037 6908
9372 719
2670 3859
6753 7106
256 4030
8808 7724
8408 1417
1252 5814
2535 2282
6967 7
6975 5203
3488 3535
6628 7591
5373 1767
846 9888
7227 9256
5381 5197
3223 9770
4695 2453
6854 7532
3277 3046
9008 4763
7556 3741
7462 213
8087 4739
9111 6075
7801 3930
9647 618
1927 328
4267 5087
2619 8828
2906 6898
9763 7680
5134 1780
4506 7434
7975 2141
3839 4254
8454 7589
3863 4499
4792 9350
8878 4281
3978 7146
6248 4993
9857 8694
5075 3190
1840 2420
6587 5575
7469 8720
5765 4506
3741 7579
9889 2457
8398 4111
3547 7539
5328 278
3660 8416
9669 2574
6208 6605
1060 1106
9316 8084
9271 9474
3217 5511
2670 9521
4175 7351
2831 4180
1764 3922
5492 8139
9689 3036
6521 7130
6104 3807
1639 5630
7892 6814
7398 9476
7548 4903
2401 9550
7634 6603
7690 9871
8183 3698
2823 2687
2133 9891
435 7597
5363 6374
5570 6262
4597 974
1930 6695
7590 4567
7072 4570
3661 1464
9777 2632
8435 309
8539 2128
5812 2332
2004 4763
4301 5405
1902 3643
8883 174
595 1282
9626 152
4663 3507
186 2848
7000 2831
754 1646
3866 6554
8699 1589
1598 2151
9845 7494
4082 3445
1239 8781
9807 8462
5442 6431
2211 5526
9162 9211
2238 3965
4078 7467
6530 4205
8123 4494
367 3504
8473 9680
6634 2759
8094 5289
4181 2108
4062 6604
3832 4321
2858 7037
2012 7649
1586 806
3303 8199
606 2527
3848 1040
3805 2634
372 8054
4762 3118
8732 8121
3385 8556
1979 8171
5494 4185
1419 303
9342 5933
6373 4287
4749 2529
4986 6726
372 3024
3222 4860
9284 1047
1626 1819
9498 2976
9260 6098
1602 7203
7355 9467
929 2036
6749 502
4936 434
2500 1390
9453 9426
2390 5679
8827 9055
706 8622
6776 4948
4557 2828
3350 2632
9007 7466
9828 4515
2967 3283
6046 4443
7151 9943
8322 7953
8669 1105
7320 4003
9724 1978
951 6334
5192 6761
8619 9860
7869 1751
9509 9593
5735 2559
8201 109
8580 4051
2666 8221
5381 6839
6248 1071
5333 7649
3094 5545
1110 9984
9870 7854
2270 1399
1736 5667
7565 4262
5613 2682
6956 900
6763 898
4474 5172
6487 247
5789 9073
6193 8208
2745 1905
2350 1864
186 2175
3163 7520
9785 1585
2152 5438
9604 9527
4422 106
3633 3243
9820 1885
5550 1122
1924 4573
1905 3337
265 9293
3911 8676
5162 4202
2420 2270
8574 4991
3729 6309
4804 2472
9268 8674
3056 1480
8539 7399
5734 3030
5202 6609
6484 3901
9285 7934
6526 4142
599 4154
5006 848
7890 9627
1264 4942
2855 3069
2828 9263
4414 4247
1798 7112
6693 3477
1042 4249
9048 4265
641 795
5336 3595
4493 1264
8822 6424
1190 3688
1491 7337
2881 4428
9687 5468
3077 9968
970 275
4899 3629
6100 8076
5676 4686
9365 1191
399 4095
3323 8786
3985 1771
7088 8757
6944 1800
6601 4623
8255 4610
3778 4746
3420 101
8425 901
7770 148
5724 1105
8801 2031
4362 1389
7867 7841
9674 3318
6373 4794
3013 2508
2397 4136
535 9196
70 4597
2004 8652
1991 3512
4294 4036
1521 7370
4705 7060
8249 6759
8012 8870
5367 5875
4889 9453
9119 9265
1 5367
4359 6355
7406 6395
565 1644
3511 8755
42 3445
5505 1540
8610 4075
8067 9528
9955 1826
4489 380
6028 7917
7722 325
4877 4038
2406 7599
2513 7665
4605 1391
866 905
3833 1046
2122 9409
2838 5996
4660 9762
8761 1161
7120 6114
8040 959
9731 5596
606 7782
7142 7231
3795 4705
8471 2461
2675 1888
3905 826
6795 8322
4707 8023
1221 2588
7790 8495
4386 2668
8297 8915
3135 3701
5300 7818
3027 9059
101 6075
4364 4505
5549 7224
6107 1514
9288 9672
375 282
591 5494
7951 1487
2017 7288
4623 3858
4549 2807
1064 4972
7892 5913
3559 3446
2165 2140
2671 8860
8497 3362
1450 9204
8485 8375
7533 4332
3903 9312
5653 6319
9136 5819
2283 625
9742 1693
4989 9668
9978 6540
8003 6200
613 4996
7016 7983
2093 9869
1202 4964
9226 5445
4172 4486
422 8863
6714 4199
9132 6418
7786 1639
2808 8471
5222 3819
4802 8564
2752 9903
1022 8222
7061 6105
4919 5020
5733 3920
6875 8859
9405 1324
7286 7419
3273 9565
8610 9460
7945 7050
234 8304
2615 1019
5485 6167
7923 1248
1183 6334
2499 7294
1375 8389
9689 7178
788 567
1810 7747
6816 5693
9681 5149
2669 1594
6802 8579
3066 8157
8345 6837
6223 4160
744 9798
9354 6737
9291 7190
2054 2523
5451 7859
9559 5919
400 5377
3495 7030
2888 7691
830 7508
4229 9467
5830 9255
4183 2769
1863 5072
300 7568
1835 9130
3972 3724
8823 7691
8673 5980
7226 2715
9916 2825
3916 9391
9256 2478
4626 4320
361 3161
7783 8163
7180 7932
9953 505
9644 3115
7694 785
5393 1384
1294 7411
7851 2634
5302 9197
2265 8557
7367 4437
419 3381
1054 6119
8452 4296
7270 8366
6263 5373
9152 1196
5047 8106
713 2613
3893 9053
8365 9952
7373 174
6263 6622
3757 5650
9327 3191
5199 1151
4015 2274
2052 1503
3000 5857
5647 814
5014 4884
7416 1348
6606 3477
8618 5874
3470 1621
4304 3274
4008 5700
5359 6968
6240 9610
9427 533
5333 4804
8752 5215
2872 9279
4902 6098
4405 5190
946 1844
1445 7435
747 9722
3719 1428
8542 273
231 8690
4242 6044
8576 2582
2982 1703
9887 9210
2843 264
8857 2396
1388 4925
7109 6915
5043 6647
3913 8354
4630 8156
4245 321
5841 864
4184 3853
2855 5521
8190 5933
4606 1113
8731 9802
5114 6411
1233 4861
3228 5683
3015 9240
8767 8086
8863 1880
5196 798
3906 6449
9894 8410
8206 312
1988 7127
1223 9712
7256 1327
8072 3634
8706 1124
8235 5803
2598 4235
5855 2202
3404 6995
993 7877
3858 8452
2408 9632
1526 9603
2848 9702
6472 4714
644 6706
6250 331
364 3466
4136 3051
9010 7095
5097 857
9510 5706
6365 2814
2336 2721
1050 7819
2540 1331
1968 9660
4363 8304
7440 8261
3948 9250
5018 7833
3349 4753
2273 5508
7915 4342
8078 3977
1750 4958
7199 2599
4121 9822
8042 402
3007 524
7679 8423
5355 4988
6535 4975
4649 8046
6859 9394
7898 9338
4080 9609
8712 8946
8547 7439
8585 2031
2241 9487
8839 56
3680 3306
1728 5265
943 8924
2550 5314
1837 6178
2071 1721
9091 4014
2443 1481
2273 7465
9905 2608
1364 5736
522 3117
8318 893
3556 2278
2861 4160
2671 7060
5795 2940
3441 5410
4823 2736
5487 6308
8756 808
9723 3895
4467 4843
8949 2475
7564 3043
2749 4611
6199 1979
4410 9115
2169 5579
7850 4422
7570 465
2137 9120
4145 2112
8412 2147
6873 8721
3323 8339
2429 9067
1495 5656
5081 2881
7279 5256
9844 4755
7959 6617
4531 4545
3460 616
22 9207
8023 3674
7420 6594
1018 9978
1351 7706
3609 4067
4344 656
6183 1009
1559 9698
762 9707
91 5402
5582 6329
7453 2457
5210 2067
4285 2815
5682 101
1633 3248
9048 3661
2954 6571
7412 9870
1837 6135
5978 4513
7537 7593
1163 1123
8032 7716
930 577
8065 9162
8240 2136
1453 581
9014 5228
6452 3211
6316 9611
7100 1229
8150 9333
6837 2961
2128 9414
4981 998
8040 8535
9591 5557
3834 562
9430 703
3857 2363
9695 1264
4438 4881
287 7103
5921 367
4188 4545
151 7836
4356 7642
795 6319
6833 5410
5477 6338
2724 7175
2761 7722
2802 6154
7671 9115
1844 3025
1164 8914
2579 1289
2031 5269
9420 2852
4058 9872
5716 2608
4521 6117
3915 8517
5084 9790
4283 3827
5103 6088
3860 7762
3634 460
8009 2296
7820 2373
1916 5239
4147 3844
208 6341
8618 250
2692 214
5542 9490
6971 2202
2980 3868
231 3069
8280 8562
3606 8286
2604 8598
1387 2930
7529 4994
1998 3289
3785 2059
3262 4835
5248 3270
6281 7534
2606 6947
8285 8981
9744 6999
2328 2470
1032 5779
2589 7335
2965 9118
1075 1899
3914 7915
1639 8996
9102 1334
2642 6011
898 495
4622 8154
5613 8662
2248 9307
3618 139
9990 1581
1708 792
9225 5326
3879 587
6607 118
5966 9751
7692 3805
6902 1181
772 4311
8058 1775
9639 4532
8118 5943
9093 3020
850 7399
1004 2414
901 3845
3940 8275
6530 6241
8304 8299
9241 7980
9355 1448
4928 6758
2137 9741
7318 9307
7688 6222
8441 5796
4104 1600
1087 7603
8906 7433
1856 4949
4289 2749
8496 3012
6590 9408
3068 7748
1955 7549
6475 3719
895 1271
7961 8042
8624 6748
8381 2964
5947 2095
7074 335
5003 3834
4771 9830
7591 2454
8203 4399
4419 5081
5825 2832
1095 5388
524 4051
7143 8146
1881 2394
1924 6066
4309 8388
5210 5050
6694 8533
276 1026
8459 403
8526 4192
2548 9241
4930 7476
5525 8433
6833 2389
8401 2106
7158 336
3512 8188
3551 5122
6572 5930
2884 3777
6913 4734
7945 5846
5957 6457
5173 6
735 5258
3153 4913
721 2465
4782 3404
4824 9542
7545 5584
1185 7616
3664 684
8001 631
7850 76
2821 4587
8885 1601
654 1338
975 4003
460 3366
8060 4197
4443 5099
9834 3557
4486 835
751 8748
2948 1711
1040 3005
8385 3871
1040 2647
2620 5439
1951 2996
1160 3510
5034 4569
5439 6982
6242 8770
694 8693
2674 6575
2040 1838
1672 858
6698 4075
2722 3685
9726 2496
5536 8043
1281 7604
3195 3590
4384 3421
3012 9775
3750 2068
7023 6960
1459 7859
3795 4655
8181 9478
8354 6415
5222 6379
1580 8246
6044 3352
6837 5676
8241 9411
7146 958
5175 6585
6707 9758
3540 219
7861 9514
8842 3961
748 4986
1112 1448
790 4623
619 1411
8105 7352
9503 2532
7289 2335
3124 5706
5821 6015
253 9826
5196 3018
7822 8072
5099 4623
602 8613
7039 4913
8895 8051
5657 2758
9433 3366
3190 2123
4595 6302
3830 9672
5153 7328
3024 4821
2486 2727
2572 9262
4408 5819
6080 168
6857 9299
121 234
5466 8542
1921 9653
185 5542
9039 5103
3484 5633
3517 3265
3075 91
9221 639
9100 3697
7554 8767
7823 3350
2337 7402
2525 5058
7967 7776
923 9534
699 9738
2149 2992
5981 6400
8180 5091
9572 5943
8636 6445
9823 3966
6101 1617
8206 8433
2464 2941
5710 5658
783 6820
155 7098
5860 9165
316 6719
2956 8789
7983 1843
7631 2803
9316 9997
6988 5074
1692 8611
545 752
1966 6280
9264 7431
7693 5349
6291 9074
5848 414
7915 7820
3153 6355
4422 9523
5838 7835
5356 897
7210 438
2221 7727
946 5013
1663 9005
3144 2596
1291 4081
6599 9088
2710 6689
850 301
5252 2615
6684 9364
6844 7518
8242 2720
1613 3176
9037 1021
4186 8216
6524 3305
5686 3509
6284 6344
8977 8230
2503 5876
963 6149
2102 6373
9886 7804
876 5955
774 2186
723 9861
3703 7967
8315 4382
4498 1910
4338 5195
8585 7838
9711 1229
5613 1031
1860 2516
3387 5822
8889 7451
5534 7407
8314 2477
7478 7181
4991 121
7422 8669
8657 4067
5669 2413
457 6771
4648 7996
862 3445
305 8879
8539 98
2486 5508
8413 7266
4753 3412
9689 2779
1525 7808
26 3048
3694 2186
5430 3698
3195 6742
391 560
9647 4917
8693 8855
7867 6450
3222 3259
717 7924
1113 4756
5057 8888
3363 7314
2402 5675
8098 9172
6201 7452
8632 977
4187 6042
3480 9343
3908 6703
9336 925
1615 3770
4375 180
8875 155
9090 8015
5183 8017
1398 132
475 6422
4334 5306
7309 712
6338 762
3103 242
4305 6959
3599 1661
8402 3482
3561 8320
8604 5847
5255 8198
6855 7641
8734 4985
632 115
8115 4371
7445 6016
3725 6662
1933 9115
1950 8201
7729 3730
4502 9526
9768 9794
2190 498
697 6882
4079 85
8735 5540
3832 3571
6417 6652
4463 1922
6873 1642
2690 1281
9344 7309
575 9187
3569 8033
6052 4031
6303 5196
2771 4433
8567 1164
3050 4285
3974 7963
7290 8671
1991 6947
7630 8409
1923 9950
8844 1942
8472 5232
2259 2055
1722 7429
1360 1361
613 9240
7844 3701
6449 7342
1842 3918
4099 5901
3018 3794
3754 1811
3762 6884
1699 724
331 9827
3107 1312
120 8259
4426 7078
7315 6131
9875 6989
7673 59
1772 3375
8412 3671
7932 7532
4245 4628
8710 9450
816 2584
396 7392
6448 8514
1629 7786
2883 1414
6559 4341
1953 1916
4547 7457
1724 7487
4854 1169
6982 9590
5511 6053
2725 5843
5452 627
3996 3439
4219 5353
6893 8508
8868 9148
5923 1545
7532 638
6286 9544
4633 2127
3784 7270
1573 2509
2854 1730
981 6047
4930 7527
2658 1666
5665 4061
6414 8653
2618 2367
9908 6633
7492 6783
5837 6078
2464 8208
8514 8094
8176 4986
5615 7978
4572 6867
793 3583
1512 8449
4505 698
1551 108
9269 4962
5948 6713
3835 9282
5780 7523
8958 8894
8195 5559
9570 4164
7751 869
6329 7042
5542 687
4902 34
6730 3032
8040 3231
9191 9742
116 6945
8008 7200
5275 7664
9347 2953
5511 7304
2015 6223
5310 7860
589 7776
2581 3790
4655 8102
6872 518
7175 8002
5838 3840
3138 2581
4224 6750
2261 4150
4010 1634
7611 5522
9702 8879
4280 4706
1496 8465
2781 4854
4240 2954
8848 1810
4081 8994
4919 5571
9031 8887
1694 538
3369 4425
6939 8353
4622 1151
4671 905
3885 5193
8408 4747
5762 9276
2573 161
7054 8112
4407 889
2181 7862
4160 6747
3516 1066
1288 9901
4034 1165
2670 351
8373 9018
3079 6903
8483 3885
1449 3981
255 7443
3929 3809
7499 5810
4474 7970
6305 9978
973 5067
1164 9848
1752 3112
6122 7501
9945 9973
4251 3728
9960 6678
2164 4520
745 2436
1894 1674
8530 2652
431 5469
3047 7299
8382 5557
9052 3599
1172 4200
2672 173
7838 4664
306 6209
8378 1711
2335 567
6141 5740
5686 8133
1367 7892
7192 1921
2274 1905
1847 6707
1108 5335
8558 2865
8792 8104
3212 1260
2697 9841
1805 2700
7656 5613
9278 1321
3850 481
9276 3092
5655 2345
9964 6219
3162 6757
950 4431
4698 5439
5613 7912
7188 1366
3251 3880
7648 2934
3362 2342
9135 1352
8515 2240
8288 9849
5276 460
4295 338
9705 3132
9494 4068
9683 8391
7440 3274
1989 2091
5279 6515
5561 6158
4510 4389
1363 3940
2280 1852
2535 3812
5354 9332
5320 9493
4163 81
8973 4404
6954 5936
7410 2967
4970 9768
946 4530
4656 4010
8487 210
3962 4921
342 7241
5489 3663
7488 1883
5075 5639
721 7400
2980 5745
5829 1528
3352 7753
2926 9018
3626 6095
5797 2765
2959 4219
4718 5951
7787 8045
5056 1376
7535 2449
1864 2686
8634 2850
8597 7043
4556 1984
947 6087
9143 424
2314 5616
6017 9215
3016 3109
5276 2797
7012 9985
6299 9510
1627 9872
1269 4519
4250 8627
1331 9957
5174 6348
8826 9318
4802 6366
6555 4838
1626 4926
9622 8993
4781 7792
3347 526
6047 7164
9109 2670
2242 5498
3033 8016
4082 946
5876 9334
1027 2338
5066 1590
755 6045
877 9487
2783 7988
5611 8630
9184 9903
2619 3801
4149 5471
531 9504
854 2107
8763 843
8527 7902
5002 3036
4960 3112
8068 2197
7606 9602
3178 3676
392 7214
4554 1071
3643 4759
9724 7809
3633 4038
4997 1739
9334 9876
9806 9353
258 2723
6321 5902
3165 6717
4108 4616
3852 2586
237 8753
7301 5178
9585 2930
5088 5901
8065 7369
1366 2895
4761 6659
5465 8669
9524 9910
1916 3760
1825 1085
8097 1796
993 7277
4302 6797
9963 9346
4877 9835
5236 1134
1897 8477
2230 1150
6977 914
8227 265
8266 132
774 7277
9129 4705
405 5118
3146 8760
4860 4525
9290 4910
4571 8107
9680 7439
5604 6805
7956 2234
3638 2192
9245 9405
399 8990
8757 9798
2040 7463
3908 7159
48 9464
6064 2244
2354 8983
4348 5145
2560 2266
6726 5055
9841 9412
925 5624
1213 3615
8553 9067
8191 6284
1343 4263
637 1675
8120 4328
7041 3808
9854 3466
8373 678
1988 6404
1468 9143
8919 922
4441 3749
5512 9528
6910 6660
5425 9692
1717 4548
9959 5090
4021 168
5815 2107
5093 45
2050 8119
9668 4722
3012 141
8943 4076
922 899
4347 8084
4811 1348
729 8218
9935 4239
5881 1033
2640 2870
2947 5659
2570 7489
1283 598
1267 8066
9812 2774
845 8520
6347 8571
5197 4531
9546 3266
1997 8429
1965 925
185 582
9724 5999
2719 4027
9453 7558
3718 2732
9393 4360
4547 9759
7971 8368
1596 3004
3366 7539
5318 581
7048 5637
1607 9073
2159 2771
1705 9815
8168 7633
5280 9435
4157 6589
1824 6176
7269 4236
2966 2501
3919 7908
7643 3005
2393 5099
8508 5473
7116 8047
5759 2083
5476 5962
4944 5612
4049 9454
1145 2359
2240 4250
4338 9279
9508 7195
7870 3950
7848 8072
796 5327
8111 1365
442 3525
9504 1015
5455 7008
4752 2730
7898 3991
9580 4430
8586 2263
2977 208
2149 5007
7908 6765
5733 9953
1217 5226
1763 8684
4089 2768
5603 8363
1128 8769
1629 2979
7120 7629
1328 7562
4730 1078
1848 2612
5969 429
5180 5517
1683 3029
9200 7143
710 5345
3621 7247
3586 2610
5451 8908
7904 252
6212 34
2196 7073
6023 846
2944 1658
1333 482
9224 8582
4131 585
5911 4900
5927 1441
1983 9408
5551 2905
5930 2517
9493 3403
4080 2319
8637 1144
8141 1342
2440 9943
2881 7290
7363 1349
1572 9605
528 3216
3435 5758
1106 7275
9201 3895
4769 7792
2817 4633
1286 6579
521 2227
3169 7856
6462 3582
5133 8372
4956 1857
2750 8011
1655 1144
1356 3512
8208 4958
2392 8033
4019 116
5042 2667
3248 1047
8609 2225
7788 670
5813 7776
1399 3699
6631 501
9850 745
6570 6435
2880 2576
5004 6204
2305 8977
6239 1187
9320 2785
6331 4209
4851 88
6011 8851
7262 9479
9644 9534
8381 6526
6981 6877
7497 9553
3488 5863
1292 2672
9954 6051
6987 4119
8935 4474
687 7450
6685 3056
4920 3386
6036 9089
4136 8502
5970 2337
6831 6602
8359 7411
3100 2681
5524 4483
2644 591
5684 6633
1924 3944
7185 1977
3916 8670
2299 903
9820 5671
6050 2414
9290 3667
443 7178
6273 7396
5722 4658
963 3501
9990 9659
3924 7020
8900 7930
8965 2524
6138 4226
9017 7450
7703 2152
7000 58
6556 1447
7699 5505
1120 5268
7533 1045
5226 1412
8570 6278
2411 183
1374 4892
7794 6533
9279 2275
3354 3234
8218 2249
5220 2645
8358 6646
8715 1792
6985 1597
8640 1719
2885 3301
1008 8085
1744 9082
1641 3009
1793 244
4043 9632
1241 9379
3600 8708
4149 2849
6323 1851
3008 3026
9181 7317
8555 6796
2770 600
9201 5009
7516 9215
8956 752
9734 5225
5083 9444
5837 2054
8581 5331
2528 5094
829 368
522 8835
3722 6417
9994 7971
8147 8323
9702 9120
9833 271
8983 8633
2157 4371
7687 7488
7757 2851
4102 5016
1990 7457
515 5380
8873 2160
7815 4986
1313 7609
2512 5696
3509 2844
111 6432
5843 5369
680 2527
9062 926
3963 1565
7739 3674
6179 1852
1730 7981
9648 7860
7473 4655
4023 1720
6556 4826
9231 3761
1358 6693
5247 7881
690 7254
8031 6525
7983 9776
5327 8032
4342 7033
2524 8477
4087 2447
64 8782
9415 1768
7290 8230
5974 6965
1565 4686
4377 763
1681 1490
1074 419
7158 4677
9810 8961
3276 466
8502 1897
8405 747
546 7894
6470 8651
8616 9084
3305 3412
9595 2979
1733 123
842 1270
4603 4129
350 9048
6258 1652
329 1227
6951 5781
5977 7812
5406 4077
4825 9506
3164 3652
3251 7431
1157 7245
6899 4122
9797 5739
1472 9822
7920 5748
3743 7591
6671 4255
247 2843
8441 9730
6513 9708
9733 1822
650 1593
936 5835
6414 918
2904 517
9239 3237
6511 6353
6658 888
706 8417
8346 1926
1782 7575
8781 3110
7272 6929
1348 27
3351 5200
5611 1424
2671 4675
5308 871
4528 1134
2824 8038
8869 4762
7576 7732
1632 4054
9972 6050
8260 491
5383 9318
5198 2733
8396 1705
8692 823
5314 8450
6521 615
7210 2319
1193 891
700 5658
2133 7337
4163 6248
248 9882
2005 5513
9555 9425
2476 6078
165 6287
1829 5171
6316 2129
9111 3185
7448 4886
2213 7428
7603 4481
1443 6038
558 8811
4871 5946
3831 4425
9316 3201
6188 4074
3929 1264
774 1079
4064 3305
8840 6424
5052 6707
2825 1053
7714 2687
8865 5907
6576 3995
8751 1126
953 6696
9122 1696
2378 4120
8251 7461
90 2924
389 1675
175 7314
9228 8305
6962 1909
176 4746
5723 6838
8594 196
253 3383
5336 7272
2152 2705
7148 1658
6327 2289
8281 7370
1452 5557
8504 107
4450 9619
4007 607
4862 897
4615 4789
9102 3995
5583 7660
9050 9033
5208 7856
9798 6242
1949 9092
8139 7836
2981 9509
2495 3337
1011 7703
4159 1189
9512 5647
5753 3245
9149 3429
5550 6195
6826 6107
9118 1287
9698 6054
9904 4029
3493 2017
7148 5441
8948 1045
6047 1304
9996 1280
1336 2629
267 5898
5346 3622
7533 774
3502 7776
7163 8245
107 5995
5207 7981
7526 5034
3008 9053
7691 8614
1960 9166
9388 8884
4653 2240
1253 5378
3602 662
7662 4254
1881 142
4044 4886
2833 8334
3185 8952
7179 5732
9428 41
6724 8848
9118 6880
2292 9042
640 6357
8573 7692
2907 1861
4143 8325
9188 9407
3217 6424
1946 7262
6484 6758
876 696
3283 9130
5804 7115
3345 2539
2946 3782
8958 4912
273 1355
6877 6125
9162 6909
3365 147
9023 3762
9802 64
6891 4778
4775 5070
565 2110
455 6643
8149 1077
4572 7613
2611 5680
6300 5260
3767 5859
96 1035
1435 3031
1692 4197
9497 2237
4800 5877
2438 2726
1260 2620
9931 9598
7743 6677
5608 408
9401 5007
7212 1359
9610 9102
9515 3687
920 3531
5716 7009
8781 2572
5451 7726
1724 1325
7739 762
2981 6638
1426 8102
4657 2824
6549 6110
7585 486
5051 3415
3923 3236
7190 8285
6872 9492
998 2648
6980 1607
4153 4540
2705 2219
2734 1019
9411 3787
1924 9363
600 5236
7901 7492
9955 7766
1532 4887
2377 3935
8543 4657
92 7641
1508 3969
36 8031
6064 4638
3412 7700
8411 4819
4556 3511
6606 8317
5143 1155
1301 4244
7461 7037
420 9127
1669 1026
8263 6978
5155 3269
2780 7285
6552 4377
2399 7493
6193 6794
5938 518
8174 1277
1135 2186
6617 9008
7322 9586
5951 9020
3025 7084
8812 6673
344 4340
8470 965
3283 1626
1519 1455
9284 1887
4024 7473
4804 9601
3677 558
5080 2059
717 9501
6164 3759
4688 7563
2923 2606
4834 8761
8945 4142
2254 8277
7907 3129
6122 1696
3040 2817
9788 6647
7163 892
845 1066
9752 5421
8292 1693
8239 2646
4259 446
8339 7005
9892 3441
7482 7086
304 6994
5063 1317
3133 484
6565 3575
2429 8278
2969 7581
8074 6732
6746 4316
9965 2027
7319 2749
2061 5677
7388 1209
3132 9676
3940 231
8724 4677
5546 1652
8885 8750
2871 7887
4940 258
8059 2079
6845 9754
3288 7531
2653 6731
7838 8351
1495 3706
9883 7089
711 319
2105 7760
9405 159
5228 4976
6407 3282
4091 8132
9034 7013
6032 9072
2606 4403
5332 5242
8296 3503
6172 3404
8311 8922
507 5441
7221 7075
7878 2674
7597 3880
7369 3978
2481 7926
5844 6480
1976 7147
6110 2309
5957 8268
6886 9334
1552 7154
8567 2021
5758 6317
6433 687
5420 6339
9303 2361
5388 9988
5173 6313
2969 3700
2897 4280
3246 5062
9369 6617
946 5466
8365 8325
5743 1603
4959 6818
2571 2507
717 9285
3027 947
3809 8736
8230 2383
4978 4564
4481 7469
5098 4373
7673 5467
555 7352
6086 5425
7811 1476
8473 7774
3538 5258
6407 9601
8399 3314
3555 6754
3990 5476
3504 7163
4585 1285
7898 8831
9927 6449
9886 3206
3720 4779
4984 7252
7798 1526
2586 4375
8981 4870
789 3734
125 7402
5402 3901
7753 7570
6037 756
1829 8921
1150 8526
1531 6758
1047 3814
9432 5021
8550 5354
877 3652
5253 4139
1891 7867
3448 1561
2395 6930
3854 5361
2156 4326
47 1031
8372 8891
5701 2429
554 6394
3455 7793
3372 3380
7632 2475
3265 3799
8847 5648
4315 5791
8861 9021
6054 8163
5553 4794
7587 8413
408 879
4006 5884
3693 1165
9334 5581
9246 871
642 5807
2226 1202
4421 1108
4869 2142
8964 4854
2021 7352
6330 2364
5304 6966
9849 5846
8799 7171
8567 6320
3066 8945
9646 7253
5045 1694
289 970
8299 3584
4644 9338
7088 2932
9650 4828
7427 8509
8006 7621
9504 877
5018 3915
2845 4494
4139 3987
8217 3983
1004 4978
2852 5814
5910 2043
4892 8657
2316 585
9792 3974
1360 1216
9487 8659
4859 2724
6852 1703
7255 91
8280 8744
5966 6045
7163 1231
6450 4601
4241 9889
3639 9893
3389 7766
8946 134
9638 1830
2264 6663
7960 3068
4768 5908
3206 4520
8720 7258
6947 5628
1621 8241
9106 9266
4326 266
5924 6046
8754 4699
2142 313
9433 320
59 1344
5099 4364
7121 1284
1851 4443
6184 2207
5856 587
3334 9451
3666 2881
6784 2754
5137 3328
46 5771
6002 7372
8596 2224
7168 2274
6413 8118
119 1969
1393 8812
8925 6251
4101 5191
8977 6613
7225 4684
520 1310
9190 3136
4476 6140
7754 3915
2088 9403
6131 6035
1091 277
7027 5710
50 8354
8946 6439
9985 3901
3815 5708
5508 640
9269 171
6611 139
5513 2714
5728 5132
8600 7285
7008 6357
3811 6804
7387 5795
7944 8610
8994 3137
718 3343
7857 6220
7668 2110
4102 4022
2831 7776
317 7140
2000 9583
5517 9672
6531 1758
8763 8402
5188 5339
6729 8365
4326 6318
7693 1233
292 9147
2805 8205
9264 672
5441 404
7589 7022
3299 5953
5225 1030
3417 887
8096 8074
8503 2702
9895 5395
985 1013
5393 1768
5085 3295
4433 3972
3863 9841
4867 998
9876 1670
7300 3882
3733 3226
2333 5703
3983 2433
7731 2989
8872 3840
3194 9748
3925 1983
1025 92
6210 1544
6241 3393
9822 2558
7040 1336
38 9856
3741 2568
6897 1598
5247 199
6491 7443
6524 5781
2577 7447
9605 9638
2319 5589
3848 5224
3850 9952
8363 8052
1295 3655
9599 1188
2311 6768
6218 171
7164 3414
3494 5560
3304 3305
8263 6016
5965 4111
8459 6792
906 3665
5939 1325
2406 2074
7520 366
2222 9546
1038 615
8769 5729
2668 6563
4197 1205
8008 2618
6306 8301
4086 112
6472 3884
8095 8381
6182 9800
6168 3169
316 51
5791 6626
6769 5555
6899 2266
9422 3395
8104 337
6226 4357
4226 7211
4398 8872
7016 4947
7676 7730
1379 9950
