851 7957
682 7528
1194 693
7544 4153
3198 1241
5490 9317
6747 2946
7095 1151
8526 8832
6369 9669
7436 1299
8763 3698
4189 1241
2905 3061
7552 6913
3253 6007
7092 222
1443 6559
1386 7229
1172 3879
3208 3656
6862 1754
1976 6646
9967 2756
4223 1015
2979 3248
1781 4029
7882 685
4800 3226
775 6404
8418 5630
1893 8393
4661 8597
6732 1308
7412 3267
3820 9336
8020 6206
8096 7544
9256 7508
8051 5243
1288 8089
8485 2584
4683 7147
9340 5343
5091 6100
6878 5879
8269 4175
8699 483
1702 8157
332 7354
4811 8911
2856 3024
2826 3527
2873 287
9463 1636
1768 50
5326 2097
3330 1265
7400 8235
4635 569
586 7420
289 3813
8928 9531
8381 1051
8393 6777
5883 9055
6218 9383
2756 3322
1229 7538
6852 4376
218 797
2666 8700
9981 2047
5120 2862
4672 9079
1232 1976
9525 4280
8886 8174
3224 8478
7416 7149
362 9649
6892 9646
7909 6517
6672 3444
3412 8040
6127 905
7024 8992
340 3751
7158 5134
1321 2782
6886 3927
7603 4931
6679 9329
6259 9791
9753 5880
6249 9520
2377 4089
3482 7955
5392 7570
4777 1254
660 2557
9148 5475
3810 4210
909 5368
8517 3774
9271 8572
683 1225
7148 6727
1280 440
6343 4280
5478 8529
368 3518
5686 6162
845 9435
7808 3143
458 6721
2893 5303
6303 4864
2528 6381
4409 5815
8669 1555
8865 5437
215 2974
1098 1717
7692 8600
7597 3189
7470 4140
1153 1972
530 8831
8384 4938
6138 910
7436 8423
6897 5970
2117 9160
7760 6429
7325 3718
7416 9835
3684 365
7787 5280
416 9591
2678 1150
7184 5747
404 8645
3221 8445
7316 4256
2937 7708
3295 5776
3222 1476
6707 1237
2469 8584
8715 5820
6287 3367
8346 2924
3366 3505
8906 4466
6319 672
2705 5447
3445 3429
4552 2422
9103 6290
3919 604
1958 946
1012 5845
2714 1809
1805 3351
3528 7150
4486 5013
3697 804
401 5249
230 5154
7080 3168
9137 1363
6467 1696
5188 9809
4528 2635
4354 3770
106 1994
8498 6008
5139 8962
2100 3253
9890 2339
7956 5055
8968 9722
9267 6747
615 5896
2232 5749
9294 241
693 1628
3261 28
667 7121
7795 4527
9569 3616
9609 9870
1133 2151
1600 1798
2600 630
1106 8240
4489 8602
5904 6712
942 3987
1448 6446
1040 8816
3687 4221
3187 8461
9838 8722
4913 9989
9653 1661
2176 8791
4884 4228
3671 2398
1203 4493
7521 4033
1559 676
1757 285
7736 1564
3417 9828
6546 3419
3036 7078
7904 3220
3672 1439
638 5922
7209 3124
3340 4251
1132 2028
9114 757
7835 9926
8256 2095
6572 9206
7480 9712
6503 2760
149 8472
4822 7762
4081 6287
9579 8753
8210 9732
4892 8262
219 3329
7446 3350
1852 3891
6013 4190
1096 9504
628 7867
7425 6430
7075 1606
5954 326
1262 6724
1923 6498
8611 2784
8096 2352
776 3957
6103 5237
7539 3009
1613 8658
6301 8705
966 6943
157 537
372 7298
6219 5670
2199 4332
4743 3493
2842 5183
2914 6203
3511 9876
6663 6361
5754 6000
823 1445
8051 706
5290 5170
136 320
4209 9845
3221 6886
5202 4154
9791 9203
6261 6808
5522 7968
141 7290
6934 6624
4944 9155
8305 2008
1377 3959
4357 3693
6289 779
2983 722
6253 2597
3298 7545
3313 8582
1128 6749
865 5988
8966 4032
6077 6213
6051 7806
8792 8208
1271 5829
2811 1353
141 2834
2985 5939
5702 9501
2856 8636
5700 5125
8562 7757
979 5748
5860 4647
9995 7684
850 3411
8418 3626
7405 2438
1433 586
1114 3411
4003 1811
1341 3166
9880 1872
1779 241
2507 3870
4229 5497
1331 7424
4145 7530
8885 3160
2324 9006
6400 5007
6144 9131
423 1643
7383 4105
6771 2939
2765 5313
4953 4906
8525 3421
9980 2992
9098 5103
5847 9237
251 5607
696 8280
731 9956
5991 3449
1345 2363
6229 185
2448 722
4462 3748
1367 7822
3739 5666
796 6163
4064 2345
1755 934
397 8882
3000 9660
9118 5118
9603 64
9970 6912
4757 6596
7913 4059
6144 7393
4022 4674
4357 9036
3104 7316
8415 2975
277 173
4251 6607
7858 6618
6341 2748
982 8732
7297 2621
5017 7637
9931 8376
7576 5820
2736 6044
7934 3199
6992 7110
8383 3992
8717 9393
4670 3555
1784 1863
9813 4008
7853 3975
1942 788
4775 6553
9363 2735
9422 5858
5395 7435
4311 7627
7288 5210
913 8118
7816 8097
289 6308
4681 8835
1022 3228
8500 5338
1176 3595
3821 8938
4927 5239
6847 4772
9928 5814
6361 8749
4094 8554
1982 1442
5740 2102
7822 8283
9306 1950
4742 8158
8926 4676
1511 1651
2850 3576
9429 4210
6073 3495
6003 665
9090 6723
9094 164
4841 3424
3302 901
8899 9833
8684 8093
8043 7357
6079 2774
6354 7352
7835 4274
2283 5261
2756 6509
6610 5321
9350 3464
8053 7438
2604 9452
9462 1009
8580 5698
1595 432
6379 1807
4548 2421
7063 7409
279 5670
9883 7773
347 2678
4975 4969
6399 1185
1378 4463
9709 182
8293 6966
8682 5985
6326 9008
3133 2549
7167 8650
8831 1114
9328 6779
5523 8047
9605 7742
1754 6967
1959 6041
740 4000
7876 4504
4401 5404
2724 7591
9010 8840
633 6728
8333 5056
7517 4539
8538 116
3645 3677
1736 5827
6033 9227
3927 3885
822 2449
3942 3593
5586 1105
3834 2943
6281 5533
8527 1822
653 9191
4167 3962
3495 4164
1393 6932
7179 7893
2519 9825
3080 5716
6713 6232
145 2697
6360 4095
6549 5141
1990 1196
1504 5727
8184 7837
428 7876
4549 5164
5807 4690
3236 9838
710 8424
3316 8540
1954 9365
6174 8414
5055 6055
5576 7462
1114 3904
395 3058
4963 6074
3314 9964
9638 1672
9805 5041
9060 9913
2677 6739
8896 3308
140 3062
1683 8829
7526 6796
4759 9300
7214 1823
1788 9649
3550 1830
6921 3266
7572 2968
8565 7757
9406 9976
7758 8698
3163 3262
1533 5980
1008 5223
4236 3323
4625 3990
7292 7015
7015 8036
7187 149
4466 6687
9115 4189
5060 7455
2137 7484
2494 1363
8178 7589
6422 7797
9152 1918
5250 228
4922 5422
1817 3660
4440 5564
2158 5114
4186 5280
2804 3260
5407 6925
1369 6696
7819 1549
2827 7919
9782 2961
3688 4011
1636 8405
1461 8509
1549 8202
3555 2268
8801 7089
1505 2025
9621 5876
8610 9956
4613 4801
6737 8221
8467 3620
9607 6815
5261 5991
3949 9170
7150 134
5443 8172
6915 6965
3302 8907
5247 2555
6040 2181
8411 1153
1795 7446
6726 8432
4276 6730
5297 7086
7114 7402
2183 1341
1679 6002
9891 8301
8013 154
2245 2636
8565 6923
9452 5500
5904 3198
3282 5448
6833 6275
1083 2279
5933 8472
2606 9426
3260 3627
7172 1453
3021 8345
6863 91
6344 189
3783 2511
1874 1918
261 5486
8217 202
5109 6100
278 5446
126 4252
940 7054
2094 114
3597 8584
5909 3492
3636 8071
3927 3930
8167 3987
3227 6510
5843 4186
183 6604
7842 4308
5100 143
4585 1504
5013 9571
5447 9226
4962 2494
9398 1427
3801 630
1852 9751
3889 9206
7152 4156
4481 4410
7587 5664
6040 1874
8896 5849
5331 1997
1314 5215
618 3802
4678 5945
9406 7844
3983 4426
1222 1649
3127 4976
4249 9823
4421 8578
1114 6930
2216 3372
6169 2400
5439 305
5232 1257
1589 4299
8084 3922
3582 804
4043 3761
4037 4347
2104 5441
8139 6499
7685 2339
4803 3560
4360 4700
3640 9694
8816 3220
6163 7670
4347 5186
2213 543
1940 160
6684 3581
4257 7013
3158 7287
1825 3118
9991 7659
9344 2252
61 9970
7571 4560
6651 7589
3264 4498
4524 6419
732 9036
9969 2613
2410 8065
6313 6901
1625 6639
7898 8099
3006 4811
3821 463
5915 4647
8277 6668
4928 9504
9331 7846
3756 4165
5943 4609
437 2102
440 2651
7942 1478
4488 1979
4699 4162
7861 9251
9910 5221
4417 9627
3314 7208
3420 4005
6952 890
83 3500
7443 4584
1775 6964
6854 1260
3777 8803
6759 3441
4768 5610
4861 817
8836 9067
4292 9726
1551 5878
2833 2493
4261 756
52 6907
8931 528
1553 239
625 1545
8121 9606
4649 4053
811 9316
1008 1511
8342 3281
971 7012
8434 8854
7808 9325
3781 7573
9152 1653
4901 1001
3453 1760
5038 4662
2860 919
5503 1940
8159 7650
3540 6263
4131 8542
7172 3510
6853 4807
4668 3725
3476 8645
6627 8029
6618 1681
2346 9196
1905 2806
8177 7808
7525 1498
8986 3306
5592 8450
898 3629
9731 583
9527 9774
967 9360
2934 924
9693 8693
1792 3585
4440 5934
9870 7570
6788 5025
4164 3667
9643 9971
9780 9916
1376 6784
5936 4930
6668 7367
1952 9787
6002 5531
8963 8373
1231 6724
5212 464
2878 3755
8647 4724
8428 8554
9747 8680
973 5103
3656 1846
6548 7284
2407 2720
2403 2195
6030 5027
6226 2340
2526 1494
5725 2951
9792 4391
4793 6337
2196 6460
3089 2098
193 8854
1570 2851
7707 2864
4209 3758
1767 6674
2824 6596
6503 3353
582 4207
4543 9303
4843 7340
102 2842
671 5921
8989 7684
5713 5872
4703 4060
2259 5084
4275 915
8114 7405
6587 4126
2575 5658
8612 6521
9870 7149
4889 8591
2987 3997
8727 7211
8736 7562
1731 7059
2869 2463
1842 1678
3877 1635
4978 6815
6326 3337
329 1388
9412 7248
1081 6875
2254 4718
1886 333
2954 5684
7817 4831
2054 6911
8486 8509
5069 7375
6387 930
1314 3414
6644 2313
5675 4053
6006 3890
9076 3298
2288 5051
3102 1712
4584 3432
8560 6949
2185 3954
2517 8897
8573 2050
8879 1507
1266 9885
868 5927
1156 5055
7892 8318
6551 1202
1316 3072
7614 4692
5229 2795
5491 6150
4747 1318
4204 9948
621 2973
9508 5568
8218 1804
6439 4729
440 165
5621 9993
2211 8752
7251 5473
7678 3421
5063 9917
8877 2026
7574 2191
551 3524
2806 3683
9023 5195
7907 2241
7454 3693
7909 595
4102 4477
4847 114
4381 9238
2196 877
3169 8260
847 2044
1554 7083
4735 6842
5766 2594
334 8385
5630 8321
5832 7250
6949 2711
542 5581
5762 157
206 6318
202 102
3323 1806
9312 6675
1467 1013
2567 8254
7377 3783
5003 3336
5600 9539
4554 3601
2585 6726
6377 4400
2771 1018
3323 2648
5877 6372
9981 6862
4544 4124
1552 5498
2350 2316
6961 3074
672 1263
8978 7311
1612 4863
1921 6881
8362 4909
6340 5915
1883 3337
8952 6366
3119 6392
6785 1209
1535 7521
9022 4484
2607 9004
7191 5561
4765 8227
8727 1156
3446 6603
7085 1465
1395 5931
5735 173
9737 2337
4025 2299
6754 4095
1384 4213
1277 3154
9765 3321
1625 2724
8493 1495
4190 4391
1863 8869
6037 2980
7645 5997
6595 2014
3513 1886
7068 5688
7942 5145
2357 6981
6935 7922
7812 6313
5656 7015
2467 6998
1791 4567
8038 3847
5507 6393
4526 8211
1648 4089
7599 9404
8201 854
5527 8730
9358 1378
2202 871
464 1246
1552 242
103 4312
1402 3347
535 1463
4758 2200
9585 343
1326 1022
4384 723
5922 8655
908 3647
4558 4211
5784 6426
8107 7977
3814 6334
5690 3774
9815 5520
6448 4719
704 9957
5728 1727
9206 2934
9123 8866
1350 8373
6182 162
9568 248
8956 532
9771 3495
3864 8984
5418 8836
9405 3751
718 4141
7077 615
3849 2896
1120 9037
556 4600
8927 8718
4660 9063
3324 6648
6671 1760
1112 1032
6609 7664
3260 7276
9594 8307
3054 9266
5387 9043
8797 6334
6510 7006
6363 7766
1096 7862
2887 628
2431 3795
5832 6
5709 6464
139 8228
6279 7235
6872 9104
987 5339
2261 233
6680 8375
5643 2998
7796 6548
8034 5031
2757 2619
1689 4613
8156 5432
4273 2112
8744 9146
4713 5306
217 4328
481 1885
9864 9228
9155 6075
1320 8997
8041 616
2251 4074
4572 1647
4117 8987
288 9741
9630 2500
6020 8876
8640 4646
1024 8868
3751 7188
3611 4057
7917 4531
9443 6671
1576 5664
3467 6396
2770 9359
1778 5813
8333 8629
7350 8449
3270 9873
479 3253
5235 2139
157 958
2134 6013
4650 8861
214 3985
4388 4624
8377 2411
3793 7946
5059 2641
3393 17
8731 7661
1692 1498
534 4922
348 2069
694 339
8691 3188
4223 1793
4514 8889
179 3529
289 4825
1642 9214
5323 1673
4071 5095
5928 127
4040 2846
2935 4086
4746 9383
9733 9168
7218 2852
4081 5398
1139 5671
7512 9944
254 5461
6636 393
3386 7599
9709 1413
5139 1500
2099 3126
4590 8686
5540 2233
9246 5907
1277 9339
7708 8052
2999 5873
3688 9957
9395 9299
6542 5511
6548 1420
9338 4329
8160 8380
3918 6687
1159 7028
3299 5553
1109 5112
5580 2994
6532 431
7335 1241
2186 4240
5560 2113
9346 9609
9940 9250
5473 5437
5181 8752
6443 6493
6998 7919
2384 8727
1426 4616
3384 3933
1780 4675
4770 4998
8920 462
2480 6950
1204 7545
1621 1759
2639 3798
6210 5655
4980 1714
8676 5032
4013 7832
7453 8013
3306 5288
6350 2736
6791 981
2208 4529
6183 1768
9946 3311
5432 4116
6337 4804
2863 4711
3001 7799
6981 7665
7473 6745
8149 4673
2505 1147
1692 3886
2228 4109
4376 6794
5451 1341
1048 1336
3304 5515
4689 5932
8193 9341
7897 6677
9644 9442
3203 7972
8731 2859
1785 8879
1688 7965
6378 1479
5901 9610
1227 8445
9492 3172
2058 2918
7596 6098
9154 2645
161 9634
708 1319
4818 5686
6867 2317
4244 5852
6125 1404
4505 8932
8335 3064
4416 6077
5605 7826
738 3713
9210 6031
7730 2288
50 3142
2358 6509
2517 1097
8320 4317
3765 9490
7707 1334
2811 9655
3776 6822
8989 6066
2946 6207
6540 2817
3727 3550
7174 7348
5516 8739
8959 6727
6857 9568
3934 8902
8989 732
5621 1500
5207 6314
3849 7939
2255 6449
3100 7715
9343 7226
1487 1503
171 6887
115 770
1971 4138
2115 1572
8680 7323
2824 5354
9442 395
1097 8657
3678 3413
6584 4100
977 7335
1889 7721
7723 8130
5457 3518
9914 377
3317 3895
7906 1966
2967 632
4936 7506
6031 1273
5033 9122
2569 7696
6707 2360
7585 1900
7667 4440
2872 1777
5787 141
421 1690
1180 8506
2567 7055
8675 8966
95 132
8743 4525
2238 6368
9575 1050
9206 8809
543 5670
8204 3087
9819 1386
667 5287
3574 1725
27 8542
653 1512
5415 2060
3877 1371
5128 2913
8459 448
6015 311
868 8851
4383 9920
4519 6856
93 4072
9312 6218
4432 2945
7848 7467
4458 1273
4381 4401
8599 7697
5211 5747
1948 7275
8856 7986
5548 8675
4742 4040
3271 7280
3856 2021
6544 6262
9224 334
5983 6125
404 5455
4076 2435
7430 4480
2041 121
8761 1281
3978 1763
7245 4256
2376 5850
8963 5986
8529 3536
4695 9455
388 5111
880 604
9481 6067
8569 4375
9747 376
8065 5937
3685 9253
8649 4064
6107 9404
8999 235
2234 7636
7830 9922
6816 7841
384 3069
477 4294
8298 1554
8221 1024
6177 9946
359 2716
1131 4221
2118 1736
8687 8890
67 4639
8077 9023
4079 6517
3759 188
6337 7914
8481 3144
6882 9859
4033 8990
6952 2405
4030 2112
7792 7108
4826 2288
3931 2698
282 3249
2469 821
5441 2700
7890 9481
2681 4121
9075 8490
747 2098
1679 4209
9989 7139
9607 9787
3025 4031
5087 697
9743 3938
3210 12
8128 4172
161 4601
5164 4965
3550 2607
2720 5483
6376 1243
6417 7476
2268 9749
590 4303
6733 3290
3746 4321
6355 8713
4277 8961
201 9848
5036 6510
4605 3952
4715 6969
5252 8271
8359 6614
5726 5625
6079 1115
4841 6379
4185 6637
1680 4107
2362 303
3879 3730
1809 4282
8992 9681
3056 1326
731 1716
521 1230
5540 234
1983 4664
8336 4001
7434 5169
4024 450
2066 4879
3534 6291
4363 4830
5938 7973
7374 4582
5918 6251
7120 8367
5484 4778
299 6394
2083 2815
4350 4758
7645 5566
1611 5095
3195 2064
1028 1200
2777 4574
8860 6326
1887 957
2122 5701
9623 8003
6197 4195
9435 1818
8577 5608
5464 6264
9146 1169
3335 8356
5106 1773
8394 109
5330 9559
1410 286
1747 2708
6084 9961
5414 941
6008 9475
6963 8065
4847 9596
1619 8954
2271 5566
1466 497
6374 7511
7395 9497
6684 1182
6007 3918
5237 3473
9174 9679
7990 2860
757 2695
5245 7286
4529 3427
3819 3895
7479 6816
3545 8804
8844 6437
6139 9969
3372 7728
1794 8920
2329 8087
8625 5707
8834 2140
2641 2769
9413 6562
7428 2432
4602 3151
7981 1847
7258 537
6422 464
7994 1838
4073 2951
4841 7940
5109 231
9300 4082
7874 3598
7449 6731
1269 2589
1764 3150
4543 7938
3664 1841
5163 8442
82 2986
8806 6206
5302 9596
8014 1269
4655 6013
9823 1669
4042 9711
9384 6222
8778 4027
8167 9747
3112 9335
1627 1459
7300 5393
4124 5260
7939 7012
9038 7689
1133 173
1186 4410
9307 297
1400 7574
153 1643
1967 1183
6165 9313
7581 9558
8424 6502
2214 5357
2507 9793
5472 9688
9672 6915
284 6254
5195 7894
1016 7117
2584 3246
1276 5211
8972 3983
8066 5416
6347 4237
6112 6574
7675 3162
4733 7677
2873 6176
3101 4557
4982 1344
6485 3562
125 4479
7686 9805
7296 9189
6065 2439
2619 6605
6381 1201
4527 1841
3194 3394
6371 1684
2469 760
4320 7708
4968 3417
3276 7120
6383 1745
5426 9828
5154 9148
6203 1492
7680 8413
5700 3974
9330 6219
8666 9286
8716 4662
5994 4280
8215 7533
3720 1262
9708 1660
4775 9829
1574 85
930 3547
6598 1560
7492 4327
5353 9207
8054 8908
4805 6621
1736 4564
5941 5731
2922 5775
7863 1361
1825 6889
5424 6962
2134 9548
5427 9243
3130 4485
3749 512
8591 7231
3518 2306
1109 5972
4774 6094
713 3633
9350 9169
3299 9783
1496 6308
7513 5637
8595 9211
726 4996
4620 387
1380 8265
2039 1130
827 1704
5976 8701
4486 1602
6549 6166
3163 235
9737 6516
8946 4670
3363 7213
5332 2750
9488 3087
3998 7923
7273 5995
4312 884
2833 1112
450 7933
2256 2
5078 9761
430 6661
6166 5993
468 2725
4569 1224
4471 4151
616 2307
3215 9012
3268 179
656 264
4857 9069
8255 6757
7508 3984
704 7542
9282 7915
2007 7473
3449 6634
1519 4746
5925 6227
6400 9134
890 3931
7955 3276
9750 2352
9385 8045
6789 4133
9907 2740
7618 4170
9450 905
2095 4188
2102 771
4537 9889
4862 5893
7623 544
196 8470
4752 2524
3077 6031
1537 3721
9824 8967
9828 8701
483 6830
6637 4911
309 8896
9942 1027
774 3368
774 2896
5531 8402
9403 3380
6055 173
7588 7715
1412 6319
6572 2134
8536 1250
9111 2868
1391 2673
8027 3085
6817 8040
1306 7966
1912 7394
3031 6275
9616 7209
2156 4014
5510 1572
6606 5592
7233 559
3903 8326
8964 2695
1708 2983
4420 6083
1957 5574
7777 1303
6228 789
6605 7903
2773 6582
8446 9363
9630 801
8017 3385
3026 3676
7316 5388
9782 4481
1670 5571
264 1329
2883 4426
8683 2066
3742 9101
9147 1043
8430 4323
1249 375
2942 6118
1906 181
1589 9649
4594 5513
8853 1430
5419 2285
3244 9056
6277 6502
4763 9951
538 5891
1428 6035
8987 4456
5001 2122
8793 361
8450 2570
6390 4835
3423 4526
6963 6546
4634 955
1448 9171
9870 8584
9223 989
7528 9320
2516 8954
5163 2920
4687 3051
4242 5588
8887 5618
3465 4758
1848 5480
8448 4410
9718 6212
4173 5825
2020 5666
4704 4854
9529 2551
8784 7833
9002 7696
7287 5230
434 2494
700 9725
3927 7299
1489 98
3792 5517
9845 286
8406 2240
2324 7021
5219 5633
9480 1562
6112 5860
7209 5444
7452 2308
1034 1438
3225 8958
2843 7016
3297 5690
2065 3495
6812 5666
3196 9074
8021 7681
113 9212
3321 4552
1762 5154
8080 6269
5791 9436
4720 9360
5558 8900
3422 4458
7333 3150
7140 6867
2813 6479
2668 3767
6879 166
1164 1866
4292 6880
6458 46
882 9357
3558 3382
5295 5920
5063 8732
7398 9369
7896 2420
3012 2878
8412 6984
9088 1298
9147 3187
2750 1132
7820 6407
1871 1195
6805 3222
8601 5168
2189 1999
7926 5748
7384 2389
3622 7327
6917 3791
1218 7779
661 1855
6376 7255
7591 1902
5076 1173
8009 1614
9665 7779
663 2704
7764 4957
6492 279
2491 9821
2305 7838
5217 3165
7427 1147
1242 9459
4023 3959
4342 540
4875 4504
9133 3974
8372 1578
3104 6588
3355 49
3510 3593
3619 461
6837 6335
8735 8957
5180 784
1491 4051
2164 6907
3750 7388
2402 3500
4359 3975
4908 9188
9008 5037
7410 7448
3440 5854
3747 8436
9788 9205
3635 7350
3477 9355
1531 2244
7056 6247
7910 1475
5476 182
8253 2656
972 6903
9661 7187
8164 3754
2117 9966
4448 3847
3673 2702
1371 3671
2417 555
2283 4312
6567 7285
7886 3000
9571 1871
8423 9816
4827 1652
6740 1516
1029 4258
7825 1453
5986 5165
4930 5354
9989 9419
9038 8081
9763 4810
3967 4934
5337 4996
7644 5747
413 1066
8215 4791
8017 1837
7335 175
3731 1665
7865 1237
2811 7567
5398 1125
9811 9654
4823 8206
2413 21
6380 8308
1573 1880
9493 9839
6302 6027
9991 1870
3882 6872
1818 9911
3277 4537
610 5867
7687 6857
1388 9965
1756 9911
8257 8646
8239 9154
7896 9970
6585 254
3329 8409
3114 3525
1452 5774
6276 9530
1800 3921
1097 2893
110 2386
6432 4374
8188 4661
5864 1225
3327 7814
6558 9673
7800 6168
2204 55
9322 9397
1806 2389
1028 8573
1005 6321
6749 5086
7223 1452
9859 8099
5077 4825
1384 2666
2167 1310
2418 2432
4607 9724
2067 5359
9972 1724
5997 421
8120 9926
361 4263
1894 3178
9295 9522
6558 6661
8076 3709
6431 1942
4970 4926
991 1073
5496 1538
9626 2820
9765 5298
7015 6208
3732 7538
3558 6821
8983 143
6398 7195
2067 5815
5297 7697
4005 3702
4158 6059
2037 7541
973 1443
3492 9772
1467 4843
741 8116
4831 6961
3148 7775
7996 1755
8617 5868
3450 2672
6785 7194
7976 5068
6123 3081
6876 4003
8067 4910
4015 2636
7234 4749
5873 1738
2398 6121
1404 3807
7859 3308
9360 2400
4213 2330
9460 3562
4629 2871
2942 931
580 6969
1867 8971
2174 6310
4918 9447
3513 7005
867 8351
2345 5701
1020 4917
9467 5898
7544 9464
9889 7027
6490 4971
3867 8359
5429 269
9028 9669
2440 9573
835 1962
9635 4759
5701 7221
787 652
7479 6712
1795 5090
321 4700
2595 6925
9700 9477
1646 3559
305 1037
2071 486
6884 5750
858 179
5744 1084
9896 6836
5309 4606
6395 6949
1228 9888
2253 2374
2421 2910
8203 5373
4589 7373
7911 7277
4575 1881
4187 5100
4117 8668
4948 3273
6260 6818
6276 6958
5120 7641
1450 3924
1324 9541
4131 697
7793 9803
8848 2321
8067 7487
7047 3111
18 9230
7266 3898
9430 7108
2258 8333
4579 3507
6846 6925
9828 6257
6962 9419
543 5289
1484 5322
6358 1445
6849 8600
8603 4911
1348 4079
5153 7098
6066 4806
7202 9432
9472 2398
2759 7051
3567 2267
4050 5806
6625 9035
8916 2707
2539 6980
6238 2955
6939 1542
1775 6310
9634 7571
5314 436
5508 6821
1285 4374
4575 1259
2399 8776
6500 3759
3105 9384
7863 8171
7315 8988
5871 5298
3543 7121
2686 5596
5726 3218
6736 2457
8767 5774
7312 3061
7177 7910
6726 967
5163 3827
8874 4674
3477 5045
7817 2989
9268 7411
1796 814
3472 9203
5461 7072
2722 8861
9043 2106
6508 9768
5932 3718
7095 7694
1466 8978
7232 9090
8857 2776
4296 7284
5838 7190
7211 6061
8003 567
2213 3487
7630 4799
7543 6383
882 761
5805 2393
4058 9687
9108 5842
3173 4778
6742 4043
9595 883
2507 5548
9794 7881
7698 6414
3507 6735
7271 8408
5912 109
7321 2801
1792 5621
3685 4746
5080 1537
2746 2334
3832 3089
7727 9500
7262 4332
2511 5284
3842 3198
6301 5703
9334 9850
183 3520
8962 9373
5430 8978
7125 9241
596 826
2350 9678
416 3002
8386 8172
7273 9122
836 5116
1190 4208
2823 7631
3787 1119
6365 4415
2649 7272
5749 9050
7809 9698
7097 8592
5947 9405
9534 4975
5502 5318
7390 9864
4504 3281
7194 7112
7586 7178
7100 466
9334 4479
1181 8609
4826 3751
3052 4426
4518 6280
6890 857
173 7556
5691 2310
3866 573
4839 583
5625 6544
8932 1077
6097 4461
9794 8143
3803 3249
135 4226
9911 8681
9474 4307
5290 5649
9155 2122
9651 137
1581 3900
3842 1789
2011 2722
8233 217
4348 1972
8474 5629
9091 3713
4420 2598
5699 7341
926 728
1956 7895
3768 4133
3115 7686
7350 5889
5583 8999
1714 7850
6153 4259
8886 2825
5499 4382
7850 3055
3508 4145
2247 8454
7988 1081
4381 1021
230 60
2943 6540
9911 5045
6092 8275
6929 330
1058 5676
1373 1624
5832 5896
6272 6963
6514 8211
1502 6828
3143 4459
8560 6334
7064 1165
4578 7379
6475 5513
5480 546
5609 7221
3063 6633
9571 4566
8830 5151
2222 209
564 8234
9442 278
627 3992
7268 8990
8637 2321
9061 8245
4125 1835
4867 7110
5848 5045
7670 8434
4733 6214
6413 5708
6140 5602
681 3869
3409 4082
5114 1376
9593 7217
3665 8790
6163 6864
4856 2613
2415 6928
9428 1934
659 3254
2180 410
1199 8598
4363 9542
9245 3487
4402 5161
286 4467
9279 6730
7111 7544
2444 2646
4425 3176
6951 8082
9628 933
3515 7082
995 8010
8462 7696
8666 5231
2633 6328
2805 7356
652 4057
3404 8279
657 9780
5893 5432
8775 8141
1394 4469
4759 4824
8374 1122
54 1008
8447 3679
4159 5365
7561 5551
3938 4206
272 6748
7328 4495
4242 9726
8060 2028
529 4408
3703 4884
183 3995
5217 150
4340 9787
7426 9146
5764 7782
2765 303
2094 3213
5908 8197
3526 8843
6005 9824
9390 3979
543 4394
970 7739
3520 255
1162 8641
8699 2087
4920 8683
4854 4267
253 5769
3421 6390
7280 3461
4531 6352
7696 4702
9288 6325
671 9299
2384 5244
2603 6144
8011 4744
939 7956
3418 8909
1053 1354
9164 2506
4862 3918
4219 1560
3228 2684
8741 2970
7973 1916
4812 5414
104 3333
3965 8800
8320 5863
9356 7765
1746 5719
1172 6434
2203 6862
1462 643
9139 8555
9741 4623
8626 7910
1346 548
2843 1307
1 4282
1564 380
2664 3464
5955 9472
630 4905
1781 8770
7336 7954
8019 9913
5434 1136
9786 7291
3963 7436
6046 9179
4687 9396
9531 9269
3797 4894
683 7419
7098 3982
1681 2448
7848 833
9188 9421
8810 8302
3550 4552
4398 6684
5707 5695
785 9479
5573 9351
9852 5739
2301 8630
1174 4492
8572 693
8222 8930
6011 5128
921 5005
4498 5567
3343 3981
5492 2771
6028 4340
2522 8301
3705 9488
4570 1584
2925 9909
3743 3368
4528 6482
8019 4016
2171 1873
5033 6933
8818 669
635 8421
5295 7055
691 8735
1990 4834
14 5841
9223 8528
4362 1077
5696 6972
7081 4255
7933 3877
3107 6671
4213 6546
3097 6824
760 4068
3488 6254
827 8077
9205 312
2176 8836
1602 8997
5926 9646
9963 6422
8838 5439
9646 2791
3918 7399
7170 5384
1606 8771
6416 2603
3863 3080
7605 4969
2059 5827
7735 5135
8185 2860
1081 5476
4199 5855
1049 5591
5425 7249
1255 790
5671 6369
7549 2871
3591 2205
177 6954
8041 5047
4955 7362
5642 1104
8307 6775
9272 3735
2834 5209
1195 9595
4942 8364
8795 3541
3699 8416
9527 9741
1012 8588
3518 2339
1648 8590
5408 6333
7545 4453
8845 3779
2347 3178
4680 1579
6343 5917
9350 6879
2659 3358
3569 7298
2654 5366
9921 2812
6625 9839
6322 3484
9708 81
9435 3009
4091 7930
2417 1055
6388 1770
3802 8437
3024 2513
9013 3491
6428 9244
6750 3590
7543 4606
2846 1666
4756 7371
3746 8844
7257 2621
6071 3809
1978 815
2349 7781
4846 8211
5915 4884
2327 8913
4688 5763
3730 712
1922 3512
7826 5925
1541 3077
6995 6659
3987 1278
7859 7099
8118 2854
5965 7162
7900 7614
8616 3930
3816 456
8654 8484
2619 7101
580 7047
1013 7762
1904 5846
8340 2340
619 9690
2219 3873
5200 5256
7501 2696
673 9744
6734 7537
1360 9271
7953 2912
8381 5117
6314 5118
7478 7739
4274 2758
2787 4738
2077 7894
7187 2684
3754 5602
8886 8363
9992 6422
1714 7191
5275 7228
2559 878
3056 8360
544 8115
6955 1709
3490 6233
8946 3257
9386 9858
7151 8212
9103 3492
3432 9808
1881 8689
1240 7144
4777 1818
244 3909
9938 7119
6698 6883
9218 3263
3927 4891
2617 4492
11 9265
91 7018
1080 8088
1470 1290
277 731
9881 9576
7979 9050
4952 2864
265 60
1447 1105
5404 9293
3425 2616
8515 2016
8442 2814
208 9024
1121 4984
7185 6317
3644 7408
2220 2357
20 4788
2004 2940
9956 7904
6110 9836
7591 582
6055 9939
3358 7462
8281 5017
9400 9541
8801 4675
6589 2492
203 6299
1293 1699
4388 1100
1597 5223
4926 7903
3375 6751
4212 7672
7255 8135
8454 3745
8283 437
2108 9770
6178 4383
7791 3045
2747 6549
9246 2690
7614 7247
2441 8822
5501 2590
8069 1454
3720 8707
982 3944
5272 5084
365 760
5640 116
4730 1124
7003 646
9786 9464
1544 5882
1124 8915
7779 1462
1869 2215
2424 4502
2982 9081
9990 2204
5415 457
1812 4381
2140 5074
5372 6976
1309 1798
5776 9269
7034 6716
6893 6685
1483 7758
8656 5258
2344 1244
93 7252
7355 7250
456 6497
1243 8081
8020 8403
3482 2305
3550 2707
9989 3774
126 2746
5819 7949
7679 9191
339 6638
333 3526
8308 6502
4262 3953
2896 7808
1805 7431
6003 610
1836 386
7487 6402
8395 9975
4975 8719
5104 7290
8766 9902
4691 9473
228 3799
2624 9898
5809 4465
5320 5611
599 8322
7042 7537
6791 2959
5169 7699
8213 7873
833 3172
684 5951
1492 9923
9447 2734
354 9702
5931 7307
4028 7858
6583 8069
1753 7895
1731 5007
6719 2101
6115 6666
1115 8654
8581 9059
1188 8747
5996 8721
4444 6995
1571 1719
270 5444
2112 7015
8860 4952
3616 9706
9757 3549
5779 8570
8697 5728
3020 600
8182 4623
9474 8811
6266 1744
5674 9154
3945 4742
5076 2418
4982 9205
7485 7365
4103 7271
370 8425
282 7107
3161 5499
520 964
4522 5876
125 850
9708 9455
2812 4710
8525 1807
3184 6754
9717 4082
5850 2572
6515 8725
2996 3593
1323 1269
600 1220
7592 4989
5216 7824
6490 3227
7958 1165
1328 9234
380 1703
7332 716
3324 339
8887 5997
6910 169
5891 9570
103 4884
9412 406
503 6138
5193 6539
566 8996
5154 209
8247 8681
9071 2934
9586 2633
6404 4076
4764 8
3723 7682
1498 2074
2856 6184
8457 5250
384 4420
4334 3339
9334 9765
8856 7811
7481 3585
4962 9031
7256 8651
8850 5443
8119 5420
4844 4900
1435 9832
1582 9183
3720 5731
8786 1851
5531 3443
378 8547
8946 1938
2613 1170
4955 9917
9343 2595
9918 7674
9466 8594
8414 3190
5522 4060
8772 6208
5792 339
6852 2223
2131 5402
3037 4503
8400 6256
6963 4813
6895 4734
3791 1517
23 484
9382 9780
8665 1718
8821 2542
3651 4898
4022 1146
3577 3507
4968 949
3570 7103
1353 150
9326 337
7706 315
5635 9482
88 6050
5201 648
2937 594
3754 7745
8215 9453
6858 3979
4071 6748
9535 3517
1146 8993
2117 6757
1875 1700
277 2749
9735 5136
3894 2892
1645 5431
2779 8541
2887 8568
130 1549
715 8240
9283 8233
9283 5019
3236 7940
2625 993
1169 6539
9981 5358
7800 6343
6680 8265
2525 7483
2399 4605
4600 5721
9166 6569
9306 3773
3621 9052
6289 5108
9572 7477
4405 2174
2376 7588
7081 9186
4035 2274
9639 6130
7915 3636
3169 5210
114 10000
5475 6669
4626 7997
8576 8630
3841 7349
7289 3804
6997 1868
3637 9299
8536 7234
3281 9202
3077 6805
1508 6194
6008 6835
4801 948
5268 5687
8817 8590
1115 2893
6350 1522
2975 8737
8348 6850
8177 972
1234 6347
6469 489
3126 4305
607 1849
2895 5706
794 3939
6149 5355
9311 2587
7523 2304
3934 8381
806 5566
6771 9325
7451 203
9284 768
6743 9117
1174 1695
3258 3500
2465 2679
5002 8735
2147 4188
2442 580
1433 8320
5533 4565
5547 7456
7339 173
7144 6113
4316 6617
2263 5121
3475 7021
9728 2642
3998 8744
8225 878
4652 5120
2993 4824
1288 6930
2863 6117
6426 9418
5473 948
2347 7763
6970 7539
8642 2510
1291 2196
5748 8441
4372 8312
2564 4236
6353 2416
9894 2322
4008 9698
2223 1617
5960 6682
9256 1167
9 5659
4949 2266
4796 4548
647 7707
7994 6521
8784 9588
277 180
1932 1744
5705 2585
4892 7656
2177 1439
8673 5225
7748 7473
492 4815
5228 1440
1317 1367
5371 9592
8149 4315
7756 1114
3059 1421
4255 9056
1722 8499
2047 429
3166 1069
9448 2375
5779 5224
1450 6711
7787 5053
6341 8419
5216 1840
6461 8916
981 9391
8911 3743
4533 9449
182 8161
6090 9294
1420 1913
555 465
9548 882
3708 2930
8972 5132
3715 2568
3149 1108
9453 593
8335 3712
8759 7321
9967 9783
7272 2940
2723 7603
2905 9452
9639 443
4463 5342
2466 3088
2284 5114
3522 5218
5018 9346
1456 532
8149 3430
2201 3967
7836 1099
3512 1583
6947 5193
9993 1010
7104 2592
1688 1262
2199 2068
9247 9107
7347 3077
9190 5175
3465 4384
8612 7880
3198 2583
6397 1110
3698 4087
3154 3509
6302 434
6232 951
219 238
7141 4424
8358 5982
9935 5807
583 6573
7423 2013
3862 1045
3107 9606
3248 9403
820 2422
9658 5011
9143 6583
6691 6886
2347 9259
5082 3432
7016 2584
4669 8645
9476 5792
8824 9283
5057 7360
4587 5862
779 7717
5548 7306
1011 1540
1335 729
5336 2296
2159 7855
9599 99
6236 8199
7972 4941
9674 4277
297 5132
3148 5456
2859 409
7004 3969
7797 3135
3242 3155
8314 4788
5003 9095
3100 9213
7488 6661
6914 6015
5372 2159
2721 1701
5959 482
6276 2823
6969 3981
3238 681
9438 5209
6271 5682
3609 7066
4554 5580
5726 2127
53 5597
4192 8436
8465 359
8820 1926
1213 1183
6129 9332
5505 4134
8367 2345
6655 6482
8988 3311
5049 5933
3420 6478
8368 350
7306 8515
2128 60
6688 1047
2602 1275
9326 3771
6294 1394
2967 7376
9956 1226
1693 7224
2748 4154
6837 5800
5075 6431
3501 7211
9743 9778
8526 8148
3146 9150
7134 7275
2413 6459
1008 3080
2379 3162
1828 264
4937 3885
5861 8571
9045 680
4574 409
2705 1619
3069 7361
1826 6502
3242 1830
5947 4490
6788 9445
3876 2506
4082 4660
5739 8813
6739 2636
3379 145
8305 9605
1739 554
289 3397
5489 8295
4472 6273
1795 6634
4767 1746
3976 9058
1626 2532
445 6297
2615 2383
5922 4774
7106 1746
3231 4849
6078 2400
5577 7061
4965 3943
7076 2104
1298 3551
1936 4740
5008 4541
5906 954
8486 636
1692 3611
4097 7216
7626 5274
1015 5199
7761 1875
814 3948
3428 409
4629 3410
3199 6682
4004 7124
2584 314
2894 9521
6988 8291
1206 3828
4734 2568
362 4919
7374 636
4931 2308
9191 9666
5780 3750
3675 7656
9069 9144
1561 2771
1357 2759
9339 915
7960 1236
9811 8171
5380 3089
8416 6135
8262 5135
52 916
7063 3185
8012 8923
8521 8156
7978 9029
8130 8735
6935 5643
3663 5429
7922 3458
1472 9885
8403 1839
4515 1572
4141 9333
2442 2157
1257 1214
1539 3944
1277 602
2049 8535
2006 2643
8050 7906
7903 2567
1162 2979
5608 7258
9093 9027
2718 911
5115 7819
8341 6042
7133 6690
9883 2714
702 7429
7024 1977
6450 8252
4903 6187
7335 9706
1936 7001
8021 1311
5760 3542
7175 926
5280 8431
6902 760
5155 5164
9583 1395
1305 269
7863 5088
8705 6710
5114 3984
121 6831
9647 1525
216 9407
4884 61
6230 2165
9831 2998
480 945
3187 6488
5218 7125
3480 3361
3655 81
6941 7275
9898 8863
2396 79
4057 9963
2063 7858
8312 9029
4430 7362
8525 1459
2957 1634
1895 1447
5012 4613
9815 8949
6238 212
6633 3470
3352 5357
9589 7235
1067 9582
4406 4969
9391 2000
7841 9506
5121 7457
1769 472
3748 1717
7312 7798
9354 5475
9102 6529
146 7144
8185 5995
1926 101
3421 8470
1692 7337
4654 6708
6891 8537
3458 6882
6933 7629
6504 5395
2660 4422
4961 9397
6995 7268
3285 7046
2391 9957
3059 4761
4107 5410
5083 1055
6384 1128
1383 7191
8011 9063
9410 3491
1789 1049
2444 5400
8946 8361
3768 6285
4044 5652
3134 7678
5471 6223
3578 4713
8781 1473
5740 8996
6776 5231
1033 6822
4851 4656
1562 1070
4980 7804
9255 9455
1447 1961
5375 1210
9723 1316
9840 6699
1992 3294
169 58
9459 1031
8332 7423
9346 1178
6470 9105
8823 9146
3344 8743
2398 6232
51 3813
92 3807
9362 9048
3104 1391
1737 4610
4084 2022
5810 8664
4429 825
1530 8712
1384 9944
9564 9276
1370 3256
3382 9728
6181 724
6275 4657
7320 8143
7697 8738
392 2005
2251 1571
7851 4164
8315 7605
2986 1326
3932 116
2833 8057
4762 8576
711 6689
3883 9777
646 7683
7922 638
7078 2993
3619 5338
6901 5241
521 1866
8508 4041
3661 4834
4203 3444
2173 5384
9499 7330
1384 3006
9934 5117
8192 2730
5278 6318
8096 406
971 2544
2331 7761
4299 7123
238 7896
1052 2911
3550 3145
9670 2405
9484 4910
836 2332
5979 1105
2955 4706
3613 985
4708 8784
3292 356
331 3272
7297 6691
8441 8322
2643 6765
5766 9734
2228 3834
8700 7937
8654 6560
6387 297
6534 9732
6295 9954
7940 8229
9146 2775
293 3665
3484 9674
7630 2939
2619 7172
7075 3196
8712 5592
3887 3611
6605 2019
9968 7704
9480 383
7895 4930
5737 3462
5767 3090
5059 7989
9647 7131
7021 7832
1248 4081
3144 2738
2867 2188
9071 860
5142 6174
9402 2296
2036 9584
1125 1440
6812 2206
3247 7412
1746 8992
3447 8975
1187 1827
2853 1210
2135 8510
9073 5910
6603 6267
7709 6683
1064 2426
706 2555
6288 4
7282 4180
4354 8713
42 4145
2852 2318
1069 3444
5331 6841
1726 1685
8184 8798
5965 7078
5970 722
4677 339
3577 2362
8058 4494
8609 2977
7653 8337
2802 6247
6931 162
5126 418
2994 3809
552 3063
983 1075
9335 6283
661 4971
5040 3351
2839 6302
4874 3314
1684 8201
2151 7146
6883 9299
3592 4471
8178 354
1550 6940
5307 7272
8007 811
7135 9068
4130 1869
1640 1027
4197 6457
1290 2146
2408 8246
3072 621
4098 5968
2233 779
6510 3928
7481 6483
4086 8303
333 1599
7509 2936
6803 1689
8097 4206
2135 5996
1479 6831
346 1325
9227 2163
804 1315
7255 3795
2157 8753
2208 8470
7202 6414
5789 5258
7386 6551
3814 9579
348 6762
4253 12
352 6591
6156 4990
7514 4424
2936 9604
7852 4360
7463 5400
3257 6159
2220 5152
3349 1937
2651 6360
1608 5507
5703 1746
5047 3534
2779 5733
5898 3274
8064 6829
9142 5114
2784 2332
6844 6382
4338 2980
4819 4344
9504 9061
3585 2613
5307 3069
5657 7152
6338 2910
1617 4409
5796 7731
3361 6497
3347 7966
3177 6948
1987 6429
578 4656
8034 9552
5166 3778
8826 8745
3253 1584
4106 9631
968 1383
9997 6956
5615 3499
3258 9057
4502 3728
6564 1102
82 5663
1869 2651
6828 314
7731 7422
6640 8650
7044 5198
6068 6107
9162 7974
8181 8707
1583 7140
8471 1871
350 7155
2898 2687
7819 7912
9545 1607
7184 8477
4558 179
8439 5436
3204 7658
2702 4771
7670 1841
9275 6479
1951 3358
1023 5903
6580 6611
2379 4278
3379 2719
8920 8585
161 3259
9508 4050
350 5974
4280 3403
3309 6643
9305 7676
8412 5378
2360 8554
4836 4116
6820 3362
4827 2949
4935 9150
2809 3731
3948 7255
1981 6837
7545 5361
8017 4219
5579 5939
1867 8418
872 3176
6945 3405
1754 4057
8700 8766
4585 8658
8547 738
3560 2645
5211 7586
2801 1595
1636 4907
530 9291
357 4008
2873 2323
1702 6618
8907 1705
5519 8746
8989 2836
1110 5058
132 4310
3605 8494
4147 384
4952 2537
9067 3407
3915 4165
6185 544
9081 2449
7568 7169
6182 4801
1917 9705
7677 8388
4832 3350
1514 6466
4723 5709
6223 8654
6249 2006
9301 8279
3682 9750
8286 3899
6024 5122
4761 8646
602 4184
8816 4126
4224 2371
1590 7500
6510 68
1515 8872
8691 5708
5405 8044
2828 2130
8205 4359
9611 7229
8685 5513
5791 6946
800 6055
8987 3396
1482 2171
722 664
2251 7827
2204 6004
3352 4071
8979 1454
8667 6816
911 6343
4328 6722
790 5194
8725 7568
1173 9242
2948 8695
183 599
9287 7048
9399 8779
4134 5971
2011 6915
6518 2509
797 599
8027 5682
1645 4851
1459 8192
8831 6443
1983 6851
8518 2457
1030 6589
1095 5768
3293 3186
3917 4715
3861 1034
3721 702
1847 7095
571 5106
7259 5675
1794 8430
7761 9776
7662 6965
608 3367
1673 5452
7963 8716
3703 7258
3356 7521
8745 3745
5948 4514
5952 6455
6061 4017
6639 2238
6275 7322
957 7832
5158 9239
8649 9255
6426 4481
1081 4405
5045 4625
2181 1913
3705 8530
8754 4842
1464 1834
9228 6744
2969 679
7752 6983
495 7035
2106 8241
4473 8870
1703 7351
8447 776
8703 3826
2620 881
2139 7410
3943 7120
685 1322
735 8686
944 9980
8773 7644
619 6497
5369 4641
6495 7256
9200 3517
53 1522
9285 2818
7599 7415
2664 284
8764 5435
9778 4212
1713 2261
2296 127
9366 976
3288 5459
3871 3174
127 1854
9178 7679
9356 8435
4488 1354
1521 212
1327 2547
1041 9285
8368 6016
5273 3412
8373 5383
387 2366
2174 4393
4532 7776
9357 9603
9126 2154
4768 8888
3736 2013
6606 5667
1049 3507
1713 1698
7303 7672
6022 4147
9681 1599
6722 981
1807 621
2408 3528
3197 1650
4113 3574
4176 2187
7877 7427
2660 1113
9661 8718
1294 6564
7352 596
7866 3642
3164 967
961 1719
369 9054
3856 5972
7946 9467
3313 5907
2340 8966
222 5267
5695 5062
5244 13
3948 4777
3341 8305
6853 7900
4195 4522
2832 8526
8994 2065
1625 3991
82 9141
5533 2724
6475 4974
9515 4929
7035 720
9818 647
1454 4781
3984 798
2767 4320
2799 4147
6033 6627
8411 6911
6392 5626
7843 1253
257 6083
3882 6233
9493 3134
3618 3088
6301 5343
9239 8371
958 4971
5709 3048
6669 3430
4819 5523
1170 5299
1599 1724
9032 9686
2733 4147
3975 6140
2855 2627
2246 6627
6121 8191
2749 9029
9619 8112
5068 9903
6470 9520
9553 3742
304 5268
2669 2312
3408 2901
783 6863
4021 4903
5366 1380
7697 3077
6552 4808
5633 3906
6373 9558
8562 344
9756 8138
5242 9019
3491 3498
5885 1947
2502 2276
8689 7810
9045 2293
8483 6070
6243 7518
7285 319
2216 4470
7508 5310
1590 8371
8030 7998
338 2674
8802 6317
4783 5100
9500 821
6328 2891
6760 6005
753 4636
2407 5520
4103 305
8299 5079
5973 7495
7671 4904
7843 4251
2103 9254
1405 5031
5619 9339
8837 1848
9659 9177
2595 8690
2857 3362
7662 670
8262 6407
7464 1376
158 5013
8586 6751
6557 799
1522 7611
2156 7585
2160 3983
1167 5377
2506 4796
2351 4591
9966 4056
7871 1185
3843 3852
4056 4799
1096 9941
8102 9579
1799 5064
2498 848
5692 8900
7516 7711
4943 864
1189 7587
5670 9339
6745 2543
6379 1850
3088 2579
3428 532
1359 5356
7023 4024
66 4372
2132 8688
5581 7752
8047 905
923 9155
9937 7140
2831 4263
2909 5441
7219 8061
2632 6282
3003 9259
6142 6420
5963 2835
9128 4800
2477 8661
1173 6656
9786 2780
6582 8117
3645 8481
9265 1118
1708 4381
47 2688
9441 9401
8949 102
5152 2165
1416 1811
1876 5203
4526 7907
313 4806
3854 380
7836 2134
406 1575
5551 5763
7345 7135
1703 3760
858 3647
1046 466
5480 2295
834 2429
1858 2236
200 5286
6769 4310
129 1615
9401 4129
4304 1793
610 6582
73 2018
6855 7876
7793 7222
3562 8943
8962 9961
3057 2611
7786 1136
8086 6581
1530 6835
5821 6170
1300 7360
7954 9073
8123 9909
7870 4944
9683 2703
3455 4876
966 4147
9896 6202
1565 6665
3032 6045
4245 8230
1934 3385
8746 2116
910 2545
7440 5669
9203 3929
286 2340
783 6592
1844 9488
4038 8907
5546 3993
1643 3330
5109 8721
5655 8587
5914 4613
4630 3891
3876 3649
3521 3492
6155 1071
4469 4414
6955 3118
4830 7483
5054 5515
1060 4636
939 721
7934 7098
9271 17
9216 1070
9323 2939
1872 8935
856 7372
9108 6368
9279 4825
949 353
3954 7279
1984 921
1284 3793
4829 6852
2373 1289
4506 7979
8249 3701
7337 8780
8160 7086
6783 2129
4960 8579
1111 1521
9590 4972
3739 6430
9895 378
9507 1924
7248 5618
9504 9277
7041 1997
9427 2678
3600 3169
3609 5757
3500 8962
7890 2889
5363 6043
7533 8338
362 3877
5988 3619
7991 1895
1369 4812
3412 8901
4924 7727
7478 7113
4241 2141
3054 2192
1294 9154
9076 1623
4036 8910
3622 7320
990 9004
5977 3442
7576 1845
4729 164
2207 318
132 5928
3749 9884
9216 6632
534 9671
2925 8024
2089 3975
820 8728
6054 5728
9304 1339
9001 7681
797 881
6320 5785
9682 3322
7051 763
9237 3603
5414 845
7732 232
7435 8715
8872 9178
8512 1998
250 8972
5880 7352
9763 8354
1183 9703
7628 3016
9303 4006
1572 7414
3524 7524
4292 7138
4661 5279
7275 2622
4186 5017
6452 3135
6493 8168
1162 2488
1538 1307
4610 6
9782 4072
2177 2325
2991 9420
5863 7318
4383 685
2461 1402
6627 6674
1474 3745
4233 7137
8359 5563
9891 6297
5733 1588
4980 2484
7653 5724
3273 2540
7720 652
4398 6570
4649 6214
5937 9043
9476 1702
5324 6240
9430 1574
3236 1400
8585 6195
1800 7172
6035 3950
970 6514
1629 8417
7041 8066
3962 5340
9925 9520
1142 5048
4411 2884
9797 1112
2682 2735
7711 6612
9622 293
3578 1279
4173 3237
7558 6709
6510 3968
2669 6144
5244 554
4530 8530
8446 4038
4598 9823
1722 5778
2911 5929
4333 3202
5686 3455
1273 2757
7963 685
7908 6856
8544 3180
8951 7913
5201 439
4420 9150
9153 9402
1383 595
731 6648
5916 7260
6272 8824
7855 3493
8056 4206
780 2578
2166 383
9374 4104
3181 8435
2508 1280
3259 4103
5215 9827
1120 4813
8939 6508
8469 6952
3271 2540
8813 4564
3526 6391
5799 8407
3796 3456
189 3441
5375 6301
183 6999
8859 3307
5776 4010
5832 6631
9573 3380
7680 4157
8726 8168
9728 7637
7491 2455
5783 1197
7585 2704
521 8387
1324 5105
6311 6545
9335 5182
9009 9449
625 2228
1718 9559
2426 1847
8050 3325
8827 2011
6293 4283
3379 5488
941 3546
6899 562
4688 4777
4872 2636
122 5072
1664 6084
7810 3068
2302 4459
9688 5375
1961 7063
168 610
1131 2545
6215 1587
6042 9279
6632 6113
8454 2505
9256 593
8114 7681
4662 405
3008 2363
6638 9581
9620 171
9710 3431
4801 6122
4465 4273
9491 7172
4413 6562
1038 7128
983 1987
4689 4645
4713 6495
8826 7753
7813 1742
5350 5590
4221 5538
3236 4292
52 2535
4839 1095
818 1832
7108 4571
5103 5280
3970 8529
9797 9651
1375 7572
6611 4453
2931 2716
6008 7167
2564 4593
8652 3647
96 2549
4530 7002
794 8099
4611 9552
2534 130
6905 3303
8561 9990
6569 849
3585 2278
5489 8382
7479 1105
8470 4365
6050 64
4851 2755
8227 9726
6147 7668
3720 5029
3406 5998
8385 3258
4786 4098
9207 2732
2067 9194
4276 6390
2219 9463
2935 9949
3848 9237
2744 5346
8988 7883
443 7087
4976 3796
8076 757
4291 9752
4951 1962
774 5134
4744 460
8622 7960
1227 5835
5768 6755
763 3652
7095 2890
8470 105
9106 4140
5492 9270
2417 1312
2274 499
9968 7902
9195 2207
9784 804
2243 9785
2758 5624
812 8951
8079 2353
7716 5158
476 9896
4070 7836
9918 8523
4469 8026
5285 9275
9934 5905
4671 1852
5440 7514
4858 9412
8964 6975
9388 8852
9311 7201
3506 5782
7617 6617
789 4692
8641 9013
6027 6633
4724 9419
511 3784
2453 2763
9188 4100
3056 8054
720 520
6474 203
6008 222
9156 4259
8944 8106
1390 2014
7489 2465
7622 1884
6415 4583
2133 5819
5223 2286
3220 4404
8998 7404
53 5421
5119 1996
7249 5414
6179 9237
1968 8822
5652 1068
60 1140
2966 766
3894 8995
2646 2579
4213 1494
421 8986
2938 7772
3188 9493
1005 4245
1119 8445
9471 2768
8426 8334
1461 255
3128 313
1558 6872
1642 8404
1476 3839
3206 7422
9541 8298
1257 5927
2833 7408
136 4188
4657 759
7724 4908
1285 5184
9766 3233
6691 4501
5830 7735
7532 2441
1688 1207
4897 2289
9680 9878
3482 7354
142 7370
9635 8909
9330 1074
4645 2076
1010 9221
1521 3839
2092 2357
9060 5458
1654 1854
3492 1426
8381 295
4328 751
7679 4290
8906 1350
7245 3805
1461 8507
5858 2576
5469 4906
2350 391
1392 5643
4209 8937
5244 857
8375 4957
3872 7646
8656 7567
8075 202
3643 5789
5845 2531
3851 2453
5045 518
8928 9887
3122 6532
9206 9248
2621 6727
4059 8763
8573 6559
1362 2269
1225 8309
6130 7461
3021 6055
5155 7285
9346 3708
5124 8395
8160 7759
5932 2537
6036 7883
7139 1370
4382 3860
6183 7945
6123 9800
4761 6145
6847 326
7041 7046
5587 2008
214 7680
4229 1106
2550 3472
5316 7261
3441 3184
6204 3917
6974 3694
9395 1493
2933 7675
6854 6422
9248 7350
5387 9239
409 652
4464 6542
1316 5636
3606 3765
5918 9332
9687 5206
2944 4758
167 6529
3384 8207
7737 2394
2653 8677
5727 7462
4308 5852
9505 9999
6796 9981
4725 2255
6953 2605
8775 1545
3752 3968
1803 9860
4827 7010
333 4183
3408 4083
4681 6229
8117 8409
9557 4448
9204 990
4680 4966
7841 3488
5839 8818
3373 7801
4395 1516
1949 8090
3663 3473
1644 9754
2168 3965
2323 1810
3163 4002
5613 6551
7973 1030
6949 1945
8036 3053
488 8863
9692 1036
5994 1035
3765 3095
6086 2037
4788 3547
5639 7276
3852 7406
3043 3579
4930 6086
5943 6159
3708 5685
7550 5188
1717 2565
5606 3233
1388 9433
9902 5838
2714 1578
8035 9127
3800 8990
2839 2022
6369 4586
6463 9887
8155 9934
7043 6319
8549 5462
2356 7764
664 4151
9156 4048
5851 1462
451 3102
3256 6077
4386 1643
1822 1884
6454 3145
8750 6548
6760 534
3607 2926
5910 1423
2394 4313
5951 7131
3735 4904
6470 6712
1641 2455
6033 3740
5216 213
4027 2763
2519 6669
1207 4749
3655 2198
1845 9006
9706 4207
6858 7134
6044 7457
6990 7645
5849 8213
790 7528
2589 4722
2884 5617
3181 285
7105 360
8322 1370
8592 8944
9581 3453
7889 4788
6579 3979
70 8026
7953 8759
153 1917
5813 3447
4269 8704
9268 5639
9152 7328
7309 189
4673 4278
7554 7514
3893 8506
6831 6295
2479 9643
2282 6327
4845 2713
9614 1624
646 5672
2620 7375
8966 5508
819 7681
9329 1920
9137 8372
6635 1133
246 4765
8873 2835
9270 8892
1301 2129
1574 5296
3802 411
3135 2563
776 8794
5752 5023
2541 8985
5875 6186
9996 4949
2024 1976
1607 5937
9647 9140
2312 5924
4310 8932
4779 8074
7443 4331
346 4073
3362 8163
1570 8858
5850 9926
4211 903
5333 1394
4857 9111
8609 6786
3655 2805
3740 4914
7891 6463
7246 8948
8871 6747
4486 2351
1222 8693
1300 3589
9655 3310
3868 6354
4053 626
9777 2083
4994 1873
4321 2277
8010 1070
9951 5352
4975 1454
9313 8511
6610 5924
9960 2040
2687 1591
929 6427
1529 6710
1480 9260
6910 6756
9047 8431
4307 3565
7009 4095
8156 4340
7707 4025
428 7575
5366 968
2334 4295
9411 2
7331 9658
1009 2715
2510 5676
9855 4151
4250 817
9330 1369
9968 6776
5233 3777
9297 8046
3638 3373
7236 1748
7810 6388
271 4615
4750 5839
7094 7951
4500 9160
2661 4868
1108 3476
7202 6538
372 9538
3768 4177
1273 4393
1643 2529
616 1975
673 1235
2307 571
1268 3715
2574 1438
2518 7559
6421 6512
7034 652
4603 1343
9129 7137
5178 7616
6675 9493
2445 5268
2301 8787
3451 5017
1971 1989
2043 992
319 9493
9809 6466
2861 3775
2319 4598
3247 3845
3989 7105
170 2124
9967 3723
4247 3825
9386 4700
2863 6570
2119 9304
4223 175
2822 6840
3266 3293
1892 9098
3448 4056
4 4126
6725 1647
2531 2648
168 5313
6592 1766
7145 6277
6597 4427
635 5117
6963 3436
120 1807
9711 5116
2023 2991
9578 4072
495 6173
5411 4319
5825 304
7198 6679
4122 7649
8464 4649
2359 2260
7289 3097
67 5966
8649 52
291 2614
8110 113
713 4677
5195 2325
5992 7789
3529 2785
9523 5132
9493 3451
9045 5264
8771 2760
7407 3881
4981 6300
4549 5473
4241 8342
7473 8508
9375 7620
4680 1286
5036 8370
8252 1359
6507 6538
8154 594
6797 2562
6064 6935
1119 5847
8404 8353
6914 1296
227 6234
2774 1106
6394 5287
7996 1306
2098 389
2275 7027
4627 2273
7099 8741
4370 3939
4611 424
2034 9466
7929 6218
5621 4501
7220 6394
8257 2
8261 7226
4390 8399
7616 2722
2737 917
4257 780
6583 8703
2448 9704
3685 2695
7849 9200
8707 639
705 708
1453 2436
9262 6911
7919 7901
7669 3539
6308 8357
1664 5035
5070 6095
7870 377
7397 5695
9875 1840
2439 9498
2358 6022
5548 3713
2658 8683
4045 512
4948 7042
2857 2956
2177 7681
6628 1872
4742 1322
6865 4174
7038 2740
4397 8998
3600 4019
9183 8003
9096 2830
6527 5323
5726 5606
8630 2686
773 4305
4765 4042
1292 5474
6362 9200
9045 532
4314 6407
9594 3890
3550 6526
9373 113
3277 3368
4080 1398
9784 5141
1417 8602
7568 320
2007 5847
3119 1945
5547 4868
3045 8399
2484 5368
5574 473
1613 6041
3924 4850
9889 2391
8103 5966
8977 5966
2182 3065
5030 6550
4941 1440
2550 6352
1256 1054
9772 8205
7220 8111
204 5496
882 5664
5583 6844
3426 9564
799 1560
2364 2939
4681 8459
291 1424
8983 2245
6525 9921
5712 1576
7098 4710
8073 6678
1148 3044
6363 9616
9963 5482
6698 8761
2141 706
4230 3946
5533 2258
3431 8792
134 3936
2843 9976
4479 9736
3590 4172
3794 594
8868 5697
963 4680
3247 2370
1750 5925
6006 6490
7249 5141
4995 1628
9330 2506
8858 3540
8794 5312
1731 6873
5432 239
5101 1403
9634 8278
6480 8124
5061 3492
4608 1886
2377 1503
821 3421
3186 1244
4923 5585
8864 9456
1332 4411
9299 2610
5749 8962
9243 3318
6982 7506
4917 8003
2628 8135
6198 4103
7625 4616
5160 9369
1299 2028
2242 2720
8836 337
8286 3014
6703 4751
8100 5101
2548 8796
747 4
117 763
7403 3106
4693 669
2843 3313
7881 5472
5008 6166
4921 7870
3603 15
6321 3529
3483 6782
5052 6838
2697 6194
9088 5401
3861 2350
4280 888
170 960
2849 6333
5455 1720
7945 1897
1936 1092
4069 6358
2485 9002
7944 6740
2454 3842
544 6583
9604 4943
9100 6575
1418 8366
9695 8192
7684 3316
3062 5980
4016 7171
3658 6412
3053 1900
6483 4550
6701 4604
3797 340
6131 6538
8722 3651
5433 54
4153 8877
1337 615
5778 6981
3524 5121
4920 6799
8856 2949
9658 9380
1235 2185
8371 1482
4294 1421
3567 8819
9149 3219
6331 3450
676 5044
8296 9168
266 853
2392 3304
4766 5213
7802 467
2753 2187
8284 9450
4729 3061
8192 8872
2549 2252
5460 6887
7177 2756
9589 9335
1949 1548
4771 3220
8405 2885
671 9729
617 3635
7914 9729
9535 4903
8740 3120
6530 7639
6776 3135
4410 4898
1528 6810
4469 6898
7569 409
5989 5413
8171 2980
3031 3284
1959 9130
1890 2954
3274 7048
5130 8567
9173 6127
4472 3070
9912 489
3902 1271
5400 3934
1256 8664
6288 9805
8864 7490
5928 8884
6963 8402
7408 759
7007 7415
2354 421
2589 9060
6381 927
9251 4398
4362 1933
1116 1762
6405 5811
8752 6419
9625 7396
2196 7960
4932 7146
35 7560
8871 1527
9192 8270
3344 4639
4225 9767
9299 796
3186 8316
5806 1415
8174 5521
1481 8036
344 8513
8779 656
2423 274
1060 3867
5473 8265
4682 2271
9594 5951
5647 6835
2603 3985
8574 6106
8925 1377
8347 8248
5736 605
3022 9379
247 6511
1567 8494
7978 9303
6217 8021
2782 5269
2968 8845
6588 5053
1184 2266
6185 602
2037 4205
5190 2262
2428 3405
2336 3379
2297 7888
5353 9351
2714 6925
4028 9311
9134 1609
1522 2789
3943 6371
7113 9872
3881 9018
5704 7720
1206 4244
703 914
4275 4088
2299 5922
6 8218
1349 2327
2956 1917
2530 1589
3053 6722
8732 441
3069 6312
4672 6030
7762 2546
3417 9439
4694 9286
1100 7249
9727 6712
6562 4147
6269 3851
322 2627
9906 5659
492 4040
5267 3791
6125 4835
7217 1188
9563 1258
2419 7765
1881 833
7672 4990
5294 9436
7731 2302
8881 3730
9105 8585
3780 2256
387 4356
4758 8574
2749 3869
5924 7212
5157 5302
9924 1211
6832 8610
4039 9580
3589 860
3870 8378
232 7634
3235 2902
7728 4402
5699 562
9205 418
2458 2686
7714 3081
7599 8889
376 8824
4255 893
2860 6291
4994 4874
5871 4976
1826 6783
4520 9304
1473 5587
7825 2084
1915 683
4241 8828
4116 6184
2941 4845
7845 1657
2022 5643
9065 939
1594 256
6489 4909
1281 1854
2275 9215
2841 5783
1395 3699
4466 294
764 8452
3330 2630
4501 2162
5397 6111
5629 5353
1970 3130
5775 1789
5936 6890
128 7805
6957 7538
2225 1706
5976 4141
2196 6850
276 7306
35 8588
8635 9680
4018 191
7428 204
1444 2992
9627 6358
4623 120
5599 5747
8036 5974
4241 4538
8936 9944
4095 8183
3829 4331
4987 2801
1836 4169
7930 6646
4823 368
5157 6791
3935 2571
6587 9925
9997 4338
5887 3671
4196 7286
5743 3036
6543 9464
2813 2815
1149 4064
4616 6125
9650 8196
9913 522
3415 6329
973 4129
1372 2201
7434 7338
3031 827
1549 1660
4390 6967
7147 8313
1221 3712
7814 2445
4860 7096
1120 3106
8616 8802
44 1708
9349 9189
2605 5011
7060 5886
9487 3993
5942 1431
79 1464
6602 9265
4467 1856
4332 300
8092 3780
4195 8758
7275 6884
8275 6445
4294 3466
1066 125
7159 1543
1718 9401
5531 7619
8222 9340
4084 7176
9174 885
7052 1563
801 5989
8837 4012
4813 3302
464 2447
1945 9316
6774 4405
2384 9135
3570 813
8016 3823
2253 4731
7150 2494
3652 259
4880 165
1260 7404
3004 7560
4764 8788
9353 4839
4198 7218
7669 8371
9276 7079
3049 1198
4188 9954
2109 8437
9408 8676
3714 2937
7154 173
5545 3546
285 8796
3361 9263
5625 7800
4982 6114
8563 9094
7347 2031
748 8864
5935 3379
9450 2966
8428 3283
4666 1818
5969 1855
7198 4452
3106 2628
5124 742
8917 8026
6401 6843
2148 1734
8331 7571
3308 6269
1580 7229
2729 5827
22 5936
7095 3361
4230 1993
6875 7741
5521 9507
9580 6206
5882 7321
9982 7614
6978 1767
7179 7893
8262 3335
9125 5701
3173 7448
905 5496
6862 1378
2937 414
624 6116
8045 7191
7110 7100
913 4709
5956 9287
116 4651
1405 7033
1056 5959
8642 641
9721 5569
2140 5093
8425 6031
7943 5374
9098 8965
3410 5851
7656 2589
5710 5986
4642 9262
5399 4086
4483 5837
4175 5899
3937 835
5058 9486
8168 5377
2015 3954
8795 7154
8454 3425
1729 6689
4040 7773
1312 8657
4608 6343
1069 5698
9874 8115
8507 2449
1698 3732
248 9570
3245 9907
1445 2919
2053 5292
7080 322
3190 7256
536 5372
9471 6580
4316 7251
2556 1986
5550 9594
7693 738
9919 2279
4187 816
8334 3453
1680 4746
2042 1309
1208 2410
5294 6830
2968 2699
9912 5522
1801 8157
4093 1969
1492 2192
8335 9417
6601 6937
2375 1246
3364 2274
1501 7700
3418 636
3779 6425
6897 7303
7289 5835
65 1603
4363 682
9344 3303
2304 1071
2943 1867
7120 2294
7574 8975
485 7477
8091 5160
1337 9979
8582 7484
9607 8496
9866 1295
7869 7633
9188 8279
1536 5293
7900 4422
340 2778
7819 2964
5716 4234
4575 3046
8205 6138
1321 3094
1773 8573
2236 4438
5901 624
8362 4418
9099 7422
2042 1127
8341 4463
7685 6948
3458 3186
929 7148
9682 8664
9994 9529
5717 3669
4524 9197
8462 8279
1922 1367
8917 4113
9877 2188
9714 9170
1026 4517
9797 9626
7687 8026
2746 6462
6705 5523
7102 6870
1053 8620
4961 9486
415 4692
932 4227
7321 8535
4349 9398
9009 7793
7653 1796
3421 6547
5273 6279
257 412
6935 3826
3748 8662
9391 1342
2244 9359
2762 6120
2910 1244
915 2663
2585 3062
7691 3077
7928 747
5768 1403
145 7788
7593 4677
6362 2595
157 4946
6573 1455
2803 4078
3136 2306
4307 9712
3196 4520
4310 972
9990 102
793 75
9970 6885
3396 8744
1223 4621
2494 6305
5072 9905
4411 3328
4202 7648
6920 4436
8186 668
5221 8222
7750 7889
875 7125
7528 5376
6368 5166
6393 6038
4622 7219
4480 5008
756 1441
723 4944
8838 2054
8930 5260
9063 9373
332 8356
7096 1751
4019 3677
7167 9444
1065 687
4250 6981
9848 6642
915 431
2959 8233
8918 3093
6672 6033
6661 2292
7463 9419
2900 6689
3843 7912
4102 2559
3108 8428
1835 2196
4872 1377
6645 7878
6170 9499
8439 8553
1544 462
2286 7803
8506 5062
8874 9230
3827 198
5842 46
5831 7453
9780 3846
2720 5840
5159 9476
2351 5980
1404 6194
3049 8464
9275 7509
7536 7944
7204 7961
83 4869
4993 6721
3146 2711
3623 8681
9415 5542
7772 8400
3470 1045
3141 6693
7735 2949
8061 7574
5212 1742
7935 8051
7489 9922
1758 453
3281 6323
9505 4419
899 3444
8093 568
9011 4246
281 4793
5924 3464
1487 2324
7174 2760
3386 9347
2625 7325
510 4872
4999 9577
1742 6005
7210 5367
477 1207
6178 9629
4234 8544
4431 8316
184 7335
8827 3179
6292 8439
6406 3301
2203 7670
38 4469
375 2634
5211 5729
1254 5945
5914 4714
4701 6311
53 6862
6494 9290
2869 9819
6498 4680
1871 27
6372 1884
5084 6374
2260 2430
2933 9400
6897 8957
3515 230
8619 2360
3508 8160
5119 3895
2385 1201
6132 5861
2095 4361
2623 5956
1768 1430
312 3014
8955 927
9070 6131
3423 8588
3737 9125
4713 3364
6042 3087
9880 4664
5722 6871
2414 1912
154 1317
4787 5992
9230 3765
3449 8503
4408 786
8483 3835
5115 2478
597 959
5022 3642
169 7544
7830 7035
2634 377
5219 7693
9755 1161
5939 5395
4839 7457
928 9404
8611 8599
8185 8703
555 4132
6404 9410
7736 8629
9611 4419
7503 7735
9583 2399
3742 6892
4882 9452
5771 8095
8582 702
5846 1948
6362 3200
9252 7279
3508 6838
7536 2982
2727 8437
9477 6173
7636 2303
6648 4811
4704 7174
7989 5968
7041 1912
3740 6115
7627 3052
6039 80
9723 9883
2268 9547
8587 4526
9398 2625
8587 6520
5728 465
2315 3515
2067 8763
5400 8185
6751 3398
3990 7632
1908 5418
4815 6023
2591 3151
2208 1139
3443 3259
1041 2072
422 1679
1435 2884
2264 9823
692 1003
3848 5883
5701 9073
8259 8826
4704 9258
395 4805
4865 3735
5769 2709
4905 5417
6786 8879
9242 922
8049 1144
8546 3927
7174 4953
7738 4768
2245 6358
3057 9879
7797 4235
1440 2701
9439 6827
5700 1151
2746 6546
9741 9629
7707 8107
9916 8820
8836 7336
6335 322
6069 2756
753 8667
2852 8763
8400 6784
3057 7935
5636 786
6143 5992
641 2428
5859 6738
3479 1492
7313 5426
404 5123
8720 4240
396 4650
2614 2847
9272 1646
9660 7708
1534 3692
8234 4575
6088 1465
5003 1163
6342 6930
2417 1392
6396 3282
6799 3432
1784 3376
1396 214
246 2016
5826 3451
2412 9453
9996 8544
6890 3124
4064 7797
974 3373
8557 1400
8065 3230
4094 5778
3217 460
2785 5558
6276 4993
196 1353
1891 1114
3409 8370
4682 5907
7305 5963
1474 8935
844 9428
4734 5475
1756 118
6275 2057
5674 3719
5070 5690
964 789
344 949
1117 7014
9553 639
1215 7445
5259 5771
5652 7401
9736 8355
5133 6141
5865 2312
3354 5179
1203 2517
4270 8428
512 9023
2711 4461
3914 5667
5208 1339
4315 9061
6429 1895
235 8451
2185 8446
8264 8420
588 9813
6838 545
8686 6009
5621 1896
1939 847
2001 9584
2113 8289
2925 7690
3473 8504
8587 4092
416 8488
5310 3400
7206 7193
8220 5587
1568 3327
7941 5101
369 8055
350 2232
4882 1058
1269 9073
2813 2585
1851 6510
8606 846
2070 1187
4843 7941
5646 7193
2492 7001
7332 3153
2191 9680
1010 5734
3626 8139
3990 5751
3846 6930
1231 1813
3838 5178
425 3176
2026 6868
4648 7538
869 8843
7632 9738
240 9529
6767 5679
9815 2353
7301 5761
1598 4457
6502 9349
9060 2019
6363 4834
5818 5590
3343 1272
501 7213
4577 6357
1016 8816
2007 3232
2451 5622
3267 5978
6145 2278
597 2756
5447 4350
1278 2125
7329 8708
2708 5620
8619 3020
1444 2780
6785 5862
4753 1464
7389 5618
1181 2496
5322 3396
5586 6336
5511 1973
100 8897
3707 1864
4363 455
8948 3737
1044 9928
2698 6784
8192 2758
9830 9436
901 8770
7247 9095
3264 158
5075 9745
674 4429
9857 1343
1855 9380
9936 8924
8438 4932
9149 8629
9451 6676
9958 2592
322 4137
1367 2484
1640 9519
364 2224
3000 3807
1068 9868
9361 5432
7855 4611
7315 355
4604 9692
6981 5025
1718 756
9409 2061
5184 4662
718 1055
6827 3238
3013 322
9491 6520
4493 637
9281 7184
7269 7152
6945 5617
5266 2834
8572 655
3963 1328
5699 909
5823 9840
8955 9543
3114 8378
6875 8996
9119 6652
6955 1723
1 813
7585 9750
2338 3105
1958 3184
2911 6999
2609 5168
2137 9227
8003 4706
3441 1304
2722 4533
9578 7782
9714 4149
103 9932
9075 7081
7074 2273
2804 7899
9304 7607
7411 6873
5892 6539
670 266
1520 6360
1272 1746
2663 4681
384 5306
9315 9595
4771 233
4265 1255
5723 4353
7063 6841
1422 4462
6145 3179
5372 8503
9838 8904
2829 6321
7616 4851
3137 6482
474 6949
6298 8341
7063 9643
7389 2529
4404 7694
6781 7465
8649 3791
2476 1495
4405 8829
257 6888
3850 8115
1581 7089
439 6273
8216 6420
3568 9381
2375 1978
1123 2157
6220 8302
263 5112
8952 6379
1645 81
9464 2840
3730 4748
8478 2896
9641 2127
4430 6321
8177 8031
8388 5961
392 5558
9820 6525
8713 6944
9680 4533
7333 7439
281 1327
6109 2409
2178 4965
3277 3541
4807 2908
900 9381
5523 9881
2658 4976
9325 2425
6870 3546
9452 8291
9880 745
9211 3766
5025 3776
2595 6844
4476 244
6177 3082
5440 3968
2338 4921
5053 9263
2025 5572
6791 6841
3358 5216
7199 218
1172 1306
3586 9062
8066 4148
9241 990
9375 3434
9117 7512
2821 9174
549 8966
6120 1097
4662 3136
6484 7515
8883 6451
7732 2229
7888 4961
6855 5485
2065 7235
1545 5531
8337 6471
509 3862
3842 3914
4858 5316
4078 1854
4988 3961
7174 5603
5124 2188
1384 7830
391 2835
6015 1932
8448 3154
9369 9099
9137 9353
3408 2245
35 2669
6969 2995
8442 9599
514 5277
7820 8679
3080 9102
8770 7607
1620 7257
4134 2968
9281 3496
1086 108
8395 3779
286 8119
3626 1463
4575 5818
5464 5847
9114 8426
3892 1632
5150 1458
8404 431
2329 4767
4060 6695
9106 2281
4576 3160
1347 5407
859 3812
3748 6785
2160 9785
7121 574
961 91
8655 2791
8282 6809
5104 7226
4072 2170
2826 3180
5249 9721
9372 2154
8147 3647
4060 2647
217 8064
1228 8130
8718 3328
7507 3549
7762 4145
9110 7472
2240 5304
6124 4543
5429 4025
591 5458
5686 6945
7185 4145
7768 9049
3163 8548
3348 7942
3577 8751
1047 3727
7875 4482
1951 3682
1651 9822
9625 1021
9555 2755
122 9584
3068 5884
3388 7178
8039 6812
2819 5977
6896 7965
7980 2018
1499 8105
8898 4294
3578 1467
3697 6532
6974 2217
103 6900
6501 9813
2246 3751
4396 5855
5462 756
9391 1938
8145 4630
5547 1115
4995 6545
5005 7898
2067 975
2003 1943
9940 9311
7926 1835
2816 775
6292 5331
9092 7096
5545 9773
3090 8806
8184 781
4517 5948
5085 5351
5893 7935
8644 1
4974 9005
6893 210
2807 7152
8525 2781
4389 5435
4207 3856
4961 8397
2117 644
9844 6832
9657 5753
4238 1360
3346 9278
6417 9071
1713 6987
9031 5184
5694 8944
5433 3998
1263 4400
8494 4166
8677 1889
1856 4124
9440 7059
23 1876
6188 8179
4219 5652
30 8507
357 9211
122 2865
9580 7728
1632 8125
4841 1191
3908 8065
7111 1609
1724 3522
4686 5406
4323 3922
9758 2783
6630 2246
4734 5681
3930 681
8358 9892
2776 2077
9713 7232
8352 2971
3660 8148
9655 3403
33 6834
2225 5552
6787 1847
1831 2747
6536 4144
1192 7628
6487 6430
9932 2460
7408 8892
3189 2445
7207 9890
8919 3422
9225 2097
607 3507
8008 3393
6253 9010
4848 6080
1493 590
4000 5852
708 6837
637 848
5004 2700
9560 8541
5575 8360
8594 7385
2702 9523
6307 5016
4010 8835
5142 7460
566 8237
5216 9363
3075 694
2004 2272
6036 4222
8491 9789
986 6544
3772 8044
5520 6161
9924 6458
4680 8356
1816 1138
5445 8416
8197 1947
6622 7319
8632 5921
265 920
8941 9604
2516 3433
9622 9039
6899 4726
2256 5125
343 1350
8949 9354
9871 4741
9584 8259
2480 5547
2468 8497
7261 5476
3763 5120
6090 946
1184 7200
8592 1877
6851 8612
1150 6610
1688 3532
1728 3571
9834 7735
714 6759
6507 3844
1110 466
7154 8662
4792 5624
1355 3931
7769 986
2814 6536
4960 719
5252 5953
8718 8458
1773 1765
7313 1496
5759 5786
9037 168
7288 2995
6761 4036
8806 6708
7754 8428
6410 8822
1467 1498
7518 1607
6719 620
4885 9856
5209 2088
2083 8938
8004 6082
3115 4551
440 1931
949 3065
3203 2381
1284 5830
913 6237
3945 4939
7637 589
8402 6511
4618 3335
992 8792
6716 3590
2841 4856
6429 1126
1890 8044
8027 2751
3053 9117
9259 6271
5637 2536
6874 1566
2898 5778
2706 8250
8358 6613
6735 2444
5305 9771
9882 9649
2142 1498
140 2765
6168 9629
3675 1374
2605 6676
1129 7352
7333 7122
2410 2249
6140 2181
3109 7645
1155 7098
5853 8512
6657 6880
7696 7916
9836 9334
1781 9237
7856 2531
751 5325
9454 7618
1113 4856
346 8376
9123 9513
4379 8930
6533 8049
9201 7946
9722 5283
427 4311
3880 8584
3231 5877
546 7571
8406 8316
1181 3307
417 3083
9546 3640
8720 8878
435 6182
2701 7484
1146 6024
546 2549
8007 7862
167 1043
1297 3750
7877 95
834 3750
5465 1574
5535 5451
9823 4629
3306 2651
191 7328
7179 1364
1419 1874
1249 3685
7110 3612
2867 4399
2728 883
1693 5011
3686 9380
7035 4181
9529 7548
3533 7450
5361 9113
6285 6245
8677 7558
7 4434
9763 3630
8632 652
5906 4237
2377 8876
1790 5985
2100 4393
2139 9688
8869 1717
2689 6734
3482 6776
3599 6757
1027 4389
349 9657
5817 569
9455 655
3224 3436
3517 8268
8182 118
3445 5028
1455 1152
3187 391
5156 7892
5731 3003
8955 1032
7831 6496
9148 3631
6940 8527
5369 9048
194 7110
8217 797
9538 972
6566 6953
2991 4201
6713 4386
2152 5459
5605 2838
4479 9028
4445 8047
8091 5395
269 4972
3741 3632
3828 4492
8879 7191
2841 3871
1241 1119
8117 9091
1486 5395
4646 3601
8697 2910
4682 2321
1187 3444
7296 5032
4021 894
1934 4419
1437 3024
7939 2172
1716 3836
3261 1287
5349 9664
6022 1352
476 9284
6724 284
9122 8045
1001 783
3636 6971
2729 2963
9325 4401
9275 9811
5055 5507
4976 5208
9830 729
3429 8676
1528 314
2731 3660
9556 2856
108 5111
5790 9107
51 4504
2728 9739
4270 1968
2993 2426
1501 7191
7970 6078
3203 2540
9754 6659
8877 1417
4357 9241
5849 9402
5681 9403
236 8917
7626 7433
8039 9924
9615 1934
8904 4994
2311 7809
7018 4075
3999 9433
7801 9365
7121 8676
7193 3751
8585 5832
3218 5822
6827 246
50 247
729 2087
3645 6616
1683 2281
7009 2044
2320 1089
8671 9170
8535 5476
6945 8445
9726 9135
7106 1272
64 1199
5726 5788
7008 1761
723 2786
2656 5824
765 3923
7777 391
8983 1567
1785 9415
1968 5154
9877 24
6319 5279
6468 4126
9443 4298
9033 995
7137 9250
4864 4207
2530 3955
1088 1386
4398 5619
245 8221
65 8
1757 9301
873 1987
3842 6456
6904 5813
2027 5384
8671 4628
7048 3033
2893 5566
9538 8745
5922 7128
1430 5375
128 5227
1953 5922
9851 8718
2069 60
1244 1020
6857 7925
7028 323
4405 5994
8507 8788
2544 2744
4847 5761
1749 7866
7976 6984
4415 7705
5553 933
7537 8599
4485 3862
1785 6435
1159 3049
6370 1071
5158 6572
3385 8847
6121 8787
6327 9270
7724 3658
4252 3280
5393 7442
2006 1226
9552 5344
5776 7938
9105 2114
8959 2151
3389 3268
9384 9341
4028 3893
8817 9179
7082 276
1419 5074
8025 3068
471 6720
1926 9969
2785 8678
6977 8431
2770 7857
857 1771
5451 293
772 5722
296 7215
7564 2943
6989 1811
9528 6027
691 6566
617 9541
5986 5325
905 3147
660 6410
231 97
4866 4681
2264 7717
5311 8656
3234 5828
8668 9637
2134 6758
4427 5110
7035 7891
9883 5379
3458 1882
8953 1158
6745 2919
9165 7839
9074 7727
135 3388
3429 9724
4102 3675
2474 435
1350 7713
3414 5057
8959 83
4295 8872
5368 1965
5581 9921
1423 9882
3071 4146
9374 7062
1568 4059
2457 8064
9416 3068
4059 3147
4445 1156
7404 5150
3169 5274
1742 5142
4581 4107
1913 130
3088 2214
1173 7747
199 766
2773 9598
6962 4236
2194 1011
3581 4970
2059 2640
4376 4634
336 5321
964 2311
967 8653
5916 3927
3809 484
4820 7344
6063 9748
8661 4944
6931 2112
6171 3227
152 5503
1460 6841
4157 8297
9479 7737
3917 2280
7079 8206
86 60
521 9084
8163 8924
3980 5673
4711 1281
7092 9975
2621 3214
9258 9213
4934 5208
7905 1256
19 1674
9173 6460
9634 5021
7240 2375
6718 9662
6159 1562
9076 7112
741 1547
9758 7613
1163 9609
3002 7710
7120 9430
822 3914
480 980
8214 1810
9254 4818
4511 3702
4148 6802
3370 6876
3060 1392
5846 5835
4064 1949
9320 1470
469 1230
1142 2604
5119 3996
9198 5103
6898 6820
4450 4135
9786 617
1728 2600
758 9179
9433 5291
2243 3741
7596 1304
2577 8197
736 1977
208 4656
417 5134
7560 4436
6611 5803
9634 9476
9602 7634
8963 7494
1302 8684
7597 5030
460 4024
1662 993
3966 1404
1859 273
9114 3641
2363 8273
2094 1678
5167 18
7085 6930
3036 2246
889 3606
9189 1008
434 7563
2989 6894
6341 5294
8247 4189
4577 8038
6654 6282
3446 8723
6750 3012
4103 7606
4472 4191
6057 9366
2908 2558
7665 6381
686 7774
2497 4825
8263 843
1827 5974
5523 6613
5631 6230
261 3260
5738 769
494 702
4511 3219
7407 7912
4745 8377
895 6616
762 1590
8343 9501
5411 527
1830 5539
6838 2690
9701 2933
2006 5520
3218 1037
8652 5533
7923 3889
5481 572
5576 8790
1079 716
5956 9042
2234 3023
9213 6310
7507 5392
2647 9847
2808 5196
2080 2306
3346 8497
7429 551
782 9931
6724 8075
5719 5093
2393 4770
6214 4737
5141 4829
8532 8579
8379 5336
1668 4254
5339 2946
3540 6394
4976 478
7402 4916
6243 6119
5067 9247
2310 1510
7812 7462
1389 6609
5305 7406
5459 8869
4455 414
1459 6793
3668 392
1012 373
8636 4889
8676 1626
7858 9230
3454 684
5633 2944
2066 4247
2348 4424
3195 7236
7603 8436
846 8957
1390 7177
4145 7435
6537 9598
4172 1860
4734 8105
6215 8364
4018 9825
1500 8360
2526 7302
9962 1109
6099 504
6349 3679
1936 1834
431 340
6198 5173
709 5733
207 8937
4665 8585
9923 4068
443 2505
6084 7121
6508 9768
8531 4900
7952 1193
1188 9079
9412 657
2862 8178
6894 9420
2135 8315
5784 5979
606 1848
5165 409
7720 9522
9063 9838
6097 8355
2205 7569
7392 9221
5117 3208
445 3609
4584 3801
9810 2712
3629 2749
9303 2700
8702 9335
9423 594
4737 8291
1884 4613
2323 356
8396 4523
2758 8826
3194 3661
1865 1462
8050 6132
4859 2860
6315 677
3486 7940
9711 2489
8666 6700
8229 7833
259 7200
6772 5614
1320 748
6891 5330
137 2455
8463 1170
7573 200
4970 5457
8460 5602
7218 9978
2688 2448
1003 8009
9048 7735
1052 3102
9582 7521
4814 3179
2519 5402
3434 4382
8336 635
1478 7600
5355 9525
1257 2060
9207 2690
8928 906
7417 4212
9804 7159
7458 5623
4740 4704
1707 3036
4972 5687
2610 3795
9559 103
7692 4199
10000 5298
5821 4987
4197 9231
947 7890
8138 8153
7097 3035
7168 7208
6383 654
5692 5018
2200 8264
9860 3411
4885 110
6056 25
9420 2601
5646 6772
8466 9344
3221 9798
8086 5229
5958 511
2062 2506
6630 7447
6035 4319
6849 9279
5889 9279
598 4133
8938 4044
6330 9890
7673 3555
7818 4074
1814 7825
7985 330
151 877
2284 8234
6447 9005
5790 1028
9581 5065
7282 6869
667 1617
7382 2704
9479 4480
4411 2551
5214 4930
2819 2210
4583 3089
3055 4111
5018 7959
1144 5233
1934 572
2447 4843
5640 1884
9052 4022
6567 8609
9140 3793
9352 2435
7998 5555
7635 9051
3275 4254
6610 9094
3904 9202
4295 3938
2930 3741
8477 2508
1311 6528
7968 3550
5972 7841
7286 4971
1025 3289
5794 735
7651 582
4650 7643
18 3141
4638 4813
7644 3500
2766 6786
1275 2834
5548 7169
5164 9572
9611 3419
391 2744
1773 739
559 789
5285 2179
101 6233
2373 7378
8343 9895
7280 3371
5677 6512
7070 1012
5727 7264
4564 3464
8721 7744
1992 7035
6843 6325
5377 4448
2867 2878
2487 6147
7028 3492
808 7521
9284 6442
7686 8778
7532 750
9048 3470
4315 2341
4244 4926
7328 2413
2898 3408
6874 2903
567 2101
718 9682
6827 2664
93 1162
8928 7027
3851 1288
4589 4514
4775 4461
7941 1864
5980 251
8177 4912
368 578
1698 3163
5098 2742
4529 1937
9127 793
1735 9765
7128 8652
8934 495
6080 1039
5794 9111
5566 537
8843 8707
1813 3922
3236 6185
871 123
3164 7013
1750 5629
3012 9298
3312 6404
9335 2036
9528 8648
7150 3266
2587 1978
4594 2477
5303 2502
5177 523
723 2180
5737 7679
2599 6022
5906 7936
6446 7298
1096 2636
4462 6122
2414 8905
4685 8783
6598 7128
4444 1466
9370 159
2069 2893
5965 3099
9402 2983
3099 930
8368 2057
8592 5213
1826 4349
93 1110
9074 7982
7289 9883
880 5252
7038 9311
5488 2738
1623 2763
8319 8522
553 5471
2179 5787
8053 7349
8543 8372
5498 7643
1739 5841
5196 2833
2704 7023
6599 6932
2666 1514
3357 351
1579 7023
1898 2320
670 5222
4300 3945
730 32
6532 9349
5347 793
6312 7568
8809 5182
6610 4593
3026 6365
3932 6229
4229 8896
5981 6134
8459 776
8511 2320
2233 3188
4876 7832
800 6823
3472 2969
7837 7483
9472 4002
6194 7655
5163 4729
7824 1968
4724 3240
1648 7913
6094 5370
3867 2436
8344 3750
8508 835
8309 8862
4662 8935
9898 5172
4777 6601
1903 3384
9040 3836
2323 6973
861 8727
9073 7525
9714 4154
2773 2635
5403 515
3480 5807
2959 5035
6464 2334
9340 3447
5642 2863
3108 7437
297 3450
7969 6553
6135 1057
448 3622
6970 2089
6779 3987
3501 1706
3141 1484
2508 4321
7382 5885
1066 5623
2160 905
4393 2188
8964 1252
9420 114
5462 8737
386 5121
1993 6979
4887 9336
511 4948
7373 7054
8465 7518
8528 2349
2549 1846
7954 5259
1907 1192
1830 5947
8918 6657
5887 4937
1224 6104
1736 6565
5800 6206
6110 8890
736 925
4980 1075
3077 8175
3494 6223
9135 6835
7496 182
9835 5364
7239 226
7052 7481
5861 7049
861 6443
4880 2750
2619 2318
5300 3809
1971 374
7694 8154
3479 6662
3137 8221
2722 9714
9252 2550
2395 5929
6119 6891
7661 1931
1177 2288
7543 2187
95 4974
7710 5387
9083 503
7180 6269
3344 3973
3571 5426
3448 7286
1829 1498
8904 1773
6724 8639
2063 3098
5487 1715
5920 5582
111 4391
231 4043
2910 9482
3119 4566
2969 546
8352 9717
4057 36
2373 801
2521 712
7309 25
6898 1147
5819 783
7551 9402
3456 1948
3989 9355
4781 1122
9994 9434
5990 754
1508 8666
6697 4029
7247 3920
7202 7974
2380 8943
2938 8543
5956 3901
5630 8194
566 1690
7242 5157
4928 8245
5364 8419
1595 5854
7535 3359
4255 3071
3700 4376
4158 5978
6069 387
5612 8319
6628 1686
1022 5411
9753 5023
7010 4933
3502 5942
9295 1381
5691 2517
5156 6974
8610 537
776 1833
8703 194
9436 1544
8371 4191
6889 2055
6420 8829
8376 9918
1174 5700
3165 1590
1347 223
4384 3409
2837 3838
2212 8271
2725 106
3649 7029
654 5510
223 3978
5790 5295
7039 4172
7701 3760
7163 2678
9369 4691
2513 2028
9415 7856
7820 3754
8222 3322
9514 4625
1368 5346
1365 8885
8594 202
278 7597
4283 5437
8277 346
3553 7858
5847 934
61 9187
1269 3362
3751 8998
1525 4614
5263 1792
1424 9658
7345 366
3577 4013
9468 6733
258 4286
9702 2797
7588 9458
8373 4418
6187 3827
9470 6091
9932 7308
673 2418
8499 353
2891 1385
1677 3663
5260 5535
6402 4048
4757 6880
7897 6293
1108 2573
8426 3802
9164 8819
6965 8043
7215 1849
8898 7850
233 8048
3523 1309
1756 8042
5583 4320
2124 1324
9450 5902
7297 4263
1773 4686
9994 7368
5283 3185
8182 1210
33 632
466 7700
8361 2923
6270 7106
9338 4108
7589 212
981 3384
1940 722
3636 367
1564 4803
6936 557
1582 9369
1712 3977
5983 1035
1906 772
8847 4257
6898 5588
4526 3794
7146 7561
1630 1789
3867 4338
4611 4281
1714 4653
2137 9684
1304 7371
3007 5757
502 8212
7010 9844
5895 2112
6421 9700
4500 9461
681 1709
9441 6553
1026 6491
8576 850
1535 1854
3445 9137
6084 4386
5462 8408
553 6046
8143 3123
6814 1732
8457 3056
520 1671
1098 8851
6657 6571
2535 1103
6042 1945
890 6871
4511 1724
6439 3356
4889 3520
6815 3127
8057 2218
2634 4280
5282 6487
3418 3016
8155 2184
3294 8233
4835 6913
9194 937
1104 5564
8485 4269
3254 8232
5131 9936
7792 5053
2854 3548
7306 7561
342 9549
923 1243
2676 5996
3978 7294
8156 9742
190 4930
4630 2816
1395 6401
4822 6957
2105 7189
9224 5580
6754 3361
2746 9707
6490 3556
5648 6860
4597 792
4643 2821
3020 3216
3131 9618
7569 8769
4174 2055
322 3707
836 6945
4870 7591
2956 84
9892 3677
636 2441
7601 2885
8516 6099
952 5552
4632 6306
4077 7669
3007 8309
5675 4539
9504 7188
2967 1132
4204 5947
1911 6025
3110 2908
3856 4504
429 6735
9573 9757
3933 8753
804 2227
6920 2664
4667 3774
1330 9383
8418 9834
1110 703
5682 7594
9746 668
4093 7820
2338 4761
6216 808
7389 1946
33 9289
6499 8481
8203 7899
4145 8972
6454 916
5313 7293
5484 6371
6018 2172
5777 1276
7559 2878
2007 123
7708 5460
2016 4235
182 7605
4602 4537
5563 8018
8933 6456
9139 7576
6608 6285
8066 7098
4433 7188
2839 3010
5343 1605
4174 2144
2225 3037
3988 8042
5960 919
1873 959
6763 7511
6971 1600
6594 8564
3716 7835
7024 1394
4359 2126
7825 7927
6720 4073
4914 7313
3912 2914
1988 8717
7066 6130
1203 2576
7850 4363
1392 2023
4659 8084
5208 6778
6810 8496
2973 6265
541 1900
1720 6599
1140 5292
9872 5993
2138 6078
7243 7535
8406 4905
4287 4480
8640 1511
7779 7337
5807 7603
7069 2025
8498 9969
4466 1274
8984 6593
580 1143
6465 8745
9328 9125
9369 2106
5895 4370
5367 8431
2276 6226
3382 9098
9535 938
6651 4440
6399 2403
1161 8983
5154 6218
904 8415
6408 9279
3673 7591
3996 8201
8254 4863
296 7864
3015 6985
6009 102
6096 9127
2737 17
2561 4813
6897 3398
4843 875
3464 9405
3117 5249
1861 6912
7504 8834
3971 1732
5425 5216
8470 6758
2928 9893
6898 81
7486 6557
7264 1051
7759 153
7626 375
7198 9767
5317 9643
2266 3265
8519 5647
5528 563
2247 9836
5094 369
6316 5809
3947 2483
6660 3747
9186 1564
1807 1905
2268 2154
5227 7204
5431 5203
4959 1456
4368 1306
9109 2255
1502 6119
2063 5206
5628 5457
5953 6260
187 3131
2497 8381
8721 4833
6660 2389
7273 266
8729 1038
9968 4623
7344 7335
6247 3982
3568 2925
3653 70
8139 5506
8788 2626
5522 167
8544 980
4184 4471
5950 5953
5654 2494
4082 6622
7037 602
4800 8163
4935 4524
2554 2420
3946 6773
9838 2509
1495 5597
2492 6746
3511 10
7190 7942
8456 143
4774 149
2386 7319
4300 1232
6327 2736
1660 9147
8276 3913
816 4832
647 5551
7543 1118
3783 8625
7197 1219
8882 4141
4834 1817
9990 17
7682 4162
5855 6367
766 1653
5080 399
2518 7721
1250 2808
5119 5496
2235 3334
3892 58
9249 9675
8998 1067
7478 605
7792 6814
2632 528
3864 780
8763 6548
3215 783
430 3716
5417 7583
4515 1827
7573 4618
6117 9529
3129 1518
288 5871
5421 7842
3554 1888
8729 9230
9162 8990
3681 352
9095 148
1939 2522
7081 6436
1886 7619
3853 7011
8074 8356
9250 7816
8624 9476
6362 8081
6109 6639
5067 3254
2530 2155
5620 6425
7789 1112
1419 2403
9718 3764
9344 1077
638 5944
5101 7537
1707 6211
1440 8614
3950 8377
3729 8345
7590 7221
4075 4534
919 4326
6175 7863
4840 7934
1837 6131
2242 7866
6747 3726
5600 3940
1931 3936
7596 9652
3868 3791
3710 9013
4119 994
9974 9987
9062 422
9530 3892
5287 185
5120 7863
5962 5414
2112 4405
4789 93
8673 8345
1480 270
7634 2542
5984 2490
1400 5421
5383 1258
7424 4413
1082 3998
8166 4415
152 4750
7721 5661
8917 7695
6786 6237
36 5176
6997 8782
7431 5843
3603 7105
3608 5315
2485 77
5688 6853
3252 8454
1430 3694
4167 2103
9613 9508
884 9272
6911 9156
8286 9651
4811 5956
1559 6755
3282 6182
4642 3982
1083 9463
3727 6136
5446 5460
2346 6859
8759 3360
8712 5987
1003 7014
7878 2225
818 2012
9443 9488
5383 9367
4140 8127
1973 8053
9652 178
2762 6469
1676 7807
6627 6292
6402 8785
3576 7495
5573 9240
9930 5438
7688 146
2673 3010
7199 8050
1941 1842
3128 7656
4475 7917
6029 4049
5917 3460
1615 65
2248 9095
8744 4953
1470 4519
5225 6972
3589 7709
7239 5939
6228 927
4206 1758
9753 1859
181 6530
7758 315
4681 9887
5365 1708
8126 3330
4867 5392
8333 2309
3380 7165
4856 4883
15 9815
6483 6408
1975 6497
9359 4805
2647 239
7061 5104
578 4998
3761 77
8039 5182
2763 7184
2885 2830
3244 8883
3903 4684
8714 4749
7642 8240
2889 9276
2284 908
1307 6053
4856 9205
7551 8166
9105 4701
8639 1404
3737 4208
2100 6199
3686 4097
7590 8542
4092 9497
1326 8851
3507 2463
3297 8720
9868 108
1376 1065
56 2134
6795 6142
1751 4732
4996 2106
9341 7515
4816 36
2929 3906
2561 8265
5583 3907
9784 6265
383 3871
9781 4597
5621 6643
2665 9196
4633 9391
3065 1009
9846 7758
1421 4072
9729 4316
9296 4877
9210 6696
8068 3728
9028 8380
437 6609
4578 4437
1710 1310
4580 3323
8624 707
6129 5544
4387 236
8791 6588
219 7505
6569 1348
6562 4233
2297 4256
6951 7036
6126 3094
5983 5239
2282 7615
6051 4137
9622 1532
6335 5804
6526 126
6641 3430
2350 2290
2655 8844
5730 5942
6870 6434
2207 6302
1915 9168
4352 4214
8243 9126
1359 4340
2246 7449
4285 1490
3541 7193
8488 3523
5771 7616
1299 1724
3043 7770
9734 4910
4630 1329
4792 1663
7659 171
5508 5424
9019 9785
9677 5492
7796 7512
8894 1853
7987 2229
9452 218
1678 1855
5379 913
6347 7420
5378 5382
7356 6782
9607 8097
1279 2345
2414 5197
862 1913
3833 2637
7188 8750
4349 929
640 4510
4474 1405
9243 6587
1398 3950
5604 4026
7460 4890
5665 2474
9080 68
882 6865
5904 5759
1597 7661
6926 2134
7357 3724
8976 7857
4427 4343
4174 2608
9582 2036
7006 5935
1849 3325
245 155
2331 6416
7485 1866
3888 2616
4619 4084
535 6704
7805 2902
633 2993
3296 3639
6485 4085
2464 4559
543 9364
9702 9444
5112 3974
6710 8259
6700 14
8713 7270
3437 5340
2834 5570
9600 3185
1887 8760
9378 9883
2942 5340
8679 8622
8882 3856
2570 775
4094 544
7585 4848
666 5577
9397 7869
7368 3607
956 7053
7872 8624
7640 1039
1837 2561
8736 590
2565 6014
8389 5068
9629 7659
8418 543
6025 4839
6070 6726
3921 8963
8440 6347
5030 4482
3104 1581
122 2833
8092 6356
2914 7258
6392 1490
8199 1624
970 3627
8828 8900
1005 9069
6129 6391
8740 8204
1105 5899
6806 9447
7114 1040
9750 841
5282 1557
6163 594
8848 8553
9046 6494
1348 5602
8292 5485
7577 1280
7519 785
2384 2965
4290 5229
2918 2306
6399 7432
2439 1714
2202 3873
6059 1324
3040 3900
1448 3830
8605 3140
7135 9212
2020 1291
2346 7824
3884 6579
9927 9560
3140 4287
8549 193
6123 6860
5920 1510
6714 6335
834 198
6836 7245
8414 7988
2747 7520
7183 2379
2929 8137
8054 5854
323 2068
5689 3503
5941 7282
9186 7096
1383 9139
5578 6881
5980 2062
4841 5933
6898 2878
4050 1357
7604 6992
6638 3893
3849 7560
5736 8549
2103 9755
5853 1308
5183 2473
7256 254
2727 7307
1736 210
972 7903
5479 993
7329 3361
271 7980
9014 5112
55 6704
8758 6743
9541 941
8076 2127
8769 9649
1051 7444
5222 1700
9751 1866
1002 2189
6621 5497
2619 8590
5177 8792
9470 3114
2792 65
4260 3559
8894 6087
9407 6840
1543 963
6141 2788
5446 2112
7261 703
9306 3527
3938 8199
8941 6368
8754 1236
5791 2193
553 7311
6711 6420
4553 6823
1589 8120
4668 7945
286 8507
4856 6658
3868 958
6407 5310
8890 3386
3823 5741
5921 9806
8887 8671
4101 1543
5827 5119
6717 3603
794 5018
7987 5774
1193 8493
2939 6185
8785 5319
2025 1186
4358 4554
3697 4638
7290 7642
2990 4411
2027 4164
7346 1617
7472 141
5503 6795
1876 7587
3550 1762
6838 9711
5037 2971
4439 312
1692 3085
8267 4443
375 1736
9190 4147
1685 7448
4799 2761
8533 5958
298 4437
6007 4639
2951 1279
224 8159
6727 4675
2307 5939
3891 186
1123 981
3087 4592
4353 8302
805 7573
6710 9950
8888 2835
2206 963
6503 5886
5479 7031
222 9145
4472 8051
5566 6251
1800 8551
4265 9414
3149 721
4651 8366
1133 2043
4667 4641
3921 4256
628 1275
1485 9033
6111 8747
8468 297
4561 7930
1657 8075
7457 7488
3540 2734
4022 5857
8261 1327
7616 1404
9434 4918
9298 7282
3189 4108
5031 6301
8352 3609
9798 7201
5332 2146
5321 1949
2717 677
6830 4911
7312 3817
3194 7283
5667 9299
9700 6325
5020 5298
8913 1438
430 4663
9553 2697
460 1360
2755 3970
8406 6083
7027 5521
9688 4869
7768 7896
2720 6620
5648 3525
1620 5614
1475 4460
2564 2877
1039 419
7391 371
1146 2781
5732 5864
467 9693
3204 3747
1553 1998
3712 5174
7116 5875
7998 670
9990 8473
2684 5815
5596 1382
5296 2828
3580 9420
6791 2070
4274 190
1104 1942
6010 1300
2316 2689
2472 4604
8892 4324
5742 1471
3491 6020
2533 8813
3611 6067
7367 8187
9489 5268
1050 2455
7156 1511
195 5699
438 4543
5868 6941
4716 2992
1409 9927
5143 1891
9335 5377
1380 5577
458 6029
7435 5122
3941 658
9674 2639
3628 704
2577 9356
8280 5267
6500 2602
3716 2668
9260 6575
7523 1771
6328 4206
4385 6928
7613 5751
9456 4767
2665 8633
3102 7447
7636 3411
4743 8596
7003 6371
2256 4816
3346 4902
6850 4543
6942 4856
1027 6808
9956 3089
2927 5864
2503 5957
771 9440
8378 9096
926 4242
2108 7834
35 4424
1945 9555
3817 9551
5287 409
4280 2044
3239 1819
6814 2374
551 5736
4466 7699
7709 9467
9823 8327
4279 4293
9751 9955
8309 790
1827 7995
7791 9274
4136 9076
2823 655
3698 7559
9389 4493
3595 830
3978 9204
7541 6135
7876 7326
4458 7241
3454 1874
1363 2135
8742 4878
2831 7851
8711 7110
9245 4678
3808 6805
7892 6520
2644 2464
1557 596
6036 9373
1930 8515
8229 3489
6698 4126
8111 5381
6988 6922
3762 526
195 849
1562 5489
6929 6383
7170 4537
8326 3452
9504 5866
9089 8512
7101 2867
4401 7918
5478 1530
9522 6007
4125 4034
2372 3701
364 2292
9032 5441
833 6877
9546 4610
5129 732
3457 9080
2651 2161
1007 9341
6721 7904
5370 7406
7037 8821
9175 3683
4943 1744
1874 3209
6249 4551
4208 8836
5150 7355
4719 3321
8490 6100
8793 41
3027 7081
3760 723
3915 4748
8617 8346
1203 2407
9919 4251
9780 7742
9982 1675
9020 145
5522 2391
8639 5356
6981 3765
1742 6215
4516 9189
7576 5959
4197 5275
1924 420
405 6264
6349 521
7286 9707
7790 7399
2179 6753
1902 5583
3730 1753
6163 7635
1634 7181
4313 9163
4623 6742
2718 2194
5226 4399
8907 141
6929 5308
3205 5526
1883 1988
1690 1074
2268 9710
9783 4118
6160 6621
7641 7257
2647 8391
8946 6751
5016 5995
7496 2162
8935 5854
5680 6596
3541 8229
552 3133
4542 6222
9704 1985
8331 3549
5734 5537
3688 9572
5361 3021
5013 4565
6448 9534
2190 1417
2919 1976
9711 9338
3620 1672
51 6270
4362 3669
8924 5122
3390 5026
7017 4155
3873 1443
4001 9977
5940 8444
6189 4522
9508 9882
6011 8168
2035 1190
8990 7952
3919 7408
6909 510
9539 4617
5424 4538
3304 7371
6660 5972
3141 898
2072 6603
5245 5101
9370 1999
9351 5810
6522 4936
7264 9014
3936 7336
7695 9580
9918 1842
873 4028
9990 5623
1547 4239
7003 474
6681 3611
3280 5536
6769 1213
6148 2662
7359 2865
3415 8013
7404 7110
9506 6337
8206 3817
7774 3410
6680 8777
7147 2004
6307 3749
6417 8221
9814 8864
9813 5218
5730 6373
5367 8965
2809 8892
2832 2817
8207 2508
1251 5843
4322 1903
230 3461
7303 906
536 4221
136 822
5841 8821
9618 3791
5692 572
6285 5681
9767 3298
968 3300
7909 2983
8120 7308
6123 6310
2 7557
2971 9513
6254 6520
999 8403
6884 1863
1376 5955
5573 2094
9001 4019
20 1361
2190 7371
1992 6610
3113 8018
2077 8561
6249 4510
98 8352
8959 1115
704 2752
344 3843
9936 6993
9324 9947
2526 8515
7336 7158
3794 7329
8656 1784
8342 8038
3111 656
2818 6514
3678 8337
2731 4811
8440 1218
8209 8250
286 8827
3067 2910
5840 7766
7312 7666
8162 4455
5011 4898
9463 7456
3929 8762
4268 3633
3992 3604
9369 2525
9904 8992
3883 1177
9153 9058
3055 2313
109 5436
3721 7744
472 2577
473 1481
8844 8789
9480 9111
3610 684
1239 6507
6132 8316
1630 8113
6494 7226
2634 8463
330 1991
2579 7228
8217 6892
117 669
8781 9266
859 1501
9090 5457
493 1684
9670 7648
4398 8227
7148 4369
1114 709
1952 2869
8379 6601
7888 1541
8427 6076
519 5104
3340 8596
4279 7356
3804 8092
6920 2975
8798 234
4435 1378
1267 4479
4561 8670
9141 7234
5005 3129
1367 6542
1458 5828
4175 2418
3603 312
8020 6070
3448 2091
2623 3001
6665 9229
8252 4019
3496 2393
9684 1934
5641 25
6090 5127
6771 3825
9330 5051
9474 9549
1927 2339
2122 5363
4702 6348
8955 2495
5955 779
787 2957
5662 7475
7576 3962
6887 5245
6897 1779
2228 6927
6241 3546
4508 4961
20 8789
4874 2151
5567 2560
5312 2278
6550 4733
9805 6762
7617 8518
2096 4662
838 9552
5874 5377
6291 1828
9253 3804
6108 6776
7885 7564
7397 4770
4328 8177
8867 6634
5606 1631
4786 9917
646 8063
5034 351
4494 8096
4957 9890
2475 9082
3065 2252
3407 3824
5453 3943
4212 5463
8784 6915
1821 3461
5494 4486
5898 4381
5484 734
6406 6141
743 3330
5501 5185
5589 8425
2010 6579
9338 6451
2943 9514
1873 1528
9617 8462
4534 4402
8998 7937
3538 6238
726 9052
1145 8425
3602 7263
132 6059
2413 2446
9829 1339
2114 588
9786 9238
1528 2161
7217 6018
9030 778
5307 6390
9666 3369
4595 3696
3082 2694
1949 4287
3378 280
6203 5933
3991 5451
1022 3392
6200 9585
8409 2113
1213 1196
806 3496
8764 4215
4068 3547
6214 4143
6804 4152
7927 8704
3129 6688
1689 3355
7545 3158
4971 1555
9891 5644
6768 9336
938 9847
280 1080
1767 6506
6081 3996
1285 8158
2957 4309
8053 3725
9453 1754
5861 8153
8312 8274
6436 5410
1614 7355
4168 1936
2893 7016
5207 2084
1692 6316
125 7456
7110 2285
5459 6089
3445 8254
1637 6089
2920 4808
7390 3073
4710 6209
3072 6167
1502 6944
4807 2488
1781 2009
6228 4634
9456 855
4851 5492
9410 8321
8875 5554
1279 8911
4106 1060
7994 8412
3969 7413
3001 3089
3655 6656
650 4349
3133 6848
4150 5099
8789 7156
4624 4621
7241 2786
8142 3445
6653 1106
7817 7089
410 8855
2 4237
8284 4882
1659 8246
7366 1201
7579 9353
9377 2433
9996 7512
593 8024
2830 8269
8277 7020
2942 549
9692 4146
6195 109
3880 5157
4457 887
6546 4014
2561 1299
8471 7619
9360 5312
9093 9509
3803 383
4376 6931
1655 918
3732 5806
5900 7892
934 688
243 4418
403 110
2897 4122
5263 5551
5354 6586
3142 4727
1209 5711
2509 7229
5912 858
6914 1894
3859 6015
7971 9780
7347 9361
6176 6094
4869 8297
9294 6297
8377 1722
5509 1702
6832 7505
3054 9824
534 5618
6009 5949
1079 6782
8957 5263
1565 203
6050 873
9024 984
9230 2759
9734 9308
9055 4235
8760 1616
7291 6625
5883 8571
2602 2963
7594 9231
7861 853
8845 2125
1119 5330
534 7276
2795 883
2361 4115
4528 8850
3425 4948
607 4204
1865 2099
9920 1776
8099 5370
6206 1822
3342 9707
2650 1364
511 6244
3092 4897
2589 4812
6831 6701
887 9891
3576 3758
838 6947
7342 6617
7791 3204
5989 7563
8386 1953
1562 137
6951 2189
6605 1612
9982 9737
8787 527
8948 7562
4807 9456
6509 3247
287 9112
4159 8595
1294 6943
7579 5208
1494 2447
6679 1025
1144 5675
3148 9638
6694 8564
8245 4164
8680 1037
282 7619
6558 4419
1565 9548
2190 4173
4546 1300
347 7900
2752 4057
5250 3748
5734 4583
3934 7354
8281 8203
3250 3949
4 4317
1489 8668
9973 7220
5584 3758
7123 1395
7167 3879
4054 5761
613 4668
6678 411
5687 8157
6888 4327
9870 3239
4157 7153
6326 2243
2951 4118
3551 3622
5060 5767
6514 9210
5611 5836
3560 9452
796 8219
8033 2115
1857 912
4653 9270
9642 4002
2337 9398
4411 5087
7279 6820
3295 578
8995 4185
6693 2632
5414 716
6482 9123
5767 6319
3317 7543
9858 7708
4244 6423
4773 600
381 8480
1922 2334
2904 2888
6525 6544
2162 4429
7637 3983
9038 468
8798 9726
4721 1794
5104 6153
9337 5870
9302 7967
9520 2028
5103 4039
5494 3518
4603 4427
2096 2664
423 5171
9118 5767
9773 7652
7969 7039
6687 9184
8476 9971
9675 5606
2083 853
6657 9715
5473 2213
9673 6906
2644 3064
3651 2602
5867 2986
722 1342
1281 4452
9241 9757
6706 1787
2117 8605
5130 1864
8115 8494
2785 8663
5946 6129
4103 5493
4247 9962
8672 6525
169 6856
4148 9211
1959 7330
5388 4002
2349 6620
7425 3114
8448 8466
3533 6258
7990 47
1324 4299
151 6843
3920 4590
3052 5872
5843 120
3735 2968
1867 2400
1013 1464
4638 6647
4097 2167
7477 3855
3024 284
6071 2055
6540 4201
6329 8408
9009 7496
8825 1548
7981 2203
6067 4523
8429 7753
3002 8330
4878 4404
3073 2648
2469 4470
6368 1139
6344 7968
2646 8972
5015 860
2960 504
1889 7402
6575 4479
1371 3008
7990 6117
6724 3866
5014 903
5563 1047
3036 742
7219 6167
3753 3646
2592 3549
3248 3821
5658 1247
5036 550
2289 8042
4471 6158
3593 5032
8766 4909
2838 52
1452 7544
8662 5090
1375 3339
7439 1033
8635 2735
2716 8358
239 2772
8985 6365
4830 5773
8057 6421
5737 2862
5984 543
7363 2310
290 8867
1911 1586
296 5035
3334 7253
4366 3183
3864 6668
7945 3049
5147 6852
6857 300
6492 3199
1854 6413
8153 9487
4609 937
6187 5844
5344 3633
3421 5363
9728 822
1298 6267
6899 3472
3256 6774
3720 9833
9230 1549
4039 7434
6805 3381
35 607
7419 1490
1212 1851
9496 9864
7870 4532
900 4629
7725 2159
7310 3491
8422 4808
7727 295
641 810
1732 1040
6037 9861
9248 982
891 4998
3870 5615
6693 417
1322 3070
6298 7703
6423 6240
7153 2367
1550 9749
3173 6014
1454 9801
485 9140
3397 960
8698 7081
4215 4747
4631 1945
8642 1558
9746 9355
3214 1399
3272 4223
5061 255
6970 1896
5546 8530
6615 8512
3118 7720
2110 3568
5576 7453
4259 5217
9752 5564
8666 2548
9617 4954
8859 1899
5964 7887
2089 5295
7841 8246
6634 4405
7871 2162
8163 2838
3192 8452
4213 7703
4155 6673
5492 6103
8172 9912
2444 1971
6214 4772
8511 1600
9809 2568
1906 3794
1836 8691
8698 9694
7127 1636
8774 1421
1679 7959
9389 8574
5976 1816
9837 8730
873 4749
4856 2416
2098 3285
2649 4146
3385 9379
1320 2207
1157 1300
3799 6460
9225 3597
3123 4782
1439 1276
567 6013
7236 1878
2264 8947
4350 8378
9326 3656
2970 8819
8275 5845
6804 2199
1221 9597
3419 8629
1937 2572
6506 8350
5057 7779
1901 1458
2330 22
7622 7114
2309 6742
4271 1944
642 6222
921 9579
5845 7347
4534 3575
8048 487
6741 8867
7993 8449
2082 9396
9599 157
6543 2504
8624 1718
6725 5990
1234 2311
4586 110
5842 5495
7181 870
4314 5802
9703 1795
9880 3897
4251 3840
4803 6440
8032 5206
9379 2409
737 2531
7075 2634
478 1824
6225 2158
1578 4732
6222 7107
1819 8190
894 8434
6618 3586
3629 2728
1668 9439
1496 5495
5896 8396
9135 4646
1082 61
2744 9232
2696 4843
7123 3219
8939 9313
8567 6399
7085 712
4579 1657
7020 9782
7967 3593
6605 7751
7447 3825
8896 9090
7222 3126
9904 7935
9755 4287
9327 5889
3629 8011
9096 8165
4559 7157
1068 6424
3266 7963
6436 8017
4961 156
6853 8071
8484 3722
9089 9280
4919 3740
4791 2520
4236 7218
7563 4158
4515 7117
6050 3731
4259 5907
699 620
6247 194
6116 1194
5534 6858
6859 7761
466 3599
3315 2536
4270 9867
5951 2056
7606 4764
7548 6752
8818 923
8459 8829
4198 9487
3674 5800
8783 2179
9495 53
4325 9372
8555 9523
7280 4802
116 465
1247 964
7131 8760
355 8724
9061 708
5812 2647
3213 4436
5989 1872
3916 8512
8921 8533
4905 2129
5262 6452
351 7076
9523 8378
5559 2200
9734 5182
2208 262
2250 5093
5524 4233
2954 2389
8783 6233
8210 7737
4902 8651
7116 4881
5478 6964
1557 9840
7776 9709
9697 5232
9619 2421
9361 5029
9651 9312
5714 8220
7270 683
7500 8835
206 6879
545 8374
1074 7102
6086 6741
3338 9792
9502 9864
6590 1938
6579 4626
1110 9281
2251 7327
5600 1651
4231 4959
9828 7066
2949 2889
9630 469
7179 3841
4845 2622
705 9468
369 4305
1312 8614
1430 7163
292 8002
6164 830
8765 6953
6115 2540
9448 954
4810 1902
568 84
138 6047
7130 6758
5628 8719
4160 8242
4876 3169
6519 4162
9713 1789
9996 387
8408 201
8838 8905
560 3276
5788 5041
57 4195
2645 7561
9759 7707
7925 4145
4490 8639
1990 5686
9134 6845
7119 8315
9140 8314
2221 8083
5716 7353
9700 2271
6600 7705
416 8489
8291 6547
3227 9678
8180 7396
6934 2091
6577 3990
2880 8559
1858 4032
593 3804
6478 7573
3386 7366
4415 3873
1422 8832
52 8103
377 2070
9082 2094
8381 8066
105 4792
4110 4942
4587 740
4334 6722
699 5608
9884 2929
9126 7225
202 7852
4206 2083
6471 2957
187 2825
6848 8660
2266 9937
2266 1979
7645 5405
8317 1525
9713 1999
2405 8575
8862 6205
1711 7432
2298 1357
8111 4854
4828 6828
6549 2275
8558 604
5696 7559
5541 1427
9533 1596
3259 1159
506 1698
3569 5121
4981 8676
7479 6823
8998 8197
1913 8422
285 7718
9506 8581
563 1923
1602 3437
1393 737
854 1188
7612 6138
4349 2368
2525 3020
5013 4618
8218 3761
2746 7697
6976 6311
3092 443
5198 4905
7273 5873
2219 9692
3143 1484
6462 9978
5403 779
1183 2242
2891 9250
5293 4231
6312 1029
5779 7667
6791 5399
9624 1738
3505 6369
2320 7108
2842 8737
5119 8890
3621 9726
3326 2265
469 2499
2974 5838
2126 5542
8452 1054
5348 3373
4175 2705
7178 9815
1212 91
8508 3063
2063 7529
3154 9170
5035 1142
1495 6516
4251 9149
5367 5536
428 8556
6014 4978
9053 2145
421 8500
4411 8662
3978 1590
6009 7877
1533 3004
7716 5005
265 6152
3464 6958
2260 4206
9660 8212
7878 5018
4775 5734
1382 7036
5094 2886
2951 4022
8487 529
6210 1744
6048 8354
7879 7162
162 8771
434 171
1538 3225
6512 720
688 2456
2834 1394
9287 3248
7036 4376
1746 9022
9443 4468
7195 9539
5414 6537
9426 5842
8920 2601
9629 5284
7924 4095
6172 1729
6774 8213
5740 6650
8181 1723
7039 8852
7037 7515
373 9778
9751 7431
6332 778
8971 363
9914 6956
892 8475
6505 4179
8916 191
2662 1278
3832 8787
1300 749
9607 3341
908 1018
5664 177
1478 3286
3834 4653
3109 2531
2047 2518
3716 8695
2677 77
8431 9116
4368 5626
8520 4448
5149 5888
3166 6255
8882 5116
62 4773
9428 8515
6905 7258
8269 8851
1102 1068
1266 4437
120 7428
5835 5352
2035 6675
603 5637
3234 8121
7145 5491
4124 484
207 3128
1895 2071
5848 2443
7379 5305
5801 5255
8513 5152
7008 730
4140 8448
3562 4789
595 5914
4997 5389
7466 9456
2674 5614
4184 521
437 21
4793 8065
581 5032
4260 8294
3917 5130
9603 5113
5627 3728
7801 1224
1276 3647
6294 8173
4724 4988
7131 6560
1580 9617
7646 5496
1683 6231
7374 4963
8107 4727
5553 5502
1110 8177
4645 5072
2599 4336
8719 2938
321 6613
8593 9051
8609 1970
4659 2475
9606 7334
9837 5065
8400 647
8488 4162
3311 1540
610 8880
7560 16
6661 4384
2648 1409
7989 4656
7297 1778
2258 35
3859 8285
3421 9601
4846 106
3980 8399
7351 6137
5228 6030
5122 1687
6484 61
8733 2257
6865 2999
1832 1573
2472 2386
5915 5266
4601 3484
4102 485
4197 6003
9156 305
1064 9644
5928 9204
8648 763
2250 1392
2571 1116
9079 7359
546 1689
8593 5352
7487 3130
4452 5011
335 2880
5632 470
1836 834
6709 199
588 5882
1697 7647
1137 8395
1135 6143
2208 949
311 9406
2711 3807
6828 1189
3921 4749
1339 4922
7962 6997
414 5475
3080 7818
8612 524
9330 942
9497 2032
2799 2597
6131 8182
1998 8446
9875 589
2181 2168
691 3457
5409 583
2192 1506
2302 4723
3598 2519
2250 2442
4471 2970
6125 1471
3489 487
9368 6057
4331 7413
5399 9167
834 7623
763 8288
726 1425
2851 8367
4865 9363
5720 2496
1159 5334
1124 6966
8248 8176
1564 6684
7926 4654
6249 4017
9686 1391
3866 5045
3131 886
5579 4663
1428 7332
4346 389
7086 2719
2302 4903
7333 726
2481 2009
828 1459
9029 206
8598 691
1083 918
9958 2602
1429 2634
9635 3052
3950 7301
3264 1200
3799 2322
2046 8007
445 806
199 5111
9233 3297
5353 2961
2007 2269
3215 5699
7129 6593
411 5025
3283 1159
4093 1141
857 7846
2852 5105
7087 3415
3864 7568
7290 2557
7338 8078
9809 9646
3622 6957
9171 3810
7637 381
8438 2443
5785 9317
8877 8646
5565 335
3689 3806
2961 9224
9553 9786
7726 5335
1336 2726
6636 5562
2750 756
5882 4530
4529 8909
8566 4462
7606 4101
3590 4137
8741 6355
1162 2885
7609 2719
6587 1547
1760 7292
4053 7168
9678 7430
8465 7138
3651 2104
714 4534
4144 2302
7164 4703
5538 2474
6153 8343
5692 2811
5407 2023
6072 1006
6186 2459
777 1949
4392 7461
8611 770
1634 9525
2978 2538
5901 70
3282 866
3015 9129
9337 3758
4576 1799
807 1855
3190 9905
7662 3747
9101 9631
7455 5859
69 3861
2924 7026
1372 3841
3466 5699
4314 6725
8720 9551
1369 4637
6121 2424
8403 442
5566 7463
2886 9536
7314 4215
3870 8782
7868 7527
4946 1732
8010 3532
2561 337
722 8043
7777 5829
5445 1764
1888 3598
5994 3277
371 2284
3515 2913
9801 490
8330 6114
5791 8351
8554 8024
7388 6714
8911 4801
7334 2072
7764 6219
9488 4815
3648 2308
650 8707
8251 5808
3783 6073
9154 9667
2066 1890
8511 1276
6592 9572
2183 3083
1946 3836
8618 8817
2358 6112
6376 3862
3187 7118
6417 5724
1352 4086
1410 9135
8003 8335
6073 8840
9956 7263
8976 7757
8951 1818
4792 3832
7671 7584
7327 7960
698 233
7813 9453
822 4425
2494 5373
9401 8519
7909 6405
4674 1567
4089 212
5095 240
1877 4240
1448 7447
2600 605
5559 5574
7775 4379
7930 9796
6433 3945
5506 170
958 2836
896 6492
5182 2940
9560 8079
4699 7331
103 9611
1617 7979
4627 929
6708 6977
6528 2633
3417 9617
1551 3315
1149 8330
9872 2435
2204 1406
834 5202
8774 4828
7552 4338
2109 692
3388 690
2577 4699
8833 7796
3762 4221
7013 1182
9356 8226
6916 1844
9151 3991
6019 4660
4842 173
9512 303
5926 524
996 181
9922 2799
5930 3169
8390 412
1977 5937
6167 8823
8758 7564
6684 1613
3567 7966
3095 7919
635 9823
215 9833
676 3585
8131 1434
7633 8054
8429 7166
6519 1217
7263 1815
2082 8065
7108 8026
5716 4384
2686 5931
7226 5830
4609 2237
6044 3996
1960 6336
289 9797
8224 9814
703 3559
1713 890
3499 5136
2250 8400
7748 4007
7257 8124
1548 3154
3306 9561
9336 8116
3053 3994
93 2681
7616 5161
8573 4708
8083 6942
4918 4365
9200 8968
8495 1904
1233 4722
3961 990
7403 9723
4302 3896
4960 2907
8859 8668
6557 770
886 3240
8481 5146
4717 6969
6588 2510
938 8319
730 9123
3350 6912
1577 7762
3658 674
7055 2350
8449 1937
2316 237
2823 6560
3838 5881
6185 5247
3960 917
9240 714
9276 7731
8021 2977
7977 770
393 1612
9995 7230
544 1332
3634 7298
6342 5392
1642 9231
1493 5603
3467 342
4570 3986
6155 5810
3293 7081
7116 5262
7896 6347
4035 1545
3637 5495
9691 7376
9826 9119
7097 4010
1860 7532
2576 125
4275 8592
1285 469
1508 883
1364 5477
9621 6273
8462 6790
4560 9267
9602 5270
5688 1113
2217 7345
1438 431
6925 4197
296 4783
451 7255
3784 1806
5985 4391
9343 2019
7552 3801
1516 6150
1183 1436
2189 5169
4743 5185
1226 763
3473 5477
9304 9282
3524 3743
1842 2038
8883 7025
3912 9977
6802 69
257 5079
4085 5395
7223 7917
5152 5260
5498 3493
7580 5685
5935 9228
722 5509
6125 7003
2091 9063
4906 4260
3613 6455
8624 7932
9659 9729
2298 6951
2263 2969
3485 1646
9629 7750
5469 5571
5712 1312
9659 8656
5104 5903
1253 5776
7683 7184
9509 2877
9776 1163
90 4222
8036 9538
6920 356
8383 9224
9909 3907
9801 915
7436 3925
9784 2784
5238 9919
7127 7359
3384 3049
2465 6738
8094 7130
1556 7478
4174 1162
7734 3312
1515 9679
9694 8062
925 9696
1697 878
1709 3187
8842 1391
9468 8084
1657 970
1907 9329
2116 6928
9931 9621
8595 4897
1701 300
2613 664
2277 9704
4243 9286
5707 9511
5462 2470
5883 653
2385 2235
6915 5906
5494 2315
3496 6536
6655 3100
3989 2460
1200 2980
5335 8451
1969 2197
2869 6845
5180 7403
6757 249
8208 1046
8002 6134
5868 6405
7786 5077
2446 711
5006 6257
5488 685
2475 8823
453 9080
7522 7762
3003 1395
1569 816
5649 7004
6538 8373
9372 9411
9603 7630
6281 737
7741 6044
2178 4274
6780 1268
317 9933
1283 9689
4643 8457
5764 5123
1680 4604
8655 6633
9534 6556
2704 1246
840 2251
957 9545
2798 3351
3379 3843
2614 6582
801 3047
7725 3244
5366 39
4901 3076
6825 2982
5679 1784
4276 5296
3580 8457
2578 5548
2129 2850
1261 45
1407 5286
4095 1346
1110 5670
8103 9782
4970 6274
2536 5717
518 1195
6796 7094
4055 4347
3028 1786
7756 4295
7947 244
661 2774
88 7963
6701 7253
5125 945
3908 9043
2760 1832
9156 5161
7185 8640
4644 7850
9176 7010
2835 9539
1897 7806
4646 46
703 1946
4604 6776
4036 7648
7541 7707
4643 9896
342 5703
9225 8415
5619 9722
5146 4854
2533 3185
4164 1679
9830 8311
4943 6530
5618 3741
9646 4041
2590 7783
1723 8341
1486 1633
3423 6195
3091 2286
4672 5557
6076 9907
6408 3782
2775 9146
2065 6138
1011 2251
3459 9453
788 7345
1047 7979
1079 841
6560 3548
1542 4072
8014 2491
755 437
6185 2184
9945 6083
2360 1571
4736 7695
5079 5255
5401 9005
581 9871
5845 5294
34 5827
4666 3462
9183 7940
4836 3547
8970 9046
522 9291
8358 8966
5627 4773
9988 9829
5102 5937
7898 4525
6973 5268
3446 1756
4107 7651
9238 3245
6230 7745
2925 2815
3182 9794
6672 8590
4344 9696
4684 8835
53 3897
9391 2050
5665 2502
2205 4829
5128 9540
8933 2365
8687 5074
9064 5221
9743 7387
5939 5343
9765 1336
2518 3445
3571 9443
2176 18
1986 1732
7090 6768
6723 3083
2526 3292
6217 8345
3606 9365
1303 974
5674 2008
3810 2508
2041 9431
261 4894
3875 5367
8895 5519
5397 291
8277 718
2623 5407
1358 172
3715 1937
2507 2890
6063 6230
9147 9407
6415 2602
7340 8994
6986 5025
203 2458
7241 7343
8323 8859
5085 8813
4918 558
9586 9449
6968 4637
5719 1514
7547 7902
1308 2104
6745 3286
8452 204
6131 8279
4021 8632
2788 6804
3889 3554
3833 8231
6905 4322
5392 5105
4378 4995
3685 8905
2424 6209
7577 6515
8519 8008
2337 2366
6941 2877
4925 9871
8163 5146
3946 2713
3785 7714
2483 6972
7667 4448
9056 511
6152 2116
1997 4338
6210 6109
8794 3283
2130 3671
7055 3582
9783 6577
5889 4366
3129 2828
9325 8661
8156 9171
4379 8162
6673 897
5138 8119
8179 513
4008 2087
7247 2577
4856 6461
8196 9642
2977 226
696 853
8942 2454
8413 9328
9213 6761
4842 7731
3878 3278
2839 7260
3352 1955
6918 9371
5111 6541
8125 9223
667 7226
8428 4011
7089 220
9588 8439
6610 7338
3598 2787
8351 1855
7489 2767
5226 7812
6910 2111
9979 3902
7196 7562
8277 9047
1713 4400
6885 6181
961 7902
5420 1951
3007 6334
6821 8254
9966 6121
7388 7457
4258 9204
2303 9252
8017 1893
7293 3501
2328 9099
7287 5008
8446 7433
3687 1083
4928 5039
4914 1360
5668 5069
5838 2754
484 5139
7499 7284
9906 7173
9191 8847
8567 2776
3131 7970
5111 5043
4703 6929
9854 9864
630 1607
6580 1762
5787 2114
4997 7738
5139 6463
5880 3709
2095 2856
1001 2204
2300 3107
7599 6610
9083 4590
2554 9209
7420 7030
1264 5466
3890 8541
6427 4019
4284 9534
9478 6153
895 2338
1632 463
9194 5953
9148 9968
1098 5117
6012 8986
2444 6005
773 9564
139 1537
1595 8254
4838 5824
7513 2264
2421 7175
4003 6213
1417 9091
5990 5823
2624 7300
4080 6510
7367 8630
8453 6445
1782 841
5481 9313
8807 6
7079 5795
9021 4949
7394 4678
4573 4238
847 6794
1684 7450
8098 2029
6051 3497
8402 4996
6897 1346
9505 8871
5308 9100
6132 7780
4210 1235
675 5273
8386 6363
2274 3363
8093 8201
6545 9141
3984 541
347 1726
8233 229
8044 2812
1689 6757
7685 4322
9153 4564
