2531 6250
2205 4159
2839 5925
4968 5275
6520 2077
2380 3574
8954 9028
1121 1244
9885 1337
3308 7016
3406 194
4843 7041
894 7390
3697 7128
4759 6468
2448 7106
2285 6250
6333 8647
9135 6456
9818 5762
9929 1197
6710 7020
8020 9198
5449 1895
1381 4173
8361 8698
3537 7676
7577 742
2309 8346
3661 571
7435 7554
2400 4214
4930 7250
5018 9552
536 6855
8456 6943
6180 7799
3722 7783
3957 8549
9089 7746
7016 146
9408 9099
7349 9592
3876 9988
8610 7272
1325 7502
6777 3819
4985 8494
4937 5855
9954 9758
4731 2732
1261 9802
9344 87
8410 9856
7211 8043
8684 2010
7746 323
6585 813
3958 8445
1569 9618
6799 2609
4063 8667
5406 5068
2576 5207
4844 6436
1333 4489
683 1388
4975 6066
6349 8679
8658 1612
8764 4128
167 6050
4360 5987
5902 5588
4861 1849
1407 77
191 2300
1079 381
6217 2910
9906 1597
4872 5387
7324 5920
6897 142
2315 1024
7502 6450
2589 6344
7632 1955
8929 4122
9007 6051
9685 3430
733 7143
2841 1610
796 6032
231 3239
3900 5838
3363 9324
2486 6486
6180 8737
4755 8554
460 3692
6561 2266
7249 6098
402 9819
2256 4673
5502 3807
9770 9918
7613 3313
1589 7817
2101 3922
8173 8980
5068 1089
4558 4080
9337 4688
1837 3086
2438 6192
1522 3380
5111 2752
1594 6773
9237 7062
5236 2655
6383 8044
5468 6688
2431 6135
3030 6935
6178 3113
690 3766
7696 7842
27 8968
8146 5816
6830 3439
2717 2872
8827 5108
1903 1064
4485 437
5020 3902
3551 4476
6073 3960
2466 2380
2458 3801
6787 1296
1319 607
6694 843
2075 2943
7 3434
3782 4472
6969 2891
7138 4802
9808 5846
8398 6599
4782 706
9796 3698
4525 7621
7545 8913
9608 158
1501 2489
4806 6036
2330 6456
9187 6773
5275 6199
9865 7708
7652 5135
5225 1736
6212 6010
3782 2182
6105 7302
5579 1906
8273 6584
1225 6336
585 6598
470 9607
5926 2757
3751 2684
5706 5718
1772 7198
2946 8
2942 7555
9178 8464
2878 8557
1724 489
3128 375
676 1159
8916 1220
4007 2922
9313 8108
6452 4343
9225 4086
9359 5199
1076 2894
9502 8343
5921 1846
9355 9937
3379 8986
4022 564
3929 9016
7920 4738
1157 5355
3014 1980
117 7431
1166 1589
9898 6751
3496 6901
6197 5463
7588 8683
2347 7967
862 2179
645 9221
5561 8038
3033 2971
1228 2608
6560 4454
6124 3156
3226 7352
575 2465
8416 5813
9955 3421
664 8696
1156 7262
9002 2855
3381 914
2928 2563
2468 3630
1981 4698
4224 7033
4895 9637
5129 2505
4222 4303
6677 6543
4842 4264
2302 1059
9210 4045
4708 8079
3133 7232
2288 7414
9673 3867
2408 1965
3176 5796
6236 5813
3986 7865
602 3524
4908 3663
9329 5111
1196 4119
4353 3685
6784 6965
5295 5348
3217 3574
5011 5435
8600 3852
2361 9873
1838 3465
2332 7773
4879 8480
5372 9806
4152 3660
4535 9487
4180 7645
5357 5596
2043 9059
7510 4781
1057 476
9972 2096
4391 6049
5275 2482
114 3199
5870 9733
7319 469
3505 4678
4376 2394
5658 5933
692 7347
9223 8484
6862 5814
5970 1309
9502 3819
6596 4982
6349 8582
5893 3716
9766 2827
7241 6750
4281 9640
7908 2769
2172 988
7261 578
6428 4267
15 1258
1071 1609
4695 617
719 5425
284 9638
2661 2512
9050 6755
5841 4993
1757 1405
12 6678
3243 9458
8534 3073
5214 6332
7009 5989
3163 4304
2462 2196
9798 7893
3217 8883
6657 9749
4408 574
6413 294
8033 432
6548 2838
706 6921
3169 697
2136 6078
8019 5031
6562 2733
7772 5983
2726 2820
281 69
8319 5954
8209 7993
5918 6059
3366 8047
4840 9215
6460 8457
3081 7210
4818 4081
487 3769
6913 6510
4886 3248
4888 6414
8580 5422
9256 4460
6483 7726
3921 1542
9099 1992
5234 7059
8131 5926
5319 2106
6536 1252
8880 4291
4222 1863
4825 8724
6980 3482
157 3383
7587 1194
1554 923
15 5959
6942 3308
3137 1055
9515 8977
4718 6223
2067 3152
6566 8497
893 1843
250 4413
1154 703
2092 2672
8955 2819
752 8935
3978 6418
6332 6485
5799 3279
427 4322
7314 6322
7397 8797
4516 9544
9190 5075
8967 4337
9983 1996
3987 5823
1507 9652
3883 1833
9076 4857
8691 6665
9352 5553
7632 2483
6059 3153
178 4562
6399 5762
8978 1087
2944 3044
8974 3735
9098 9401
4045 9476
6800 5544
9248 858
5554 3455
7242 534
7421 5709
3529 9754
3243 6347
6578 687
8053 8112
6591 7694
6854 2940
990 8676
9255 6125
6880 415
514 7105
7974 2364
6515 1093
9745 4460
7129 1862
3339 5500
7882 3530
65 9810
2013 7304
9112 4969
620 9938
9742 9640
7582 1516
956 5259
2328 251
3092 6723
8420 1898
8551 4394
7650 7979
3003 2522
7906 9482
935 6675
9175 7742
8409 2178
3714 1045
2924 6929
294 8021
5488 608
3184 5533
5161 5063
1145 1783
2695 5975
4885 1771
4423 935
6635 5316
1917 9143
5186 2630
6709 8280
5857 8452
6927 8097
1664 9664
7950 4524
1442 4387
3343 3428
7126 2234
6237 2773
2122 4027
5945 3255
8737 3869
2674 3615
6944 6705
9319 4559
9490 6272
1404 5883
5058 3806
505 4981
9004 3801
3505 5255
1346 4702
7735 8148
4411 6085
9423 216
3169 2913
588 431
4791 6314
895 8793
4028 8703
9936 7374
9368 2475
2678 2070
8865 3942
5951 4531
2216 5442
5224 8678
600 4652
1669 1977
6529 3741
7802 2987
443 9629
137 2061
648 6716
1858 5888
4176 5134
5598 7710
6444 2125
7137 723
1067 4404
3097 5484
8080 7200
7380 4263
9281 599
5037 247
5388 2413
3280 8637
5923 7605
9487 3910
4742 8346
8530 3474
2260 1369
938 4531
7751 2990
5231 3499
6040 4439
6021 623
2220 5986
8969 4767
498 7506
3647 6221
8659 355
3038 9642
6413 4773
739 3434
5695 7703
2812 1311
1393 9326
2029 3859
8585 2061
4782 6668
7650 4328
3356 8289
2473 9253
1301 9231
6520 8716
2367 4245
1731 148
5108 306
9948 6714
2145 2371
4073 8541
5843 6101
1695 6422
284 8420
1714 3889
822 4153
9413 6036
9078 296
4113 1518
3180 8007
6965 9500
610 3034
5887 4874
7824 7165
9905 6972
8145 818
3884 8541
8700 9966
612 8950
4657 6268
5681 6668
7264 4736
2456 2929
6558 338
996 520
1244 1244
210 1535
7412 2907
9247 3605
5445 9134
3031 2303
4718 120
7993 6233
2433 7455
9627 3979
9084 298
7026 6995
6246 1257
8345 6826
3197 6903
4562 6903
98 548
9654 6861
7329 8612
4696 4785
4132 3511
8877 2365
5735 864
859 7218
1756 8915
8110 3537
6860 3910
7377 2265
717 7963
4718 4000
4219 6925
9675 402
507 6500
4883 6339
1233 8711
9867 1286
7693 6126
9498 4991
8068 1792
2259 4360
2630 9364
2570 4126
1006 3027
9249 3257
253 4855
8992 3539
4552 2542
1640 7518
7267 9484
9365 5122
5256 2810
857 6978
8167 6384
5527 2256
1020 2828
7602 2554
770 4522
1112 1498
6455 1942
5970 3072
491 3787
1278 7114
6924 8121
1674 2694
3098 3268
5480 4209
1742 3111
7822 6255
2987 7965
2546 4152
180 601
3176 9745
4275 6330
5962 584
5028 702
900 5271
2081 4835
4179 8849
1742 4507
9336 557
4436 476
4394 8655
590 8875
4038 5553
2085 4679
6440 9365
1208 7389
1123 3893
5827 6087
6018 4368
7521 1664
523 5752
9871 6719
4199 2733
6596 7153
6737 3047
535 1330
8596 5352
5176 5826
1838 8869
4729 3638
8692 4545
1366 5075
6491 6759
1855 8522
4841 9337
792 9151
6825 3560
4994 1497
4548 9528
400 3671
7872 2418
5100 1981
4529 3866
93 4008
8071 3123
4832 9107
9449 7955
9462 2081
1376 5523
4784 1193
5532 8378
6456 6247
1167 736
7155 7029
1301 7688
3628 4007
920 288
1719 2669
1129 9301
7277 2945
1798 9694
509 9138
6799 6238
9757 401
2113 3398
4629 3648
9466 4452
2687 9647
7531 8721
9959 5688
3646 7427
2491 2791
7085 181
5021 1992
2591 3998
955 6944
2175 1897
1091 5967
6710 4626
1324 1254
7898 1844
6438 1462
9965 8650
9575 2297
3036 5453
8713 518
3188 7629
6681 6657
4791 4673
545 3091
2857 7140
1768 4510
88 6768
8740 2816
9968 5841
110 2630
8848 188
8401 8427
5123 4623
4967 6726
9571 4231
9109 1837
6346 2906
7870 9020
209 3323
590 2293
9431 9283
9170 1446
8830 1701
4863 3156
661 9007
9247 7341
3384 9373
1514 7468
7389 3266
5559 6604
5531 5092
6929 9560
6504 8011
7162 3397
631 6378
1943 4581
2863 8050
3288 6586
1649 5160
4532 7983
1152 1978
9539 7705
6575 4327
6331 4924
9167 41
9090 1788
2639 7306
1666 5134
9407 4660
1860 1319
2137 983
6361 9540
4441 9062
9462 5029
3225 7488
2923 308
1549 1394
59 2842
30 4732
9940 8943
2664 7789
9519 7166
9747 5024
297 2384
8757 95
1611 3746
6793 8763
1704 213
1907 6468
7341 531
5528 5737
2254 2473
9018 8597
8757 2376
2566 1088
1370 7687
9055 3024
4119 461
8119 444
3846 3347
4789 789
3098 2247
824 3455
859 6739
7104 6643
9752 1501
6983 1339
9081 9693
8034 5697
5036 3652
8337 157
6779 2721
6490 6824
1029 2833
1786 5973
3893 156
4566 5278
6206 4334
429 6994
1097 4838
1610 1791
3066 7355
7592 9189
6764 4734
4032 7446
7616 1238
6772 5079
230 7489
4808 2228
8132 5413
711 2350
2828 688
9296 2870
4937 1082
3095 555
2474 843
1225 5376
3202 1502
1957 5124
4950 361
5950 1091
4392 4548
4663 6823
8490 8366
5711 8757
3819 3738
2986 8265
9823 4364
4684 3243
9515 2942
124 8073
5921 9539
8596 6460
1598 5511
6590 2069
3643 6215
8160 4758
9616 729
5047 950
6608 7331
9647 9067
1231 2017
2553 2008
4056 9289
1054 3828
7886 7512
9388 7099
3163 3668
7132 9654
6764 532
2374 6321
6848 1397
3039 9213
4045 5529
2283 1989
5611 6686
993 8188
1482 7237
4079 1207
8025 3207
6468 7759
7305 8247
9710 9070
5089 1647
2643 791
1925 228
48 6849
809 7563
2258 422
8486 1185
1146 5413
3332 7769
87 4772
6327 7677
3982 8912
2022 4349
8510 7244
1033 6206
4380 8715
7311 3775
2060 5570
4575 7924
8520 7485
7742 1367
9912 3335
1832 3097
6819 8457
4635 6394
8188 6506
6175 3839
2369 1188
9176 1018
4627 8363
3766 8066
7064 3846
240 9490
9351 5727
9192 7686
9834 7551
5097 8174
377 4173
3930 4065
9043 4862
7400 2732
6849 9652
1191 7139
4055 7161
8099 7341
6046 4287
5989 9450
203 2250
902 5532
2816 8973
8566 5455
2690 6542
2669 8546
3470 632
6108 7517
3027 8700
7910 5358
7409 6146
3570 4976
8380 4759
7151 3437
5283 2572
8329 2357
7111 3637
715 5981
5322 8955
7308 5047
6126 632
6957 5302
2900 3549
2541 3744
1398 1326
7093 9682
361 8643
4303 4042
604 6117
8214 2471
2337 8200
7957 1763
8836 3505
3446 3018
9582 9786
7159 9202
4888 1770
6563 6047
7404 3126
7778 988
8744 5004
4406 4602
6175 9217
9921 3148
8909 1285
5522 4802
487 2612
4927 2695
3505 5436
6026 3220
1535 6474
708 3975
2911 5009
1040 3349
5948 2887
2636 6906
1923 8061
3181 6336
7067 32
7271 9289
5517 7736
9219 705
453 2570
1954 5946
1256 3937
4009 2515
2696 3482
2015 6785
2918 7826
5125 4638
9556 8224
2080 4210
3906 8355
4671 6758
1789 4878
5651 4236
2225 9507
449 7442
5591 3756
9800 8773
982 7793
7488 2514
9668 2648
2046 9144
1513 985
5548 9230
3037 3235
3084 3293
4827 266
8009 482
8665 1907
1133 6720
6764 7116
7058 1485
4543 6888
2392 3785
769 4582
6068 8719
4816 9191
4669 1218
2296 3687
2355 8670
3234 4805
3163 7822
6873 2192
7764 8552
44 2161
7111 4391
6968 8914
8221 5232
9726 9350
8203 9349
3816 5429
6884 2865
3437 1042
6234 8900
2467 2331
3578 4401
6853 5842
2533 2925
2518 2723
4473 7061
5503 2951
2806 8376
8857 7166
2400 1833
487 6082
5949 8832
9670 9257
6005 2799
1891 5744
7927 1903
5786 860
2212 9751
959 227
1386 3034
6547 8619
5328 1013
8491 431
7873 8329
9543 5660
6607 5910
7749 823
5187 7049
1348 9447
7556 4907
8063 9113
4856 7220
825 1753
1058 9570
8432 5752
9370 5353
7774 3567
6945 2983
3543 821
3786 8677
3555 9058
3920 5081
3786 3452
5115 5388
7481 5939
6052 8511
6940 1623
2188 3890
2656 9948
4809 1331
2424 5285
789 276
8451 4159
6962 7983
6519 6818
9762 7105
2347 4959
3245 7517
289 1498
8111 3318
810 4699
1175 9896
8077 1101
9255 2254
6175 3933
4762 1888
9301 542
4453 4815
8328 8629
3310 5036
7749 9149
380 9826
860 6110
8129 7470
6670 7691
6314 5655
7685 2472
65 3223
3253 1845
4029 3580
8700 597
9396 5640
4190 3548
9579 2794
3482 1598
3143 3068
4738 2690
4064 4400
5684 6627
3339 2100
6329 4970
3615 2140
5306 6397
5391 6453
4930 3725
1075 9191
8399 4806
7715 7131
2292 7735
7122 5471
3611 970
3644 2405
2799 2312
4445 4215
2253 5234
4995 200
8224 804
3817 6597
6617 6058
6681 1289
2332 2439
9923 8693
40 127
4689 7120
8914 4042
8777 5236
7236 4002
3187 5571
6042 8740
2812 2561
5342 8866
2579 8755
4111 9387
157 7143
3586 3736
2409 943
1659 1020
22 7436
6837 1217
9264 4275
3765 8883
4484 2761
8899 7613
4462 8861
2102 2164
8276 510
9549 8024
6802 2476
8550 446
9257 6849
2636 7085
6648 1039
4878 101
1696 9151
8927 3328
9247 3835
276 5473
786 3159
8924 2532
7334 967
1713 8150
6836 7354
8374 1070
667 967
8503 4585
61 8261
8224 9421
1146 8747
7387 4722
767 9950
4010 6611
7005 6160
3325 210
4668 2229
6380 7711
7490 8558
5420 4965
6222 9893
9477 9236
1289 1756
5015 8634
462 4375
4605 817
8276 483
9702 432
6564 2011
7795 720
3662 8723
8245 37
5130 9030
3147 4602
1136 1359
2861 6107
5797 8584
2472 7706
5160 2866
648 3101
901 4723
4041 3626
1960 408
571 6704
2269 8480
9298 2648
2785 9955
5547 6236
801 9479
9280 159
4078 2069
368 3114
5097 823
4557 733
8894 6195
8357 853
227 4717
9928 8243
263 7325
2975 5139
7242 3828
7759 7194
5981 3895
2907 9958
2864 778
4204 485
5377 9927
8194 7177
3010 2693
2402 5873
7635 5490
5987 3988
9188 470
4136 7875
9953 3916
8825 8198
2054 5248
4530 3665
6677 7887
6997 2490
6186 6131
88 5394
1341 2155
8141 7808
237 2483
7287 1918
4501 5892
7019 4692
3 2782
6160 4134
7936 2895
6021 2407
3575 6620
7841 5780
9838 2074
2336 8796
7153 7452
711 8960
1921 4067
4975 5350
7535 4373
4882 3177
2807 561
3922 9828
2826 5899
9386 9849
6157 3909
3773 5769
6485 594
587 8103
6207 5735
7887 4811
8284 2105
3199 6732
4809 6046
5293 7535
3744 6388
6536 3994
682 6660
9374 5776
4679 4034
5509 8533
9815 562
1279 1253
384 37
1519 3159
729 959
3451 4888
8853 7678
2643 1977
8038 9523
4613 1504
908 5877
5577 2013
4132 4702
6878 880
5629 967
3767 8099
140 6330
8007 5275
4921 4066
1629 4014
8530 8001
4382 6669
5356 8094
7236 2050
7824 4236
1195 7048
3673 8850
3317 9628
3683 6217
6834 2048
3556 3714
560 6204
6685 4164
6364 8296
7658 4965
2317 8672
9669 9726
1838 651
8443 6148
7546 2855
833 6806
8699 1652
9745 7065
8284 6499
1232 5754
616 1802
5452 4911
7964 7798
9307 1266
4344 1800
9053 8169
7571 2647
4741 9956
5430 2735
6482 9912
3256 8589
6822 1435
2139 2150
987 6530
5902 9659
7907 4880
7747 8288
2947 8160
7882 6467
6018 3796
6194 5720
2354 4503
9030 7259
7548 9651
8507 7145
9530 2015
4723 6012
5252 7147
9220 1648
6588 2835
9531 9225
2294 3148
6837 9436
7025 664
1360 6101
5935 6296
6473 6208
3324 5605
3776 4282
4615 2681
427 8569
8774 5581
922 7979
8116 7317
4611 4647
8974 5524
7789 5288
8804 8278
3112 7392
5818 5068
5687 6453
1860 499
7282 2313
7968 9733
178 3626
2301 7527
9551 4634
596 4739
7347 8746
3946 9433
6259 5899
806 7342
5667 7235
2838 986
5764 3988
3924 7688
5385 3329
1874 4907
3290 800
1196 7388
2918 5975
3298 1982
7047 8171
2714 3371
582 4778
6044 8584
424 2275
7301 2833
2423 5637
4591 8350
8124 2862
3654 4917
9654 5071
8658 3608
6259 1826
5101 9861
3857 6783
5627 1731
3057 4608
5636 1941
7366 1591
3338 5835
4332 7763
6531 5636
6456 3725
7150 6774
2215 272
4463 538
4858 848
4726 7489
6211 3723
5261 7508
5055 7112
2510 5930
9801 2809
8475 207
4942 5302
8520 5223
5095 2961
3409 449
3628 4049
7444 6209
8832 2813
8767 8836
2999 5691
4509 1585
7723 2710
2905 3370
8748 4628
6270 2927
7882 839
7835 1755
7189 7205
8757 8114
1399 8874
9605 8727
5988 2600
6501 8930
1404 6761
8261 3536
2131 2014
6119 2956
9411 4686
2858 3344
1483 6601
2368 5822
115 8155
4961 8935
4345 9231
6567 1618
3487 7413
7565 1390
1248 1506
3241 8442
9185 3668
4623 4175
7478 9162
7170 410
9274 5698
5248 8449
5543 9129
2246 724
1946 7791
3441 9699
8399 6331
7766 3824
1437 7269
1460 4800
7790 7197
5394 6002
6118 3897
2867 962
9470 3652
1845 2056
7822 4475
1178 8022
7976 7066
5972 1735
6140 8429
8186 2755
8518 1445
8242 5852
5966 7447
3393 3307
1931 6354
9000 5329
6082 9375
8620 6120
9777 2819
1399 9785
7506 5624
992 8129
1147 9965
9919 5902
7688 3899
7267 9982
5391 9959
5236 4593
6152 7453
7624 4754
2356 5496
6101 8712
3568 5602
7796 7147
6137 4106
1437 3628
3061 4876
1388 3508
9174 9464
5632 7160
5100 3234
6127 9947
2459 7306
7084 2659
333 6891
7591 3174
9547 2098
8735 918
5665 4717
1138 7329
3676 4645
1783 967
7004 2821
6887 6902
8259 3119
9242 4984
4612 7898
9828 7901
2223 853
6912 2709
924 3472
1959 5092
3427 9908
8959 4898
3599 3679
9532 9158
8737 3936
9681 9448
2729 2568
4423 9392
170 9948
7187 2653
8144 7054
5531 2401
5373 2013
5372 8144
6079 8910
513 6557
9781 9648
1515 1110
3885 4168
3708 5415
9204 6321
2 3156
6601 5036
9977 3723
4553 6951
9216 5409
5950 1438
4533 5684
8585 6493
4931 1857
9671 4944
8813 3912
396 5704
9008 9069
572 9412
1912 4655
336 4345
8237 5570
5478 2253
3560 8752
4856 3646
1661 2824
589 2378
3203 7992
4000 9488
2902 9109
8900 138
7044 6183
2630 5607
3389 325
7262 2662
2832 7290
8480 3582
2494 8780
4852 832
4129 9566
4772 394
6813 5
4082 8810
2957 9954
8538 5236
8495 9882
5006 3579
1212 4770
6121 2005
2072 3554
4218 914
5921 5097
7996 8972
7725 7623
1588 8110
1123 8013
9420 2276
7787 427
2842 5727
91 2698
9582 8574
1952 6379
2575 5067
2529 6325
9542 8558
3791 102
5051 5759
9700 3607
8580 3775
8946 439
3261 8903
4628 1253
7508 7039
5295 9000
2098 2618
6437 2746
8600 9021
566 6938
2788 2480
8907 8667
4778 6026
1170 5035
2987 4397
7450 2594
3483 4571
4033 2528
3923 8140
1750 2110
2377 6123
1026 2914
1873 1169
6209 2267
5744 2001
4293 9593
3957 8370
3342 5860
7096 78
9207 7992
6616 9918
1551 5874
1453 8860
6924 4236
8938 9116
9086 3733
9008 1591
19 5628
6990 690
3582 4993
3919 1249
3289 272
1545 3723
9324 5488
3690 9647
9372 5926
3646 1480
6740 6426
7847 939
6368 8463
9424 1820
6557 3793
5776 6971
9450 6648
9134 4549
7622 5436
3567 8226
5892 7811
3031 5816
8442 3611
3032 9942
1385 1786
8936 5967
6752 4568
9349 8539
829 6631
9771 3213
4082 5071
8312 919
5956 5829
7823 8629
1742 6431
6600 2011
4010 9656
5647 7656
7221 7299
3027 1908
946 1206
6968 814
4553 1460
2321 1892
2050 6721
2507 3746
2119 6062
7341 2232
4864 4438
1978 7219
5974 7933
4601 1473
3928 2447
3486 342
3575 1373
560 349
322 5479
8337 620
2739 8420
1585 5848
3198 7089
8241 6011
7146 9555
6279 8966
6634 8136
5424 2712
1696 3506
8540 9747
7356 9696
8958 9013
1092 6270
506 5612
9119 8328
7046 2403
7428 8102
2446 6978
1954 9901
2390 4168
6663 3088
1214 9690
5180 2599
7340 8828
4620 5494
8852 8432
1690 8877
9441 1022
4830 9903
149 8394
958 4064
4600 8378
2165 3416
8324 1033
7907 4524
1745 3781
364 2616
7354 3726
8566 8596
6867 1484
2422 1612
678 790
3793 2282
5000 7425
1407 3852
8945 3876
8201 383
6000 9724
6054 2491
7595 5515
5469 1452
3372 3042
8440 7520
1146 1963
650 9667
2576 3543
1731 1585
9351 6258
1737 2338
5794 5602
9223 2913
4674 798
9254 8239
5146 8281
9977 3618
4618 6194
7538 7477
5251 5355
6258 2741
5238 5679
879 6187
788 2404
4280 6094
9266 946
6184 776
1387 6796
8715 7035
1784 7387
6343 5120
9830 9683
8613 7185
3361 3033
700 4536
2373 3486
5242 7773
7238 6988
1192 7944
1121 2369
445 8667
7710 6126
5775 7729
7773 7312
3538 8979
2774 326
5046 7135
8894 8185
9248 973
2862 2939
8630 9438
1502 4871
8815 9688
2520 3663
6407 7863
221 4457
3646 5028
7443 2194
8749 1873
5486 8944
1374 2172
4041 7154
8856 9773
1923 6070
4065 5421
6511 4977
9363 2450
8981 5367
1561 9089
1181 3635
1110 2572
3149 8133
4146 7532
3031 3988
1189 9354
9329 2723
4485 1801
4962 8873
9219 6845
3102 7763
1757 7743
7766 3879
3565 2595
4230 4062
4917 4067
472 635
8833 404
4127 362
6467 7209
9702 7268
5162 106
6941 7043
4499 4138
6507 1313
7350 2986
2682 8602
7455 9219
2696 2009
7797 8519
5048 7942
6975 2051
8080 2138
9822 2875
504 9837
8948 1486
3051 3975
7721 2821
5084 279
2364 8295
6453 6225
490 4499
7855 6670
6040 6276
4346 2534
2408 6323
1127 1412
5242 9704
8580 2304
5020 1968
6583 3016
1620 1808
5017 7069
8798 5121
3373 8951
7248 2527
2707 1001
6002 7794
8054 9743
6553 7040
8968 3533
9756 9947
7840 8397
5500 6138
3156 4972
2689 9281
8710 2649
2622 7211
8012 7739
3515 1782
4670 6434
8082 4884
8014 4779
8167 5810
4626 9913
1148 6950
2284 2971
8758 4208
1223 606
8665 8834
3441 4791
3352 8661
3583 8133
7408 5982
4239 9185
916 5785
6975 6034
547 2700
7363 9041
1344 9354
5645 7159
1628 6990
8073 1121
7001 2308
4275 2761
2426 5873
3560 1825
5839 4021
3809 894
198 9882
7831 3019
6798 8042
5363 1419
5792 8226
7135 2263
9792 5757
4952 3855
1732 3911
9315 6375
6678 9668
2735 5331
2843 1934
6802 6201
2928 7371
4446 8416
1175 8297
74 9515
7777 390
9663 309
2108 1082
2837 5531
6054 7102
4293 3363
9471 5428
1741 8801
4781 7174
2900 250
9862 3022
99 7168
4552 5204
818 6444
9356 4206
966 4412
2927 4879
7805 3570
5548 7330
5177 2976
5746 5825
2029 3606
1152 3533
6981 2532
5544 1031
5996 4125
8237 4648
8584 8683
82 5925
1739 1545
1136 7362
7957 7754
3649 957
3459 6250
1405 4010
716 9658
8201 2865
4512 4548
7172 1037
6567 6055
6587 8926
8483 3961
6779 4316
7088 7749
625 1421
6584 6496
8169 3731
5889 8254
7454 5444
3188 2771
2080 5121
348 3064
8088 6418
7338 7489
4841 859
8491 1059
6110 1463
1261 1999
4651 9953
7643 2917
3965 930
6502 6275
99 1329
4726 7658
9098 8153
2924 5810
7778 2701
764 375
3525 7350
4161 3704
7754 8263
2367 494
9265 6910
9578 55
6281 1416
7325 3887
3759 93
5262 4782
1014 6929
4166 612
7806 6132
813 6395
9009 4356
8574 5962
9058 1391
8333 9680
2073 5400
4377 5057
47 4804
1437 5212
2488 1565
6484 1520
3465 5496
3406 4665
5319 4868
1621 9016
7061 6579
5109 1578
597 2836
274 2130
9551 8232
1911 3290
6515 2876
3018 5590
4638 8372
7121 9108
5949 7308
1220 5611
1118 1695
7049 6362
4775 5883
3273 6052
1107 7653
569 8988
7640 4992
9667 8215
6155 223
3601 9580
240 9713
2760 9890
8774 348
3138 9818
2995 6302
8862 8715
4716 3145
1789 9483
125 9014
2356 9639
3998 809
8485 3461
3086 5030
3799 1756
3556 8417
486 4398
4254 8190
6667 5791
5573 9573
3998 1761
4421 4025
4473 9825
6518 5732
3406 1224
1961 1838
2816 6743
145 1599
5456 5179
7282 3773
7971 6946
8948 1810
5052 3280
6570 2638
1215 858
4210 3866
5014 9588
9531 2785
8806 5633
9005 8063
1129 7348
9831 8898
9524 5138
8040 1960
5488 9807
9405 4228
9821 23
2677 8601
3027 4694
2001 418
947 8506
5807 9502
2056 2459
9539 2687
3273 211
8122 7594
6625 9767
7767 880
2248 6204
8367 7615
3541 1103
7494 3783
1695 4866
6273 6210
7603 2590
7030 3604
5326 2549
8211 7910
5603 2001
3828 8933
8744 5666
5207 7315
3006 3162
5304 2871
6280 1301
2045 9458
4904 6794
7515 7690
6724 653
8949 8253
5053 5804
2634 5088
3719 4184
9018 3697
8019 5597
5443 1470
3482 6215
5196 2328
267 9748
8591 3938
5363 9869
2693 4378
9682 1406
3648 347
6798 5713
8450 565
3162 3449
6833 1565
1314 6688
8571 9932
2541 9488
7095 2088
6606 4263
1611 5235
5777 2461
8345 1782
6136 1276
4890 8797
2656 4781
1579 7691
1140 7573
8286 7411
915 3142
2787 7328
4900 280
6660 9607
6046 6403
3738 909
1691 5816
8581 220
7290 2055
8064 4434
3500 820
9889 899
8219 4228
4368 1374
8920 8887
4723 561
4448 916
4958 6159
8099 4533
247 4523
7829 5493
655 5470
8098 2236
5352 392
9773 2701
309 8743
1808 5541
3180 6598
7773 2221
92 1452
4153 9037
4825 4086
5480 8759
6066 3272
3465 464
2970 750
5940 7636
2766 5229
6540 49
31 1865
1522 6550
3387 1278
226 42
2250 5998
2463 5844
3350 6288
3843 2593
9737 9601
6734 7718
3300 989
8412 9868
1697 3140
4188 6968
8764 9877
3311 1067
4951 3416
577 2568
3224 8093
8240 8276
2607 1223
7346 1619
5035 2913
4161 1350
4615 9083
9555 4742
4749 7721
2458 3125
5297 2873
609 3480
5868 4771
9032 4020
8620 7362
8912 9847
6441 1068
7279 839
4662 1398
7127 2550
2045 6585
8528 9396
9823 9567
8849 4863
8413 9012
2245 5581
6034 9531
3932 2250
5008 576
5132 9481
3982 2543
7919 2171
6983 4031
8973 102
1159 450
1149 3229
5334 3283
7312 7128
9322 2025
3821 8196
4384 6475
9616 4144
9807 4088
5677 7893
1332 2046
4771 5978
6383 962
4738 3095
5196 771
9277 4762
3436 6752
4421 2055
9045 9481
4100 3148
2837 1521
6 1132
7906 1642
2541 7253
2437 1208
2056 7753
6852 4226
3476 2400
7259 6877
6185 1584
4603 9484
1949 8985
6865 5447
8140 8641
2062 8386
7725 2548
3057 9316
4970 4629
9757 1642
9419 1991
3603 8053
4971 6258
4771 4198
2935 3623
8665 1431
3632 6269
5766 2902
9198 4730
2790 7903
2198 1630
4570 7059
1987 8487
2077 3682
1688 7829
6153 4693
5937 7160
8343 3373
7443 4961
6682 3133
8272 617
2978 5380
7487 4396
1145 6015
4372 217
6818 8222
6107 4239
4081 6257
6508 6598
4675 7408
5418 8033
9697 7025
1767 4689
9701 977
8182 9807
9569 7588
4665 428
1485 6394
8509 6243
9717 9435
7741 8577
4711 6285
1568 7031
7416 8361
9814 2960
5041 5231
8462 7546
866 4115
9524 5827
1701 7559
9480 8204
9882 8003
3290 7822
2761 8170
1866 312
4555 3011
534 9594
9300 4464
6147 3792
4511 2697
5199 6979
7057 2152
3133 6596
7064 3883
674 1571
4656 10
256 3277
1075 6797
301 1095
1532 3224
776 9067
5308 5375
7012 5256
5760 9221
9247 2879
9435 2946
6376 4248
469 6662
3530 8788
1815 2780
909 6334
2598 8234
4421 1982
3062 4356
9409 6175
8864 7715
1296 1100
2785 6749
4434 4212
2736 2317
7065 9197
2479 1887
3520 8678
9166 9967
6208 8777
3141 7125
8096 6607
8559 2020
5634 1199
3409 7758
3070 9407
9270 550
238 9997
4099 976
5856 9103
5901 9779
3536 7596
2673 8152
2632 9604
4978 665
8883 4848
8254 254
6926 3239
1296 2006
3411 4010
3926 9918
841 8326
8807 846
2 692
2565 7610
3464 4159
4671 6238
891 8744
3392 4237
2390 3263
8538 3433
4994 1221
6971 3314
1176 2615
2078 5257
846 4309
9656 6985
2284 8778
2529 4044
3871 994
8956 9973
1117 1270
8535 5624
882 1364
3258 5583
1384 214
4446 2175
3796 4642
3307 8963
6712 7202
6663 3263
1085 8719
2819 5418
3416 9843
8475 2506
2611 3351
7906 3354
2199 3341
3906 1956
4196 8890
8294 8520
7233 1265
8604 1092
4087 7568
471 407
5148 2609
9618 9035
4520 8980
6262 7957
6962 6600
8657 1092
7549 9099
8687 375
4839 6477
7672 1834
6561 4568
6604 7812
4569 1125
2480 9567
9023 1375
3355 1647
6516 9631
5292 840
6621 2221
8611 908
199 3843
9166 4505
7464 6310
346 2044
7436 6909
8319 9484
4238 2201
1392 4283
5173 480
2214 3656
6367 3274
9346 9651
11 1581
3962 6351
1512 2445
7516 6098
7320 1020
8170 2109
7045 9978
598 6593
6188 5283
6499 7971
3674 1464
4217 4372
925 6186
5706 2031
4333 7166
6174 7181
7103 55
8106 7221
8250 3362
6275 4492
6026 5736
1306 3939
7449 4516
7284 1852
3553 975
6325 9585
7620 5384
5461 6696
2162 4400
833 6225
1151 9095
6258 9828
3854 9153
10000 8531
5608 8813
9108 8860
5221 6998
4568 8769
9335 1737
9927 4573
5215 8427
9486 7695
5963 4354
9956 8710
3712 3097
3107 2646
6136 3317
6629 4277
1222 4540
4815 7979
3021 2871
4156 7882
7466 1780
4809 6680
6138 5645
3088 4518
9728 9666
8054 1702
8319 4424
784 6879
6451 3552
2557 1551
2102 6302
5710 3574
4648 974
7834 3716
4505 8308
8120 3207
235 5869
288 6948
3564 6229
5506 519
3781 9203
5523 1997
6166 3496
8957 4141
6453 6864
334 4181
3423 657
5809 5316
7809 6216
4821 8319
4092 4437
7352 4063
8678 840
4263 9670
3829 2873
3476 3669
1034 6824
4999 1120
7046 6842
6248 7524
8634 2908
4158 5689
2120 1990
9373 1397
9343 1101
6928 3739
5394 318
6585 1560
311 1059
4255 2292
7968 5725
3209 5908
7713 6719
9971 8860
2201 3927
8168 4082
116 9215
4571 8962
8402 6316
8796 1545
3468 31
9441 2872
9183 8047
9457 3126
1736 8495
8790 9222
499 9677
5666 9974
9390 4271
8758 9453
2693 4506
5576 5363
7228 8889
8473 2306
8534 7338
5199 862
4476 7060
2975 222
2560 6031
3934 4001
9033 813
4532 5556
465 5987
5256 4372
6563 3440
9625 8966
9498 31
7933 4701
3653 1849
5844 1301
4193 627
3900 5552
6969 9294
5996 6702
5357 5563
1340 8087
4781 8799
7012 4858
1938 9204
3965 9981
7176 3601
5044 3552
7307 4342
7668 3601
799 5066
7370 6037
6491 4582
2048 7955
7267 164
9894 7930
9071 9889
5434 7503
5102 2248
3388 6351
9610 3254
8049 6513
5972 6208
4227 6911
6240 899
7645 857
339 5390
454 1871
7819 3275
827 7925
5118 6311
3965 6554
561 2904
3735 9432
1226 5849
5053 5128
5512 3848
2874 4162
7104 1841
5181 8812
6954 8274
9083 9753
9090 9677
620 9661
3134 530
2037 8375
3821 6387
7778 7153
644 9659
1875 1464
763 3578
1711 8398
4596 9259
2300 6475
2010 7282
3458 1742
1835 3905
8795 2897
9606 5548
1213 1229
1549 6976
9594 2665
4157 2883
7042 3996
5160 2476
1147 7994
6275 2817
427 4022
8004 5505
1479 771
2710 3356
7209 2444
4923 1424
5640 5690
5488 1704
7451 8516
4831 9813
6841 784
6547 8884
648 3385
872 4040
2023 6654
3434 6869
5001 9716
6979 4996
3383 6913
1106 8862
3695 2741
8770 7173
299 2669
2171 3402
4247 1820
9936 5645
5502 5297
6563 407
5288 2533
4783 7393
8063 1956
6244 5140
727 4219
4471 6902
2919 6105
1706 247
8371 1146
9459 6399
9015 7702
8643 9907
1238 5441
3773 6211
3666 6831
9944 2511
6071 811
314 3248
9281 7572
1718 3327
5109 3510
3309 5539
7069 7845
8869 1865
2144 3023
814 4446
753 7704
1162 9262
6001 1865
6864 4575
2465 4686
6848 4182
2269 1295
7913 5245
6312 9697
4768 9518
4876 838
4355 6102
4710 7869
1030 9669
6693 5156
8195 2602
950 5932
1494 1885
4222 4121
9858 1958
7319 8394
8882 5378
9115 5897
6408 431
2503 5282
9448 4438
1426 8429
4186 4367
7582 6793
9593 1294
4699 1325
832 4322
5833 1781
4303 4981
1903 8002
6305 5345
6200 8663
9277 8074
5913 3883
432 6781
3589 7796
5963 5041
6871 296
8827 4405
1624 5130
7520 3068
5558 7531
1504 772
1557 369
6361 9823
1732 902
1383 3281
3718 2922
5732 3784
2404 380
5283 6758
4142 9663
7488 9077
8948 4544
3017 3283
6754 5534
3242 9366
458 915
7175 2732
2685 569
1472 4672
8761 5861
7282 3918
2854 7697
4941 1871
4142 8890
1565 113
8115 7138
6749 4003
1679 467
9245 5980
740 5876
8780 3086
4659 1640
8730 947
766 4321
1952 9581
693 2018
5783 2988
5590 9433
9218 3325
7792 5627
3739 3919
2848 6591
683 879
486 8080
2175 4396
1563 3737
1815 4776
3164 4552
7686 3534
8530 4660
3667 7963
2040 4540
7174 3267
9721 5481
8752 9065
7740 9555
2178 6256
6388 1877
4814 2894
4314 381
3379 4913
5945 1889
602 8905
5228 1232
9421 6986
7109 91
4478 8438
9054 6539
1612 6107
5649 9567
7070 4808
5224 6458
1825 3530
2069 5375
8543 5506
7004 9169
7460 5407
5866 6138
8712 4491
2568 9135
9004 2420
786 4969
3010 3636
6587 1821
7175 9785
995 599
9327 3113
1796 7896
7494 7940
8951 1674
106 6906
2998 1668
5432 2982
3103 4450
2257 2271
6568 3980
8109 7703
4449 2645
8076 4710
6726 4733
7037 8271
4031 7622
1296 6103
4946 6387
3525 7738
405 2007
9181 8190
6458 5362
5779 3841
6587 7614
2890 6482
4495 8263
2898 7520
9947 2838
4106 99
2178 4610
7616 4231
9515 4086
535 1016
5272 9765
6089 1138
9883 2124
6840 9569
8667 8587
1210 1035
1595 6455
9062 7336
8245 8769
1077 6242
8226 1406
6555 2719
23 1281
7457 5292
9887 4583
9219 8084
9513 8886
4276 6636
7825 3816
6021 3196
715 1844
6607 182
4212 4974
1193 8061
160 2852
7205 559
268 672
9724 1020
3626 2704
4336 6961
3352 8585
4084 7053
6386 9705
2161 2749
3486 9273
3847 6857
4402 6661
6328 691
741 2922
984 8653
6365 4983
1677 8437
3895 7098
5976 6585
7986 6059
3279 7531
8003 5508
5579 9172
6137 1815
4001 9224
9741 5855
8621 7018
7890 6703
6194 917
9820 4772
9417 2272
8198 3836
303 8306
2448 901
6030 442
1776 3975
7495 4302
4166 1380
4903 1285
1261 7880
1870 1078
1660 2642
4346 5635
9163 1520
3225 1569
4978 3664
7126 7412
9834 7362
542 7578
218 9899
3079 9090
5706 7378
5188 4249
5326 1765
5540 6224
1794 1540
6098 3678
7409 9863
1433 2680
8366 403
6600 5711
4780 9221
5271 4699
7140 7761
1474 4339
4156 174
5880 6923
7428 8061
6457 5546
8342 4824
8098 3868
5977 6768
4825 9707
8036 5779
8839 68
8945 8853
4583 8424
9235 63
4905 5217
5964 1559
9040 2183
3594 7250
6351 4518
1285 1490
938 3758
6240 3702
740 8107
5806 8844
2403 2413
156 4518
5610 9241
9334 3019
9434 7798
5718 660
3723 4774
6948 6638
1370 4400
7803 5372
7809 4770
8749 5659
1481 1567
8916 5961
8413 1786
6453 5412
8913 3923
1109 481
4967 5875
1499 5908
8140 2388
4575 537
1531 9936
8429 7823
5392 374
7199 7583
1305 7874
7358 5984
5346 2616
8845 7075
6591 6156
7136 2606
9893 1364
6718 2363
2310 4111
8247 8384
3035 2215
1246 62
2569 7461
1227 9608
5111 5279
1551 8035
1714 1217
5707 8011
9079 477
350 2406
2815 6936
9874 6284
19 2062
2826 1973
4176 8832
767 5563
7552 8772
6398 6622
8035 8900
8607 8068
1293 210
5840 5423
8133 2558
6819 2908
7685 6260
9294 6264
3214 7074
7259 9955
4365 5977
6178 5442
6074 1286
1414 2173
4043 8678
5277 196
5337 7225
7943 4041
7071 735
7356 7715
8159 6150
1583 8771
1529 8684
1517 4500
3361 7835
7237 4505
7693 2395
1141 1868
8384 1098
7759 7427
2037 5196
612 4724
9237 9799
5558 5443
9740 2512
3894 9444
2072 1016
240 9645
2108 3270
9167 5161
1419 8408
7016 444
4172 5615
2812 9781
138 4926
8514 9962
8494 29
6056 964
5969 1783
8327 1130
6812 3826
4013 5542
8591 9304
9116 1387
9909 653
1205 8853
1190 7731
5997 1138
1582 6313
2490 3123
6700 7769
8464 567
6794 3932
4899 9619
4140 8753
891 6808
4762 6280
2190 5939
3035 943
7604 6426
394 3690
9277 9661
6068 8744
9310 8386
4929 6009
3990 7037
885 5081
9115 7166
9879 3386
994 8012
5504 3706
8746 86
1686 1338
2760 1408
2488 9395
6242 2052
2531 2051
8977 3160
4596 6624
2438 7789
6516 2024
524 5153
6483 9442
1125 7096
2515 6022
9766 8566
9915 392
7667 5957
317 3701
6897 5413
7900 1462
3508 1326
1268 8804
5129 5459
592 9396
2555 837
6319 3010
2488 5094
2673 7048
7349 6988
3949 5139
8349 4329
7349 1947
1228 8091
7256 2778
7887 1471
3909 1190
8658 997
2030 6817
3873 9717
1586 1456
1659 4874
2793 6322
6637 665
3664 4679
1664 2904
8112 9206
3819 6859
7050 5361
3322 6672
1148 1690
6296 5626
1374 3486
8821 4664
8448 2522
9364 6123
7322 7477
4005 402
4772 7684
3684 4436
6755 271
530 1326
125 6393
9015 5594
5665 820
8247 6257
8846 3471
8271 48
9662 2303
5954 9589
5328 3594
1181 6510
9718 696
4082 7331
3327 8460
805 6684
5793 8680
9996 6705
3880 2156
8823 3952
1123 1376
4872 1166
5661 4552
7728 5250
9310 3976
7846 1646
7498 3076
6054 5663
6635 586
6277 9670
1906 3280
6718 144
944 9438
6444 8272
7366 144
6794 7381
1954 164
9234 9123
743 9250
8092 8836
4094 3536
7218 4879
2376 7237
5252 7710
9245 1366
2381 1834
3454 5326
5873 9153
5322 1018
851 2144
4739 6437
3993 1591
4129 2917
9198 4760
3062 3990
7925 5087
895 2535
8136 2328
3684 606
2688 7183
9800 427
5911 939
3646 7583
1723 2152
4852 2749
2220 9777
904 4154
3385 9861
5974 5141
9210 5487
1212 991
9707 1224
3885 3950
1696 7442
6946 3834
1123 8774
5639 6482
7732 5239
9851 8465
1687 4008
4405 6188
2113 4944
3784 7664
880 6674
7284 9279
6022 3222
2341 9185
9837 1482
4349 9775
6624 3130
2218 51
7909 8797
9997 6786
3845 6519
202 7879
3248 3137
7152 665
2404 5254
9275 4376
7220 4366
4023 2094
1316 6992
4731 8234
8276 7981
1324 9784
5982 7036
4951 8698
5903 7371
739 8495
4827 6219
5670 5083
5914 6027
8633 2210
9013 4459
4463 8089
8054 6453
2606 2025
6816 2614
3168 4976
4115 4270
5072 6214
3877 663
6769 3425
3939 983
9733 5247
1852 7370
173 1677
2578 2417
6755 9048
811 3463
1606 9432
3286 5772
8236 1981
1418 8029
1339 6964
6475 7576
7153 7820
5034 7210
7624 6736
39 737
2221 9837
202 9704
9261 7264
6270 1155
4838 970
2466 8064
1534 3017
1813 4293
609 2128
2376 9657
1730 1645
1407 8232
9346 8247
7181 6162
5477 7968
8531 2904
2352 5328
4022 5827
1810 7641
6283 4079
1522 1803
3847 4198
6924 2240
9729 4288
7211 6881
2614 1074
549 4774
8562 6347
6260 9211
8656 3611
4029 5756
932 7789
5256 7501
5993 7467
540 116
1279 3871
5975 8151
9046 7575
7488 2453
5111 814
471 5786
8966 1969
897 214
5236 5851
1077 6041
1695 7106
2537 9417
3948 381
8197 9499
6956 7366
9258 7899
4289 9904
291 1005
9770 7215
6313 9137
8853 7274
2592 667
2711 3944
7893 3393
7489 5448
2518 1159
4286 879
9947 7664
5501 9364
2015 329
3191 6925
5965 1479
7690 9740
2057 6928
6550 2977
763 5146
7650 2451
7437 4627
7197 6893
3389 1637
7746 9969
342 97
9280 728
3677 5801
1935 7911
5065 7167
3512 3632
4223 8019
4041 1319
1243 2793
3791 350
3905 7125
9035 2264
7711 1554
9510 7094
2436 8460
7569 4346
9248 1606
4411 1633
8161 377
6456 6671
3422 6011
9569 7116
7734 2015
9602 6051
4409 9659
2837 9990
4129 1210
2824 7719
9874 4526
1440 4482
1159 8243
3634 4256
566 6875
2068 605
7692 6778
455 4833
9804 2334
6224 4715
9393 7558
5058 377
6216 8904
6883 5516
1413 2332
7306 2668
6808 2448
7866 4414
2569 5469
91 9580
3502 700
2513 9906
1965 2750
34 5471
9348 7445
2177 654
2474 7675
6361 677
1633 1913
4943 4882
8853 8300
1844 644
5824 4909
9608 6803
516 6975
4753 5009
4933 1068
1350 3878
6664 3648
2526 9584
9633 4661
3028 5435
6426 5598
1953 8515
3686 4389
9567 5769
6171 2242
4882 2729
8915 339
1488 4957
3439 4052
2588 1658
2310 9093
2250 6901
9816 4194
4729 5355
968 5439
373 7587
886 3841
3658 9549
704 272
6350 8210
459 1680
7910 267
3355 8234
6848 1454
2 4722
1291 8578
1552 6119
7968 5417
9111 5360
7753 9808
8461 3771
4883 495
6826 3641
3364 6359
9840 8516
159 3502
7888 3982
1635 2673
4931 1819
1312 1713
3929 3744
3675 657
2877 5267
114 745
6898 1908
9683 5151
2250 3510
1035 1851
8177 3796
401 5864
8445 1370
4624 6898
8272 9873
4973 9837
1053 4727
472 5732
7752 2405
6896 9239
4700 6294
2036 5500
7548 9012
9409 2582
7552 9838
1612 6414
7321 5207
5311 9123
1415 4820
1807 8546
6622 2761
4346 2427
2798 8641
4920 9708
9722 4557
7940 2814
5328 5232
1545 5923
1443 119
2664 7314
7090 6083
8143 9528
5706 9300
6221 6937
2711 4923
1928 3875
950 3615
4620 7073
4008 2848
5261 6598
3998 5944
2359 9623
4481 4390
7486 7225
9772 9060
9355 3185
5119 2903
823 8416
4577 3099
4137 6793
3417 4596
9633 6005
8109 6901
7180 134
2572 2804
1092 3440
8355 9744
433 3710
578 1813
2709 9202
8848 4437
8355 7574
8197 5372
8558 310
3915 1618
7250 8552
8949 5734
9344 4182
1854 566
6831 2861
632 9426
7937 8875
5214 5837
1467 649
340 6871
222 3884
228 7824
2995 2990
6507 8185
9607 9270
299 5292
6564 6745
1901 6390
9215 9720
635 9682
883 718
6871 3726
7622 9716
5503 3931
8322 3525
3497 5872
7528 4407
3590 114
5383 5799
2251 5067
1190 6307
2688 4828
1640 6402
5718 5167
5183 972
4163 9787
667 7622
9984 9190
7407 9305
8432 8905
3960 5198
3766 5170
794 2544
4949 3376
3433 6697
6213 6046
8083 9359
2955 6903
3102 6674
8601 7059
8263 2204
1982 9699
8095 6268
381 1893
5613 8271
2169 3040
1828 5415
7992 5068
2042 6571
3651 8254
285 4380
811 7780
7642 8411
5461 3783
1990 8392
8620 8087
6044 7265
4570 3660
4998 8594
5691 5444
5261 774
4391 5010
5356 2536
8865 4093
2243 6
4362 7473
462 730
6097 8027
4148 8630
9766 9591
2433 6632
564 9350
3779 6052
4811 2362
1130 3965
5708 9026
5326 4535
1224 643
5728 8548
8217 4230
252 4049
6753 2208
8400 5673
1124 8222
8539 2926
6004 2578
9409 8239
9068 1349
3731 2735
7366 1659
7075 1070
616 7683
8182 7906
4333 1576
3664 4524
2051 7161
9550 3796
7790 3041
484 664
6495 5418
2327 6
6419 1039
2019 1775
6727 9613
9462 2511
2253 8689
4355 6962
3861 2570
6804 9873
7289 8347
6295 5462
7715 8335
723 3109
3971 6867
8696 8353
4215 9314
2365 1728
5956 2230
9305 511
3841 4944
8430 3469
6132 5079
3314 6516
6417 3062
1513 1836
3149 1210
2624 3436
7107 7443
9992 3074
7636 3869
6435 370
8451 2802
5661 3606
103 2361
9938 309
3697 3722
1769 9723
7279 2140
959 7752
6944 3584
8660 567
2996 8563
4502 5174
3429 6660
8756 2138
5713 4883
8263 4508
2066 5950
8820 9925
9616 738
9527 1423
9674 7378
3531 2218
2804 9162
8005 6895
399 2717
4289 7255
1919 8632
3837 5164
7201 1800
4648 2014
8465 7025
3929 3091
170 3785
8615 778
7850 6166
4774 8160
9063 9532
9105 7903
9803 7802
1473 3089
4103 8823
953 5728
9600 3713
6411 4695
5764 3069
8295 9118
9491 7753
6597 3983
3594 1332
2301 2878
6362 2038
9014 9555
9261 1184
246 3957
8986 1372
3964 9847
1876 9426
9234 1743
9077 7372
6546 6347
2985 6052
4633 1984
7919 2944
6534 4066
4587 7619
7223 9070
2492 9295
6011 8057
8454 9140
5106 5209
5774 1173
9217 3582
9929 3205
8857 3864
3938 332
1076 5766
3536 7680
175 1388
4664 5849
5496 3798
914 954
8968 1105
1555 8492
8797 432
7145 6067
6213 5295
3627 123
6316 5345
6428 9984
5999 2258
8992 2622
4254 8886
3011 5924
8691 5010
6775 8420
3349 6737
1682 5699
1871 5432
9795 5486
2954 7992
346 5504
7616 7011
2725 7282
108 645
9326 9140
3751 5616
7187 3827
4294 4670
9059 489
6646 3826
2418 4122
1377 9492
5217 4787
3097 8773
4444 2291
4300 5369
7316 8776
8170 8708
7769 9340
3564 3209
20 5801
2511 7984
4037 2558
6096 546
8171 835
5179 6541
3031 1043
6780 112
1398 512
7819 498
2927 5608
3720 6420
7518 2336
4373 7774
6563 6139
7847 9600
8139 3924
4670 2240
8138 2961
143 5343
4895 1594
3679 4532
3979 1108
6908 6973
6287 1239
1548 6415
7536 7882
7243 805
4948 338
7592 5266
4072 1712
5869 8579
2425 3885
9059 5647
2493 2888
6494 5554
8246 364
1717 5746
6789 1825
9642 7876
9882 642
7579 3063
5196 3613
4756 4607
4646 8741
4417 9703
6559 6048
607 5936
2076 6282
7635 6895
8530 2428
4929 5667
3003 2430
4124 754
8702 3520
8484 6584
3289 1413
2299 7161
8653 6871
1206 2086
9472 2798
3279 6518
8265 2554
7523 4763
8761 1986
1882 9042
4332 1590
5209 9695
5210 5027
7269 5593
2611 7436
5947 6531
9317 7359
9014 7734
7282 9806
1776 4608
2430 3716
320 232
8205 5512
4188 4088
5824 3452
4638 9630
4346 5389
3032 5413
7793 372
1737 7328
1415 6571
969 1768
5053 1731
3257 5842
8601 8804
1852 3241
9739 1523
3791 1960
9217 4939
9923 4927
1000 1133
246 5808
9127 6209
453 3043
2410 6107
2008 3404
6642 7333
2795 4663
7720 7103
1444 6280
9780 2606
1402 6487
9391 8820
5994 9856
9857 2593
4108 798
795 6857
9345 3752
6762 1178
4800 469
373 8282
3456 7288
6877 9997
6998 3296
8427 7312
1733 9996
2432 5163
714 1294
3426 8664
8309 5151
329 6882
721 9200
5954 7957
928 3518
1183 8197
4469 6506
3653 4586
1519 9256
7970 562
4119 6876
3697 4552
356 472
511 5671
3584 9400
4614 7346
6490 7830
5096 7206
4581 9851
5995 6870
2764 6444
7557 2791
8256 637
2816 8146
5148 3263
6232 9705
8288 7801
4086 4443
2998 6626
5729 3987
261 6021
709 5369
7250 7266
8794 7997
3524 2894
5919 7168
1810 7556
1076 9535
1986 2327
5399 2083
5477 983
5736 2208
1856 590
3813 9026
3331 210
3543 1373
93 1705
4825 2145
9393 8761
4036 6746
2726 9831
9250 6450
7814 5361
6568 8930
1566 1040
62 1307
73 1171
1324 3325
7723 4951
7686 4056
8505 5950
7008 2256
7432 5489
29 3246
8920 5453
7753 5081
9702 8022
1438 512
113 9082
2104 1631
2843 8353
4718 2997
2071 3972
2700 5215
3728 6823
8694 4794
190 8793
5459 2298
2561 3450
548 8756
2394 5538
4323 1129
9491 6626
477 1455
1135 3026
7742 6581
7066 3683
6609 8093
2314 1027
5304 8197
8883 7277
9685 1448
1311 5504
2547 3552
9831 7574
6301 735
3006 9260
2886 1157
8234 4698
1765 2906
3294 6994
1072 2228
4992 4380
8800 5689
3519 941
9148 4984
3858 1912
4598 1688
3954 3222
2962 7895
6592 8249
7029 158
307 5783
6389 4507
6930 2680
3933 6116
5586 6213
4798 159
3221 1513
4754 1615
5729 104
8000 8648
9372 5435
9415 9911
9581 8085
805 5405
3742 1068
1713 1861
1039 3817
9148 4502
7989 9787
8483 5065
3189 960
9313 6741
9244 2153
7829 3726
6156 2204
7627 1894
699 5491
9386 840
8556 6076
2654 8562
5902 3565
4880 1642
459 9192
3594 1036
4002 8929
5568 3071
7383 6467
5757 2227
6249 6932
9755 2409
4286 1248
3773 2395
4346 2745
2491 3900
275 9501
7640 5774
8591 3202
9527 3737
7214 4042
1043 9528
7072 5282
913 564
6504 5430
3363 948
1629 944
2113 7334
972 6827
9321 1832
6635 7827
8280 5733
685 1184
2259 4912
2564 5147
7159 5007
7218 146
2840 3665
7127 8155
6794 8732
2071 2420
3031 5161
2384 1950
6423 2140
2639 8167
1957 914
651 6085
4499 1702
9239 9211
6627 2222
7257 9196
8256 6024
9254 8104
4933 9317
6197 7171
9701 1777
6654 2873
5519 7697
8406 9013
919 6418
5331 8108
7942 4805
9023 9930
9168 6722
775 4522
2870 2525
8547 6436
1152 2241
8274 8241
1925 1599
8567 632
1877 5532
3679 5358
7689 3375
5746 1419
7646 2114
6958 8017
5513 5459
1525 4751
4606 718
8955 7880
9446 8386
5226 1205
6205 9895
913 1261
9241 6031
579 4466
1426 57
97 4225
5835 4319
728 6085
8141 4022
8895 3411
8260 6544
8777 3881
914 5296
1219 3598
7327 8639
2250 9032
7989 1384
4011 2855
3659 8219
9382 8932
9260 198
8931 1921
2281 4110
1894 1014
6013 356
9379 4522
4272 6309
5649 319
2331 9625
5571 481
2714 8694
3582 6787
2298 4076
6942 6618
4757 7037
2739 1317
6016 3822
1182 9583
7297 3604
3828 9014
9691 197
645 9488
4764 9370
9092 3981
3122 9133
7382 3512
9664 831
6011 3151
4334 1392
1687 2981
278 9779
3663 9748
6545 8411
4634 86
5496 6766
9226 2324
260 1022
2267 4006
5319 1745
376 2431
1802 2786
5174 5012
4341 8177
829 4484
9046 120
4995 8106
370 1541
5100 4164
8479 9856
7985 1229
8882 5404
5491 1770
719 8291
1016 8325
1518 2390
8939 1094
123 3666
7864 6722
6111 5490
5666 3349
9456 2465
1295 9191
9189 2833
6955 5506
5521 9501
2461 5431
3665 5814
950 7706
2429 6231
3651 6868
7126 8229
7442 5377
3867 4167
758 5668
2757 6043
4115 1357
8887 2461
9403 4389
4669 1335
3960 1810
3127 520
3252 2963
7333 1343
697 7538
4833 4001
5760 1800
3977 3969
5699 3204
3417 6880
9545 9047
5649 2748
2080 5603
8353 8227
7412 2167
354 6955
9209 1872
6638 6171
7878 4817
771 1321
4857 6932
4348 3178
9501 1202
7558 1681
5618 2473
6001 1078
9022 4790
923 3340
1339 3498
9648 9896
9898 3388
9273 3560
3191 4958
6633 5246
8640 5803
2385 7029
4136 5870
6692 9890
1458 6689
6126 6154
6925 7111
4819 3657
1205 5352
7520 602
1025 7731
9411 5542
2162 4320
9746 1693
8096 3820
8118 7611
503 7094
9687 6635
832 6430
447 3900
6641 4619
6014 9794
3852 9725
9031 9873
1653 1063
1574 6980
899 7866
5990 554
5179 1569
8814 136
5737 3607
2433 5039
1228 4527
5270 787
477 4022
5675 3343
7610 3428
4769 6381
7621 2687
3033 5563
6818 9944
8980 3334
5272 5799
906 9346
4846 6770
2781 8708
4178 3610
4607 6702
3176 38
7671 7909
8197 1245
8492 3590
4078 3944
2458 9550
3560 3699
5085 6818
4711 8746
6953 6279
3744 7004
1726 5506
8812 2631
4016 5150
8919 8149
4182 138
3493 2998
2556 5547
6801 9473
9420 8436
9346 9541
4671 5917
5825 9778
3432 9763
8068 4297
9173 7085
2677 3968
4802 9878
2110 1699
3873 4179
5021 6630
5260 2476
4240 8705
7244 8345
492 5530
7033 3864
4585 7522
3510 1477
6327 7108
867 2494
6195 3607
5711 6549
396 8892
1199 8413
6447 8977
7465 3680
136 8077
6744 6896
2371 5059
8850 4893
4676 2573
1024 2375
4150 618
6149 6844
3906 7383
4462 732
919 8710
5491 9716
4668 5257
6918 2644
3914 6322
8554 1212
7240 7547
2999 7481
336 6123
4048 9303
1229 7717
2718 3624
6777 9456
9408 9518
3841 4637
7874 1476
29 7482
6238 6456
1313 7179
9916 3177
4981 8434
2487 7892
1265 4697
7791 8201
3772 7779
3226 3607
6163 2038
2729 1331
7985 2936
347 9758
3915 4651
6327 3984
2787 8011
445 4880
7383 255
9574 4852
5371 2870
66 5421
3382 3980
2349 5717
9976 8302
1784 9431
6281 8004
2834 4155
8088 3733
2690 514
4138 8152
1199 1929
6141 4817
6347 6253
4329 6686
7832 1576
6755 5848
1811 9605
9784 3251
4607 8163
3118 9145
1172 1036
662 5947
1688 8224
5253 2456
7074 9016
4127 4574
8822 3489
6246 8443
2715 7049
9596 8257
4803 9552
43 2183
6640 4347
6167 8599
8246 3258
9547 6996
9092 8554
8946 7784
6804 3606
9918 6558
6002 2283
4003 6809
7896 9692
6804 9338
9144 4572
8202 4127
400 2871
3493 2936
7260 3532
6930 6130
4421 8333
688 7862
1503 5950
1386 4254
9839 1288
798 553
2705 7048
6502 1102
3212 4290
9302 4331
3686 9367
7350 4953
6609 1483
7531 7532
9707 8798
817 6252
8135 8413
5266 6728
4178 6473
5124 2499
1263 7363
1518 5580
571 5364
1383 7957
1908 7316
729 4518
1552 223
5740 2480
7963 8975
2659 7664
7384 9002
368 7545
2456 4913
2021 4695
8534 4426
1204 4187
1622 602
3443 7829
3268 4794
3710 2856
2793 9770
2683 3218
384 4211
1602 4697
5337 4408
8750 1296
1553 4924
591 6235
159 8472
5291 7669
2188 4013
6695 111
5204 3205
3418 6075
3037 114
6754 1572
8170 643
8896 4057
7777 4580
5335 8644
9233 9190
4828 7979
2696 8698
8597 1317
9733 6827
1714 9998
3104 5482
3955 1118
2924 5688
7071 2827
4052 1859
5348 5903
2764 9835
5588 479
7908 3474
7351 3877
1903 3025
109 5773
1861 2853
4949 5073
9360 45
1550 38
5459 1179
1731 6546
6441 860
7855 1437
99 1924
7884 6339
9359 2078
4867 2452
4042 5058
6030 1424
2338 8707
5537 5632
9515 5678
4100 3158
8301 8328
2526 2931
6515 7740
8403 9646
7878 1485
3297 6637
3564 6600
3959 9010
8156 9922
434 8462
3966 9511
4618 6137
8311 4889
742 9413
3861 6456
3947 4931
840 1446
4190 5636
6270 992
4953 3030
3010 4199
9365 9372
8101 2990
7388 9619
3039 564
6445 9781
7069 7899
7891 6386
4611 4497
1318 5287
5538 3747
9550 943
637 712
8138 3019
6689 5997
9386 2270
7844 4329
7807 1849
8095 9489
7819 9513
3405 7578
2263 490
6468 1208
987 2664
9114 4948
6958 7617
5292 4564
360 4670
7774 9373
8713 5114
3966 7928
3336 1757
3746 3873
3050 3454
6447 9894
1839 5770
5456 2017
4996 2112
2347 7491
5267 1877
2847 1113
2627 2393
2408 7413
4494 3969
6682 3141
4009 6844
2569 2545
3910 7620
417 1136
5556 5003
6094 5000
7067 1584
9817 7281
324 2722
3908 3829
7144 404
7439 8453
4925 3568
8744 6669
7786 141
2294 3770
5016 7458
657 9720
7348 6394
4137 5420
4234 8655
5880 5566
7381 8568
9109 1655
9184 3067
2252 7392
805 480
6532 5698
8082 7430
3563 558
3207 4641
1112 666
7121 5494
7956 3996
9579 4794
1138 541
7325 1721
9575 5127
3024 8103
8915 6608
7610 2632
3550 2155
8025 150
4588 2377
9479 8203
5393 1279
1051 3439
907 7400
8314 3517
6665 9309
5193 4304
4047 4634
3596 6918
469 9628
3374 4848
7795 3300
5688 5396
5749 3026
7849 7749
5874 4055
1818 9722
7261 7327
3357 2412
6866 2679
215 5105
9715 5182
4173 3107
1765 1871
3857 3357
2723 5177
8840 1452
3928 5584
1698 7441
8633 1800
1803 2920
3359 3359
2155 5675
8346 7389
3932 2487
4416 5581
532 2449
7500 9345
2438 6312
5893 4500
1550 8832
6567 8865
4898 5047
6024 6195
5880 5086
5864 8680
6432 2339
1831 2763
8078 6692
8655 3543
3930 5672
7511 6667
3536 7790
8821 7153
4431 4319
313 4146
6369 9016
2945 4653
6373 578
4197 1411
2816 7632
4828 4061
8607 2115
2285 3116
5833 2505
60 6194
6930 8411
1931 3143
5179 5020
2059 4808
3126 3477
4952 556
8350 6504
7501 6830
8157 9140
5879 2457
5113 8482
1252 2640
6660 1667
3809 7817
8519 352
343 7613
2466 4268
1138 7340
5085 4382
7677 4885
5796 768
1831 7615
6550 9342
1970 5800
6897 4166
7865 5165
444 56
456 9612
7489 8775
2045 6462
3053 6022
6356 968
7441 2226
7492 7098
4265 4261
8512 6488
4934 8156
5267 7484
4167 996
1361 1837
6936 8337
8209 7789
3771 8957
6289 4951
6170 5382
8563 5346
4110 3393
7634 7433
1373 2211
3564 2748
8812 2722
2756 4776
4072 91
5021 9988
1423 4604
4456 6185
4423 1592
7739 6524
393 2371
8060 5156
9270 3612
1303 3201
6022 8604
7788 9008
5705 6782
3666 1514
6854 3260
3271 1001
6175 8898
8306 2830
4452 2850
2024 517
1130 3275
7448 5177
9511 4746
7291 1010
3344 3530
4201 6094
6737 1377
1907 82
4459 5094
4615 4521
561 8276
5779 1921
828 3763
8060 821
5407 307
603 1858
8888 6384
8613 6960
5209 3238
9261 453
705 8678
5097 7148
491 4142
7450 7829
6030 6790
7593 2544
9402 4460
7537 4690
2836 1219
1719 2559
6749 6724
7886 1220
9752 8641
7432 6572
7064 7009
4474 2281
8418 6813
8752 8586
9209 969
9273 4192
4955 581
6245 7181
3324 9757
6701 1726
5593 7212
1103 5541
2816 6590
5230 6015
341 7895
3509 8717
5913 1588
5884 4427
2754 1336
6177 4621
8058 1400
7784 6479
879 5435
1360 4886
8011 1865
5553 7558
8808 706
7744 9923
1548 1716
412 6397
2088 4983
9228 6865
3474 3168
8490 5685
7045 5864
6795 2187
6420 6664
3284 9284
4860 1046
70 1712
3806 1134
7991 7063
9597 5316
4526 2505
768 6946
9282 8417
4468 2139
6184 9227
4799 174
4563 8751
4066 7858
8370 2368
8947 9112
6729 4475
8423 9471
7060 2264
1315 6131
3154 2671
4463 8839
4579 1042
7901 1739
6062 7590
213 3539
8527 9602
6308 8912
6171 590
1821 7619
7358 6427
8779 5344
9085 2154
5391 6079
6237 3302
5671 3359
255 3158
9942 9502
7289 773
3656 7296
5581 856
2341 2796
7984 997
2881 6591
9325 1222
5858 3889
3723 4145
9300 3826
6528 8498
6331 7497
5917 7762
3777 5794
3882 6187
8172 6686
5047 3098
77 7489
7888 4529
1137 973
1203 5279
8669 9232
6503 1303
3577 1946
7003 2878
5314 2490
6516 5639
2876 3976
399 2473
9225 6028
2274 6384
2203 2297
5646 895
884 9006
3663 4655
4819 3826
9899 5750
3728 4104
195 2646
2814 4717
4449 2620
8224 1548
8475 6280
2950 6522
894 982
9471 4422
8494 7080
9314 5797
5780 9896
7181 8627
5575 2137
3186 8452
4498 8549
8715 4463
2304 4564
561 4139
646 2300
9122 6139
4274 9437
8585 7870
2470 4279
9708 8664
7714 656
4864 498
9429 2015
2877 8661
6118 1041
6786 4568
4019 2188
5299 1597
719 4336
1530 7861
3463 9539
5456 3685
5068 3789
2508 7384
9587 2618
9426 8285
8858 4923
1025 7857
5773 1530
8800 1778
6218 6450
833 5508
6818 3926
5748 3028
6515 8897
432 9802
5883 8108
4086 6318
7971 2621
3638 862
9363 3724
8382 4607
1337 5553
4135 2420
1758 939
3980 8304
7186 9476
5944 771
5322 1064
6938 3869
5202 1195
9842 480
8074 8094
840 3186
5283 6045
1841 8612
7423 3610
8076 1724
4988 9552
6679 4034
8277 632
4516 6664
3663 5799
5217 7926
895 5887
4779 4925
1088 7735
1591 4684
2937 7117
4070 2011
1155 1981
7845 4744
1359 1821
3905 258
5658 4477
8270 426
5076 7348
2181 5542
2198 7093
7602 2931
2220 5003
2869 6518
9481 7027
9627 6260
5247 9547
629 7329
2434 4577
106 3602
3757 2309
9708 9848
8577 3652
2682 2972
7887 4995
8692 7986
4087 2337
6797 8759
3722 4511
753 7629
1670 8678
7660 1049
6472 8384
7618 5644
1299 1943
6631 7727
1140 9514
3331 5519
9381 2672
1367 5038
434 4365
9665 445
5878 2455
4516 1198
5537 7635
8518 9676
5300 1803
9437 2281
7814 3662
9478 7731
760 9558
8490 2973
342 7686
9768 5760
3436 9111
8391 5451
8003 1659
3117 7835
4112 8857
7283 1612
3723 7803
21 1232
3430 690
2485 3587
5133 5855
2692 9983
5841 1506
3661 5948
6033 9684
529 3112
1956 3823
2265 2457
3610 7021
2681 2869
9759 9519
7836 7375
5928 1924
6258 2836
1882 5367
7490 3408
6688 1769
5559 9733
4779 3315
9051 3876
7763 4331
3466 9036
7572 3361
1478 1357
495 9286
9401 7880
4259 9348
6442 6188
9232 2525
8756 49
269 3896
2604 5357
5304 5693
4682 5944
61 3976
9009 1124
8630 4734
2687 8380
8257 7617
8965 9762
2657 2429
431 4085
8906 9392
9899 6121
353 5986
4479 5441
5471 887
4125 4698
5722 9963
8369 6149
9648 5279
3100 1967
4493 8240
8300 9175
8311 4448
1518 1027
9114 2489
1190 5647
970 9480
6043 5793
6482 7709
5841 9510
6315 5346
5366 2745
96 1710
9136 8783
8897 4584
4101 9941
566 4167
5578 3480
3511 235
8534 7999
913 1287
1161 980
3945 5738
1879 5405
152 5318
7906 1022
4197 6895
5502 9300
2476 1945
9983 8841
3444 6502
4077 8743
7567 5760
8225 7473
5272 5071
1028 3095
9806 1326
9601 7687
223 5207
3956 48
7491 6883
2259 116
6848 9621
4835 2462
1789 6903
7522 5897
4446 2883
6455 9014
6230 1713
325 9825
879 1273
8497 5431
9851 6687
7589 4506
2575 5285
6997 5435
9686 7063
2015 5934
9438 1852
6706 4096
1969 5097
9028 8681
6636 9562
1897 1209
1767 6469
3675 3398
9515 7969
2841 1498
1635 9701
3589 6293
9172 8845
5288 1469
8846 2475
1752 5277
6910 8490
66 8300
9369 4111
574 2926
4074 2682
1236 7524
9166 8746
5106 7040
6109 6341
4545 3276
1907 1709
2468 1185
9541 667
7859 4824
6315 6101
1897 5886
9825 2117
8807 6584
9848 3559
6325 3140
2087 8177
9719 5905
2863 4975
9954 1374
8408 1376
1162 350
2213 9463
7833 2834
6612 2822
4690 3192
3930 110
4660 7579
4314 5296
3260 6823
9116 5296
3570 6830
8112 9241
8572 2029
6326 9289
8511 3273
5678 2486
6052 756
5181 4290
4234 3807
6328 2372
1209 1847
5386 9006
5256 8749
6632 3958
3208 7206
8520 9587
10000 9597
9020 7747
1855 8655
6144 7479
2673 8337
2550 7244
5074 1148
8594 8075
9446 6844
5799 7993
5515 4926
6703 6226
7269 1506
3155 537
671 4411
8261 1847
1188 2861
5546 4156
169 2092
4101 6700
6230 6578
4801 8537
2778 9500
9231 3287
4422 5868
9108 3284
318 7301
6493 5704
1685 3252
9017 4024
5188 3495
5224 5771
2930 6683
6982 8552
6729 2526
6281 5277
9586 815
6590 7576
7467 1116
4162 2536
2314 6457
1223 5580
9935 8019
9877 6734
4183 3434
9809 754
2201 8167
9284 4696
4140 3924
7082 5909
8109 6554
53 3918
4194 5292
2522 4558
5226 8676
6466 605
5039 508
5329 4965
3177 3075
4128 5577
244 9580
3982 5935
9858 7737
2936 1327
64 4653
6298 3430
9551 4334
6540 1975
8739 7538
1344 4516
3076 4212
3198 7588
7078 8304
5240 2407
6472 5803
4874 700
3150 1798
2796 6271
1451 2673
4220 31
8935 1623
8547 4658
6518 2770
3232 9775
6059 2296
3169 6301
1314 6028
4023 216
2532 9295
183 2017
6355 9686
9120 5664
3841 2700
8403 2435
1509 2002
4987 6514
9732 3143
1229 2259
9233 5487
7756 7495
4744 7913
8215 3240
6365 8118
9928 8932
7678 3216
6581 9317
99 7797
5749 2963
6249 6373
1252 4165
5695 7432
8380 9535
4973 929
3977 3681
1086 4818
5479 9938
1734 8002
282 2993
1113 2109
4493 2453
621 9304
2155 6488
4736 6012
6368 3719
7536 2311
977 7175
4401 6994
6391 2002
8933 8655
9947 1016
1474 9630
5026 6816
4462 7524
3892 9864
2378 4174
2016 4229
5342 9758
6868 5732
5428 7155
1937 1745
1261 3815
6747 6453
928 9946
8507 5687
2045 2698
4996 9434
1342 4642
3972 6312
6288 5587
4293 7380
6300 6723
5740 4154
9295 4893
1203 1787
1011 4217
9278 2953
7476 2698
9626 6309
6565 3018
8357 6591
726 3833
4570 5888
8575 7963
5049 5244
2712 8821
9787 1532
4881 8482
7489 4374
598 7841
9173 349
3296 8173
9206 1647
6281 8038
6354 903
5715 3659
2293 7067
2690 1264
1062 7037
9323 3577
4161 2941
5878 1326
9991 9599
3056 67
8872 1329
7889 4460
2748 6252
158 6099
8704 2799
6904 7781
8631 5181
8527 4504
3108 9595
3150 8907
4810 9684
7122 7380
9812 4195
7954 6442
7650 3695
3234 8223
2307 2070
1062 5756
2779 5790
3789 314
8680 873
26 5504
9567 5820
2294 9284
3880 5720
7607 6571
5709 9543
1452 1910
1185 8903
2609 9580
3938 7560
5625 4048
971 3285
4663 8565
2542 4577
6874 5315
7096 4746
5064 680
3725 879
6784 727
3597 4684
4728 4278
4814 5674
42 3295
392 5463
1379 4691
2492 8461
4476 6744
896 7240
1460 536
5106 313
7658 2991
6280 7335
6404 5823
5060 223
6705 7726
1252 9957
9538 779
1907 1296
1272 3700
3553 8818
3512 8445
492 2510
8726 255
2344 2526
7707 8311
4736 4694
1435 3547
3669 7525
7231 667
4937 4625
882 4321
920 7162
1688 3785
9792 5670
3905 2356
8276 9017
9694 3816
9228 5157
9072 5758
612 4673
1674 3888
3507 105
5780 6132
451 3139
2286 1884
7947 1260
7730 2487
4089 5022
3253 7390
8072 1359
8130 9019
4179 4991
5196 303
4131 8408
8696 2032
8538 7069
3120 5104
8583 4224
978 8900
4997 2890
501 3058
1928 13
951 9045
4399 6829
7760 7513
4448 8633
8683 1848
3639 3385
2949 4035
9823 4596
9519 9104
5321 4643
6451 7438
3311 9750
2140 8320
1746 1055
687 5950
5811 7803
7211 7836
8844 6867
4023 6841
4760 4226
5188 4713
7738 3722
9418 96
3628 5633
4405 4948
7219 6477
3290 7760
7511 8428
7740 8769
1281 1230
6940 1995
7257 8611
4020 8870
3621 5119
5263 1462
3797 8980
3005 4027
2709 2225
5790 3062
9445 283
4429 8209
1383 1368
8774 3800
5436 1478
3931 1051
1115 5764
8254 29
8759 4724
3443 648
5919 8208
9633 2210
1910 9344
2526 6722
2638 6169
7816 3285
4488 3311
3263 4576
328 2018
6540 3951
7600 7048
5887 2655
6809 6821
5833 9365
9558 8276
1287 2630
4965 1669
3954 5649
7972 7354
4422 841
7194 3230
3377 7317
3970 7646
643 1753
8944 1605
4265 8375
7177 8144
2190 315
189 4362
2633 802
3621 8298
2790 574
8327 2860
8342 1786
689 3501
6942 8350
9830 1684
4432 8263
8584 6549
6458 2853
838 7861
9284 8557
875 5304
3818 530
5955 9742
1464 5943
6877 2605
9169 399
9114 1019
7818 2655
5952 7027
2691 9995
3185 5723
7059 7393
9319 3135
4893 7638
4501 777
8162 9151
5011 2869
6707 5883
989 2781
3686 3564
5912 3097
3350 3328
1475 3512
7383 6410
5396 7216
4383 423
3154 1071
3860 8799
9245 6286
8026 8536
409 1885
9375 9240
7857 2997
7535 1310
6110 2840
5878 6743
9820 1395
1578 5458
9650 2309
7968 5373
9895 1315
6986 6307
2259 7736
620 1980
8791 4709
5759 5912
7060 2022
3590 3262
7474 1102
7979 9776
1020 3439
795 4156
439 8338
8275 158
6051 884
2747 7385
8064 3824
8621 7306
708 7009
9640 3325
9119 5424
6924 1731
7444 6933
1999 1276
2960 9189
2143 8050
6498 341
7770 1176
5594 5976
4407 7685
7957 4537
3280 441
6840 9917
6910 3033
2229 5721
4128 7158
4328 7389
7529 9386
3946 7991
6074 4845
8034 1561
7246 5836
2581 405
9305 5096
5120 978
2932 1097
7718 6164
3862 3938
5571 9199
7997 9330
7472 6131
2388 8688
1725 6577
8625 9315
4744 8736
4803 4543
3001 5686
1191 1160
8261 362
3132 2718
8524 9570
1677 3999
6365 3807
5903 3780
9342 3455
8537 5203
2351 1212
6913 6560
4298 2803
2562 4248
5684 7181
1313 1531
729 5315
9202 2170
2851 5377
9135 1323
6920 1102
8054 6138
9731 136
5099 8998
3013 5963
5037 8217
6950 7268
4972 8047
4336 5410
9287 8574
3900 1930
3125 8047
7836 9059
3688 1217
5947 9674
7992 8645
6570 1910
1116 7810
3995 6309
6358 1680
9086 7009
7394 8336
5566 5249
6122 5091
6148 7890
2362 1024
225 889
5198 7230
9704 338
2889 9834
703 1940
8987 2288
2600 9189
1663 1548
1910 8306
8836 6468
4368 9554
542 5219
9801 6290
6800 588
3068 4764
9622 4943
6001 5398
3614 4461
5871 7296
1563 8122
4877 116
2549 5911
6222 1783
7468 4674
6721 1347
4065 5445
4079 3072
6483 5792
2707 3165
206 9000
7342 3549
4482 7276
4501 5667
424 1226
7148 9081
6872 7398
5827 3712
4793 9534
7672 7197
4636 5853
5946 8485
7065 7940
3134 7590
2534 1513
2450 8776
3193 9467
566 1781
554 8780
2753 4991
5804 5404
4453 471
3429 9240
5333 3942
1221 8335
7564 4847
5750 7369
2198 2620
2832 9026
6933 3826
4804 6577
1712 6147
5088 7553
446 3037
4753 7687
2627 8219
5061 2557
5172 832
2764 3226
2402 9445
2643 231
7448 3448
4384 5590
4415 6012
1702 2968
8967 6336
8169 8280
675 394
4181 8572
48 8247
5744 4670
9436 1018
9213 8511
2868 449
9206 3214
4337 7531
9668 6868
6229 4746
7671 9999
847 9084
2444 4868
444 9853
2761 6175
7453 7911
3535 4472
5127 1269
4692 9315
9540 7556
8549 3704
3348 9335
8748 7644
2168 2582
1351 5533
4072 3868
8732 7426
6669 6122
3734 2995
6539 5536
4041 4618
9407 2007
2569 8459
4812 3283
2357 1660
8902 2160
2020 341
9990 6264
2981 2150
7545 1786
5246 3654
3469 4335
735 1272
2907 1086
7601 5412
8844 9434
5650 4395
561 9560
2116 9596
2708 7923
3582 1021
9033 9817
1141 1378
7583 6123
3639 6270
3476 8428
4904 6172
7353 9032
8062 2102
2486 8036
7236 6900
8503 8596
649 8113
9463 4345
2077 9448
9962 8948
6455 2446
5863 2324
783 2269
6974 1774
5689 5549
2169 2999
4872 28
603 301
7671 2882
1595 9388
2046 8880
9919 8423
7310 2754
831 7956
5362 4938
5884 1596
2906 8995
1545 1614
6920 5945
8327 5417
4319 6058
9285 5485
7272 6304
3593 5898
3834 2994
6295 5205
4877 6766
2716 1593
4414 262
5251 413
7989 5981
6674 4405
2620 4589
2453 4061
1214 9827
4474 7429
2859 5395
1975 6030
3735 3504
9887 2146
3945 1150
8438 3804
266 9190
4454 8324
6019 1416
145 5238
8317 308
2873 9169
3910 1066
6323 748
37 3039
4255 7050
4147 3647
498 2584
1742 4007
6886 6099
8757 437
2181 3712
9962 3029
9017 4472
4081 7563
5865 4423
6179 4073
1911 2221
6835 5726
945 3292
2886 8181
5488 3573
9086 2829
5605 5541
2098 3442
936 2521
6377 9309
3908 9035
191 7571
2728 8009
3171 9179
9578 5167
5117 7694
5489 596
7396 3720
1208 6074
2345 4122
5843 3473
4821 7735
1066 9890
4823 6399
9564 6296
2180 2859
9445 7461
3868 594
3324 5155
9069 384
7324 3027
6165 3012
9621 692
1589 752
1776 6680
1996 3759
3563 8716
3601 3326
7170 4898
8722 6203
4890 5202
3216 5722
1209 8890
8710 53
1399 5688
5129 8472
1935 1719
7532 8000
5373 9745
2156 9338
3781 1427
9975 1236
7250 5538
2789 6449
5612 7551
5530 3278
7293 1059
7247 920
9694 4785
6170 2250
6952 8286
198 8218
8070 1323
2634 7385
2708 3753
9176 5184
2145 5259
3496 2445
4332 8455
3748 5848
3936 2325
8751 2500
1106 4661
6840 2228
4576 6917
5234 6887
2281 7319
4295 7933
1772 8183
8339 1245
4394 6548
8878 4501
8853 8703
8859 934
7259 8206
4653 951
7998 9029
1065 7199
7949 6707
1445 7127
1213 1790
3485 4585
2829 4789
7936 1446
3248 4638
1112 4070
5158 9714
8966 3044
7571 5558
6785 3850
9422 8934
7212 6516
6550 3009
6410 6275
6857 3634
1777 675
5205 1923
4310 8061
4005 7422
9573 1741
7942 2909
5266 1996
9873 8405
2393 476
8266 7269
8301 1378
8478 1940
6776 2032
9819 7170
913 4750
6022 4520
2886 7719
9316 8424
8200 734
1036 1766
2893 5228
2472 7129
2210 7878
6778 3512
5637 5967
9999 5467
6536 5912
3054 8819
2656 5138
1554 5662
3378 9583
7558 7286
6241 465
6436 5756
1874 7391
6119 479
8801 1353
6333 9393
1279 6043
5611 1997
8291 3890
6921 9241
4516 6613
1549 8941
6098 2385
3824 2525
2809 2126
2320 9170
7180 4193
9697 5846
6699 6156
9077 9551
8673 4292
1502 8470
9037 3914
4551 5009
6795 42
7108 6118
6534 5741
3523 6496
7527 9364
7021 7726
2041 8906
8843 2154
3209 4141
3809 9284
1099 4693
9308 7068
8722 3215
2535 5453
9060 1922
2258 2503
9599 352
7077 3493
2731 478
2053 940
1477 5956
1994 4296
3127 3257
2595 3538
3254 685
7938 2655
9987 9129
3992 6697
3218 4669
2403 6061
8564 5133
8204 8260
8285 7028
330 1084
8212 4670
1893 6116
2356 9132
5815 7790
3951 8662
4953 1780
5411 9034
3443 6907
8924 8146
6328 6467
8290 8169
9079 3798
639 8224
4025 9993
7967 1118
1193 7799
463 9347
6849 1644
6155 2852
8695 8348
2839 507
5374 3550
631 5782
1607 9840
7603 792
4528 2310
6515 2710
4428 772
6062 7392
7206 5159
9712 361
453 5971
1407 6457
6774 6334
4363 3984
1152 7166
3512 6823
7526 8656
6580 1161
2803 2778
9021 3765
2695 5813
4410 7133
3822 4968
5349 9832
1225 9843
2828 4155
1636 7718
7098 358
8619 2102
7636 5978
4184 2512
5110 9020
1545 6278
7531 2197
7237 570
2587 3818
2464 5911
2819 4324
4164 4077
4647 3204
9716 7989
3946 3703
2538 386
6991 9176
8815 2476
8801 8446
6817 2328
6115 8736
7233 7909
6004 899
407 6326
1421 5807
513 5925
4534 9284
8284 293
3686 2897
6273 5984
4300 8291
9873 7148
581 5107
4107 9790
9633 9291
9355 6911
2647 244
8146 4357
3519 4703
6420 6504
4465 9974
1644 3049
86 2124
5813 1231
5094 7530
8153 1615
3099 3961
6639 9208
2081 9137
399 2979
2252 130
7717 1307
4047 8093
1909 9302
2319 108
8365 4336
3273 138
8950 7014
9565 6939
9303 6729
8962 150
8624 10
9138 9280
2162 779
4601 3422
966 5655
332 5323
5810 6179
6717 3597
5182 9658
9577 9796
9464 6924
273 2464
5083 3506
3230 2317
8572 625
4049 5137
6996 8413
4235 7433
3878 1468
6410 6478
3048 3570
1439 4953
3540 9690
849 5800
4854 9505
736 690
1983 8051
6752 8197
7072 7167
7940 2919
5038 9911
9362 5276
1911 3065
4788 8560
5356 2831
2237 5307
7201 9883
6473 6202
8245 6996
2013 77
309 3914
3627 5741
5645 1406
4501 299
3297 6580
1355 433
3137 8615
9879 7150
8611 7598
7659 1141
1106 7494
4918 1007
299 1597
3804 1638
193 4705
2415 2757
3589 7595
3945 4248
7901 670
2394 4071
3686 2689
340 994
9742 9939
3868 9824
4778 6376
9689 9890
2017 8765
2241 2902
6911 4676
7166 1042
6087 3352
3712 2082
8248 5078
7064 917
8987 6211
6603 6565
8803 7457
8209 7764
9085 90
9786 3362
3249 1255
2838 4528
8562 7234
4746 5754
3265 780
2703 9273
2716 7559
6761 6323
2935 6875
6519 7316
6617 7188
2310 5575
5646 9365
189 4245
6138 6729
1698 4045
2857 2047
7950 6383
9955 4640
2024 6951
4362 6519
9588 754
7550 2812
7606 2921
2318 8184
1947 5602
4112 4133
1586 7097
3758 2973
940 2283
7053 7290
8425 6085
5788 5783
4247 9937
5218 2723
9651 4494
951 9783
805 5827
7881 8577
3663 5890
2706 2679
215 4919
8684 5794
7902 1922
2697 2496
4019 2112
153 2996
7485 987
5079 1229
6853 9080
8406 6165
1704 1248
6447 7947
568 198
3878 2706
8188 1240
7737 4793
6109 3600
2822 8008
9872 3272
5984 108
3633 2224
2222 4376
8689 4203
807 8715
3624 7945
6005 4117
8402 5452
6721 6192
8188 5646
3243 2627
6894 2058
454 8711
3775 4218
4038 9100
8820 8297
8458 939
4749 2763
7132 1133
254 3694
2773 2201
2793 2692
8836 7150
9412 7251
8566 9151
88 8040
7285 8223
1802 7545
2550 3836
4542 6387
3266 9985
1012 1114
5198 1756
9835 7129
6722 309
372 2238
4071 5924
7713 1221
8244 2674
1411 5481
3055 1107
3431 5132
3963 6775
8076 2307
3843 534
3149 6228
2859 7890
5659 374
5944 6177
5900 2148
1902 8395
1310 8384
9506 4988
9271 7133
9126 5294
8829 7557
5593 1182
30 8772
4445 2247
6898 5205
1960 3647
8986 3641
7594 4182
9709 7551
8639 6403
745 8456
2313 74
821 8313
6828 4936
1312 1287
7629 2198
6991 9260
8399 3417
2276 443
4651 1327
8013 1519
410 4230
3927 8601
4874 3793
2980 4440
224 4659
1414 754
7141 1718
258 182
6245 6119
235 450
3965 4669
6920 2639
7368 4993
5619 9161
9317 796
9885 8525
7529 6696
7565 943
4638 4732
4891 4255
3076 5925
7902 4172
9365 8318
2831 5617
9098 4140
3884 9344
6295 5447
1133 3236
7704 1952
8209 2
1230 234
9624 4511
5209 1435
8336 7073
1533 6564
3509 8361
6167 1843
3596 9172
8122 8997
5871 5847
712 9601
1166 4102
2014 857
3861 7422
2554 1066
8965 7116
4420 9044
584 2574
7485 7164
1 6309
9609 8489
505 1108
133 8942
3432 1808
3479 3787
1074 6224
4197 363
9317 848
9842 4775
2119 332
2390 7792
2410 3457
4550 7724
6536 2990
7333 5081
9228 4511
5395 6576
1098 3724
7818 1041
7122 2008
7576 805
5046 4887
6711 2479
1966 5672
2356 4531
8317 3060
2461 3100
9278 1350
9663 3382
9153 3509
582 1742
523 120
6201 8204
6523 7624
988 4297
9823 471
4045 2524
1204 2412
9540 1968
2454 1538
6226 8098
6996 1274
2525 4642
1611 1366
9886 9193
698 5472
3156 2752
7576 6332
5851 3062
3309 9691
127 3255
7881 3152
951 3618
1695 1377
2884 2131
3931 6129
521 2237
4769 1287
65 6002
6248 4483
1107 2942
9181 9429
1736 5516
5947 9434
5746 4031
8016 6710
8447 3776
994 6337
1647 3393
5464 9736
428 9050
7426 6302
9848 1941
5908 847
7164 7618
7604 3903
4769 6077
2095 9256
6391 760
9956 597
8709 1764
8340 6352
3399 7281
5281 1820
9154 2228
3281 2329
3896 1801
5384 7232
2336 6048
263 7292
1476 314
5379 1602
2946 5
6727 9703
8819 9876
4594 5046
2734 8091
6300 2869
5396 2991
6444 7158
3565 6702
7099 9088
9071 6865
8282 6109
2110 7738
1505 225
8719 5128
4812 296
2820 226
3890 244
5405 2846
265 2173
4387 6210
4646 9772
4961 6400
2564 9816
6041 8457
8746 5000
3010 5494
9588 559
9424 294
9629 3853
3415 7926
7306 1628
4080 9603
3037 6762
3528 8997
2 7505
6596 9355
6310 6056
5305 293
3292 5535
7087 6486
5417 8062
767 4040
8588 1904
6654 2147
2491 1092
7762 8822
4277 5133
5844 7130
246 5992
3091 4529
1708 442
992 7416
3279 3845
7990 2081
7480 9858
9564 8387
4072 5232
960 2944
5482 8962
3794 1780
7245 4803
9170 4854
6566 8005
381 6906
9479 2174
4256 1462
1171 7014
7742 6944
5498 4635
3424 8670
6836 5578
5041 9428
1231 6485
9553 8642
7792 1579
4792 931
7081 2864
7127 2126
2314 1958
9221 4483
7398 3292
209 2060
644 6724
1018 4058
5414 8766
9711 8575
5250 3002
3248 3572
625 5192
1579 1195
9663 6289
3708 9872
8191 3219
18 9288
9698 284
4661 953
6884 4874
9483 6297
6898 9491
6812 7867
6657 4936
9899 476
129 1241
6690 3113
7531 9156
7129 3805
8712 3414
8599 2835
6457 6050
4798 2582
7916 5562
5986 8249
401 6026
1549 4760
1860 3281
8878 5490
4140 1900
3949 2198
5284 7400
3363 8871
4496 3905
5050 1312
9779 9932
9323 5200
9601 6946
9917 1416
5453 8948
3925 3443
4387 4151
4179 7129
29 4077
629 8229
5903 9063
9836 7908
6745 6467
3630 2522
2279 3306
1346 4814
1268 5321
2471 6407
4289 7316
7345 9078
1721 4300
4604 5564
3576 5911
2159 9096
339 5731
5823 7982
2720 3660
5781 7574
9435 8837
6389 9349
6654 7221
8390 5394
2431 5441
1814 8404
6192 2806
8101 2222
6419 3795
6035 2276
7855 6517
2467 8548
211 6776
1068 6726
8606 837
1896 5326
4172 5912
1601 9157
1456 7158
7404 3821
778 6390
4039 884
8133 8401
4864 7607
2357 7300
963 8313
2546 9331
2668 1072
2282 5546
9079 6441
9913 6376
4511 3138
2166 7074
1739 5236
7661 1690
2219 5427
9184 2330
3132 1569
5679 848
9390 4586
2877 3605
1180 2533
1780 9854
9803 506
8804 4233
3581 3723
1491 3807
1424 7784
7643 8055
1177 7579
7683 2377
7311 8687
6494 9140
713 6582
3378 5549
6546 9282
5436 8866
2745 9736
8888 3073
3842 6178
1975 894
6320 1429
8922 7836
9440 8692
5304 7354
6713 9529
7065 9046
9800 9575
2025 72
5591 8590
7553 7363
9983 1247
8301 9613
9211 6308
6185 1660
8224 7789
9566 5968
2832 9555
4604 1133
5658 3035
336 861
2360 7129
9519 6634
1548 1252
719 9720
3194 1246
884 463
4830 3126
1628 913
7626 9885
6535 300
7795 7586
6260 5363
7847 618
9984 4061
6335 1650
6441 8035
2618 4763
5288 3271
4728 5405
6575 1369
7743 4380
5413 8452
1168 6974
7380 7864
5172 8442
4971 308
9868 9120
2530 7338
3652 6432
9936 8736
1172 8600
9687 3055
6863 2382
9026 7109
2246 9150
7866 609
8477 2921
1708 793
3401 7363
479 8718
4814 6590
6878 2560
9322 9773
9878 1687
5354 7533
5229 323
6512 9755
7675 1193
7074 4649
8861 5773
9894 2750
5526 4274
573 3261
6611 626
4017 8885
6726 3008
1130 3965
2508 3564
3593 8207
5027 6102
3691 3128
1786 4390
247 7370
487 7592
6721 8800
630 1958
2535 7680
9307 6704
4708 44
7675 4604
4832 7765
9453 4028
3640 6760
6868 7120
7799 9980
3915 1761
4787 7070
1998 8714
6958 5392
2576 4729
2473 4926
9190 2836
2385 220
8737 1142
6365 8878
4188 8782
1463 8559
2401 1403
2072 8455
3140 8990
2813 6703
6143 4735
1236 9787
3187 4621
554 1102
67 8404
8511 8016
7356 1813
1091 2454
6025 4208
9552 3419
7410 2827
2593 1852
5332 5600
5615 3648
1724 7849
5820 810
9343 5573
9457 9740
2645 220
6990 1662
1783 6893
3957 9517
2403 9075
8961 2195
6765 9035
6272 1932
2372 8892
769 3517
6937 5295
3680 6649
1302 2134
9199 1034
667 6685
342 7639
4400 2787
239 231
2139 7439
7388 8470
7430 9939
2022 6451
7022 3283
617 8089
5039 1115
1394 6739
8816 5275
5408 8234
996 3728
142 9293
3432 1527
2575 2365
8982 8133
9735 4589
3034 9028
4939 391
5608 5521
1769 5434
9797 9785
9355 4796
3493 5592
5504 4747
1769 7870
779 8218
2906 5052
9601 9622
7631 1310
4249 7669
901 6935
3209 7316
8669 4495
1698 5128
9995 344
5198 9267
4824 8684
6452 1786
995 7334
3933 6658
1284 1399
4032 5945
821 4607
2878 8603
2469 1286
7860 8620
7764 4090
2322 1362
5713 7251
5807 8102
8271 3568
6756 898
9023 5218
9028 2597
2842 5359
2935 7215
7520 5023
1018 3826
2957 5145
3235 5429
1319 9422
5696 9762
7785 3870
4756 8485
6311 198
5224 4155
711 4517
1841 600
2005 4738
196 2045
5508 8490
317 1421
8561 5362
3855 3263
8432 6744
2295 1089
8622 6890
5366 4000
6531 2849
9996 8875
8283 594
1195 4092
3115 5680
858 6863
9524 4699
5931 5601
6214 8244
9717 4715
931 778
4337 91
7658 2784
1552 6512
5731 419
4831 7741
3623 6626
225 7618
6847 2429
4355 9360
5010 7361
2018 2154
8217 166
7612 7528
9136 8053
7545 4943
8209 681
9957 3725
9714 6781
5681 6669
477 940
9230 7874
9579 5056
9106 9794
9751 9052
2015 2968
86 4513
24 64
6865 9362
4552 3730
155 8876
142 6594
6497 2369
3634 1046
5179 6862
4130 5564
2530 3323
4389 8968
3818 7948
8811 3011
1695 4659
2786 539
6289 9792
4517 2912
7541 6567
439 3205
4175 3736
4026 2450
1710 5786
5872 903
4278 3510
9365 7169
7173 8733
3081 5925
7451 1956
5740 1144
8516 9546
496 8376
779 9726
1093 50
8907 1710
4937 1576
9542 3965
1665 298
6810 9750
474 6343
4397 5825
4562 1025
3684 1354
1989 3518
5915 255
7410 3097
6219 8418
881 6146
9730 1309
3593 5959
1497 8240
9036 5750
5172 6621
5119 9130
974 738
5986 8214
4998 5600
1741 1449
4731 4793
9792 908
4497 7877
1701 6718
257 3231
9679 8719
1960 3886
2631 2973
7355 8102
9117 1989
4250 1497
6346 351
5117 6579
4326 4098
7313 792
4465 4779
9118 877
9874 6504
257 8335
9157 7991
9515 4910
5600 1097
5403 5838
687 9368
9591 7280
7217 8781
6340 2954
7680 3507
2895 9780
9286 7030
16 3957
7822 323
9558 5223
4132 2484
6697 5310
7198 9143
4400 4343
7916 2841
3956 1578
5162 4430
4931 4476
2571 6012
4422 7183
2841 1456
8255 9953
9786 5117
5207 4037
5376 6611
8972 5933
1393 8775
7054 6700
207 2106
4515 861
9922 4148
1898 1961
2506 5577
5722 3755
117 2105
2299 5064
8666 428
358 7701
1977 680
9150 8024
4681 2983
8062 3700
8376 4752
3995 7563
9499 3162
4059 5424
4196 4821
974 4909
100 5473
4810 5401
1886 2881
4098 9270
9428 9283
5503 6787
5749 7758
5178 384
3034 4522
6519 4408
8155 8107
9085 6751
7701 4289
7834 3745
1553 5212
4804 7331
8137 3304
8082 667
9959 3060
434 1424
1768 3159
1271 7042
156 800
6262 3355
9130 6147
7973 4186
780 3476
7563 4052
4420 8992
3127 5826
6543 4032
8787 3225
4140 5304
7652 4333
5235 3844
3373 3574
4694 4044
9917 1596
6710 5498
4211 940
5898 5527
1464 5475
2004 3806
7692 9037
525 2432
5381 7
9875 2984
5195 8234
8765 8638
7554 7360
5905 7212
7785 4881
7075 7636
3249 924
2496 6327
6433 2440
8786 5196
5675 6990
8935 264
7265 8949
1368 3932
307 5522
7719 9903
4936 7246
7704 9678
6005 3283
8152 5165
8562 7503
7418 9466
6924 6102
4309 4946
553 1035
8381 3469
7028 5475
3056 579
8661 8369
8582 7283
8066 1157
8091 3234
8133 983
8484 9937
9215 8231
1625 8540
3486 8837
5452 6836
6737 3142
9802 9957
175 6969
2921 959
6876 4291
1683 1416
5257 4984
5683 339
7999 9706
2048 9962
5469 618
5270 5213
4822 712
4549 9267
2177 8107
7960 8305
6686 9042
8406 8016
6864 544
3534 5908
5903 5781
1005 6683
4260 7429
1704 316
8543 7883
6192 3848
7345 8873
3453 9298
5143 6133
1105 6485
9982 1610
1902 588
3701 1866
7409 713
5336 7830
2858 4063
5679 1748
2214 1029
9115 9437
6094 8149
2474 3710
733 2834
7389 186
153 1664
4753 8649
9378 3874
7101 3703
1070 5283
4130 2877
8797 6001
2182 7068
7852 1378
6865 2191
4100 5892
1388 6075
5000 2536
3405 5463
9626 1004
2825 6210
7992 5628
2249 4781
467 9082
6348 2721
848 9137
1612 6258
230 9001
6920 3987
5388 6982
9644 3000
4916 3319
541 2018
6629 7231
5719 863
6374 7834
2383 3674
4084 7830
4585 6990
830 8611
9167 347
1647 4150
6269 5918
345 7661
5831 7144
6911 1564
6612 7798
2611 9064
9812 9836
4038 4798
4858 3883
911 2801
6499 428
9570 305
7231 76
5445 4593
7029 5166
5695 6162
7531 5595
5666 7883
8287 3984
6463 6282
2639 8157
874 4398
4025 9524
3221 529
4543 6293
5057 2902
7486 8481
565 5899
6194 7177
1607 122
7245 5596
9794 1230
3038 5803
1363 5704
5482 5069
1173 803
2603 5541
3201 2649
3285 4707
2870 5138
2055 4940
6491 1119
2657 686
8072 4058
9002 1101
1308 4360
833 1333
192 2053
5918 2659
9124 1744
3738 6227
3713 7987
1720 8813
8542 5536
2472 8629
9824 4337
5720 6758
3688 6638
2609 6715
1213 3164
8856 1805
1163 3911
8618 8234
7565 3454
4999 2233
3587 3446
3952 8397
4512 1859
6867 6401
5987 5166
2607 4748
3427 9070
6000 5158
9424 1376
6747 3378
8316 2361
2424 8219
6051 3504
9962 5232
4890 85
5276 7213
1891 9196
6911 7415
8464 4639
7634 4534
6657 7291
1427 8321
4300 7971
9969 9221
8104 423
55 6499
3873 4204
130 9309
2201 6997
9010 1593
1324 6484
5059 2145
7873 1014
1340 7277
3369 6702
8240 9071
4365 4023
4549 9886
7718 4849
4251 7531
8767 3379
1647 2092
13 8474
8552 5107
5741 4474
8899 5588
8745 7007
8009 9967
285 5920
9101 9614
6927 3289
9896 7930
762 5447
9941 5497
5641 754
4574 1272
2062 2562
2503 4613
4547 4566
9477 6661
3444 7579
8014 8312
9094 7453
3839 8576
5037 1043
7554 4197
9697 4297
8165 8591
9855 8345
4021 1773
5731 4449
3232 9821
7066 7224
9282 7571
1565 8567
6461 9108
7083 6877
3850 2022
3022 1770
9397 3983
9027 5321
3782 6670
1868 5472
5175 2523
3372 8108
2037 4542
8758 8249
8802 1555
3425 3334
6865 2267
1237 247
3409 2721
3566 6617
4710 4378
3164 7614
6899 7118
8153 6216
7212 8622
7617 6437
1229 9270
2760 8351
3823 3272
8761 4848
4295 9288
7777 2559
6157 1526
9573 8722
5632 9716
768 2930
8158 9496
6029 499
9562 7459
3200 9922
5437 1548
5821 7645
3228 3199
8184 3341
7075 9672
495 1981
8637 6828
8175 3502
1701 6713
9695 3352
5230 5905
8463 7927
6011 1746
6574 7819
6030 6306
60 6981
1751 850
6986 9394
1791 5173
1726 993
1842 9434
5514 6315
8601 2880
4323 4861
9323 8082
5887 5765
2053 2136
8492 3220
5849 2228
2779 1880
1605 858
253 5082
3306 2607
891 8680
3766 8668
1847 1870
746 3578
3826 9186
1316 3458
2632 3263
2913 8783
7614 8709
3354 9000
4495 8125
5588 6102
9552 8588
7591 8594
1940 7942
8566 1828
900 1110
8095 7479
8383 8164
1800 9279
8254 1028
6100 4572
3570 8779
7323 2941
5661 6635
5497 133
6763 6269
2997 3652
2134 3824
3853 4771
3318 4455
2759 614
848 8833
1671 4519
5131 9330
7752 9018
2062 8966
5358 2601
2037 1104
8529 3801
2634 7936
2835 1168
7322 1372
1774 7484
9795 6467
2697 5041
7459 2346
853 3290
6276 5583
5693 2035
8019 179
3248 4763
6256 3240
1282 2999
95 4493
3161 3307
9519 4717
54 942
8057 4120
5033 7759
3918 2715
6229 6014
4422 6544
5861 9424
102 4365
8585 4331
4287 2326
4111 576
7060 6686
4079 4054
7786 2035
4368 8219
185 1086
7988 9321
6093 6259
8298 9956
3201 1750
215 9048
9795 9311
5593 1773
6057 3350
4723 4092
7363 9482
1075 8359
3588 2001
3889 9939
3385 1246
8550 9409
3104 7312
1472 8557
3067 3503
2142 5796
3201 8935
4251 430
3952 8991
171 4449
877 6025
2963 4633
1995 9853
8598 112
2500 9834
3176 1683
5035 6713
6263 9986
7384 6478
2809 9973
8270 7709
3499 9734
9706 1495
5790 9369
5235 5027
2065 4235
9983 1470
93 4692
4766 1735
1215 748
7678 802
1059 9244
5081 9071
8521 4863
7682 5820
1727 7532
8916 4769
6583 1089
1584 385
1787 1888
127 483
1069 5124
4976 6911
4248 6694
1361 5411
2284 3544
2805 403
2713 6274
4713 4119
5165 5320
2331 9658
5084 6891
1488 2221
5478 6281
6958 2467
9423 2243
5221 9712
8423 8970
8491 6710
2149 4233
2347 1742
3803 3363
6303 3194
6263 9486
9184 2448
1866 5895
9794 5397
6610 2154
6624 7294
8465 5139
1468 7438
2499 4241
1600 5608
183 8693
5188 3340
914 8471
901 2302
7385 4062
7633 9695
1824 9144
7819 4424
4025 6751
1662 1133
208 2707
2221 5309
394 2035
665 9052
8793 9229
242 2968
7464 3310
3825 8802
1895 6297
2183 2447
7643 3314
5699 3584
6218 8341
2940 964
8442 8278
9745 1674
2483 7382
7244 6328
5541 7151
7820 9885
7880 4878
1895 1637
420 7016
6303 2368
6752 8144
934 9636
13 7293
9770 2665
4747 3554
2623 3885
720 8617
3588 1752
9279 594
3773 5003
4971 4567
3881 3833
4950 7666
4905 7525
4704 555
8159 2945
890 2975
8689 3782
6155 5315
4544 8394
9202 5138
5133 9015
3251 3236
6952 7451
9211 9783
4845 2863
2109 3363
9480 9896
8484 880
1899 4482
3219 2194
4862 1076
8923 1761
2213 6820
6195 3584
6169 9546
7721 3807
2089 2619
4044 1053
7315 8720
1725 1320
7073 8518
6162 1752
5550 7659
9312 577
7833 2691
8382 5617
3219 6793
147 8733
7270 6182
7725 4840
2244 9478
9737 3643
9522 4927
7566 1891
6460 5905
6266 914
37 1915
8756 65
2691 5158
5912 1086
2098 8870
2851 1671
3839 2314
3967 3896
8939 368
2125 761
1143 489
1852 773
7495 7468
3733 6941
3709 5164
7750 4757
8242 6111
10000 6736
6042 2000
6712 7075
7879 9909
5751 1963
1825 151
7527 7192
1178 3717
4216 8761
9780 3273
9039 4526
3070 2774
6974 2868
8567 3946
3794 7294
2451 2599
9406 8592
4258 8278
8401 1001
6284 2098
836 6281
397 7607
7016 748
8996 5238
2627 2796
9341 9824
8888 1544
7353 7297
4812 8227
4764 6535
8887 9441
7069 6873
861 7577
627 6468
8708 9348
8232 4854
747 2358
7050 6747
4050 5463
1800 756
1461 1679
7666 948
1722 7055
8194 8828
397 867
2393 7545
7957 2180
6085 8549
6751 5150
3295 4714
1452 3258
2858 8578
5390 3238
2326 2126
7952 4769
8258 1751
1300 3051
701 2580
3353 757
7953 261
5529 4791
3027 1379
2239 3934
5085 2520
3403 1781
4360 7580
5830 1875
2306 2667
1545 8700
5404 5064
9730 8091
1057 9143
3370 7727
1250 6505
7764 2909
4949 9317
5884 37
8173 6057
9603 6125
4548 5722
4571 2323
3116 8866
8295 322
7191 9070
7598 804
8795 1158
4557 9207
4558 1062
1270 6658
6983 9197
2769 5732
2169 564
3497 4533
1823 4271
3460 8763
748 3108
1645 9957
5052 2897
7672 8867
2974 3396
4542 142
7114 1148
1930 9945
7934 4542
5466 7726
9284 6968
3032 1274
6847 5713
7018 4120
3818 6012
1388 1619
5574 4011
9796 3802
1530 2540
5080 1009
7473 8112
4597 7302
609 915
915 6067
7060 8751
524 8100
1112 3457
6724 6846
9272 3216
1130 1723
3478 2800
398 3249
7105 5527
3839 8793
188 1849
5342 7120
4185 5984
4706 8060
3339 3216
5580 361
4000 6701
1164 926
4902 4638
6842 8815
3563 81
658 5280
4226 8737
870 2387
9635 9644
8572 6010
1557 6529
7110 1345
2006 291
8403 6967
7018 1329
9561 1592
2637 1923
1475 710
8237 5411
2231 2213
8497 1205
5620 337
8208 1474
4990 9263
939 6251
1081 8483
369 1350
7632 3155
3935 9839
730 5976
3604 5319
1188 8182
7953 7997
5371 6743
5276 1864
5960 4091
574 4248
9263 4977
2474 9355
8616 6913
1624 3591
4226 5467
2084 3234
6011 1612
7975 4975
9677 499
5760 6204
1754 3118
8041 729
4890 8893
8579 3373
3472 4127
638 9797
122 8567
4298 9462
8542 7909
412 1284
4606 1579
717 6436
4514 9557
6745 4816
7901 4318
5575 4654
2430 695
9647 3467
8096 6462
1226 1112
9324 576
369 4648
6786 2731
8343 4889
3053 8254
4031 8993
8050 5162
3714 1791
7420 9530
9693 5886
7129 6166
5088 8680
7572 6173
7344 1248
3833 1839
9828 1071
736 5078
1802 613
5059 1630
2182 1890
3700 1355
548 6672
252 734
6104 2935
208 6920
1183 9988
8174 641
8058 6942
3917 2200
5769 1077
4957 7249
3384 894
8475 3694
8793 4627
3198 6784
830 8048
1248 2011
2401 3406
953 996
1735 9659
4089 2583
571 4028
7674 7994
5571 3006
3911 4001
7507 6855
3288 9304
1683 403
3770 6136
9822 3719
916 9676
7342 6008
4999 4461
1135 4434
9314 2312
2040 3371
5008 9886
2786 4205
7738 324
3923 7251
1890 3682
1686 6679
4511 4842
7655 3682
2936 958
9100 5217
9018 9853
5209 2479
9875 7041
3550 3919
947 200
8772 5129
2808 5876
3346 6893
9138 4105
3852 2290
9058 4470
5215 7426
399 8632
2810 820
6621 3909
7800 7469
1889 7228
4756 2596
9972 1263
9250 7200
7341 1239
1744 7484
4227 2841
7627 6003
4130 7514
2583 2101
3652 827
1378 1554
1693 7522
8367 5501
6174 4017
5821 7689
6169 4957
1477 2185
423 9506
4238 4402
1647 6585
8016 7119
7122 8741
1616 4342
7904 9992
3696 1851
4668 9930
2712 9470
3696 1720
1379 3740
1140 7184
1685 9793
5320 6484
5453 8946
7698 9164
409 2888
7526 1398
7382 9811
421 137
7899 9122
3990 6760
8885 261
6240 8138
8803 6628
3563 693
3791 2670
1386 4907
8686 2733
4968 138
4348 7535
8002 6956
7987 813
1661 3521
501 7987
2299 9668
6762 75
4093 3455
7451 2820
8069 5682
9757 9218
1264 7912
5731 6746
2171 6521
4671 1348
6347 4535
1436 3651
6531 9256
5604 6701
3504 6668
4344 4031
9607 4965
1259 2027
8837 2385
9169 7307
7977 4469
964 2436
3202 7550
6482 3278
8272 9607
9385 9739
3033 6937
1660 364
7109 9035
3196 988
1078 4123
7828 5250
9526 1031
7321 2166
8716 7266
5683 2152
6478 1461
3415 7912
1774 8700
5084 3313
7912 5159
6579 8877
2848 7572
5775 782
5188 9557
3849 1485
8434 729
2227 6501
5734 1895
2237 3560
9554 6535
615 6634
2898 2406
6623 5253
7500 5592
287 833
4136 1127
1851 6705
3195 2650
8728 486
4412 648
5283 8614
9039 3833
4147 1738
6751 7999
8522 3136
2498 4814
4535 8914
2549 5561
4630 6940
7642 9764
5247 8417
9321 3746
8105 6679
2633 3496
1650 7333
7601 6977
1139 715
5536 6856
8742 2906
2828 1314
5056 116
4088 9241
2403 6360
8132 9618
5187 3887
5458 7314
6051 9823
1581 7002
2429 4204
1131 1092
6722 2651
6018 3645
2412 5293
3887 4596
6688 562
3873 5778
5910 834
4618 7538
9371 5168
4432 1432
8595 6491
8476 1345
2777 2311
8666 9441
8413 3059
6402 4026
9932 5725
6754 113
2040 4825
5266 8049
7912 6798
6270 3325
9868 598
4060 6206
8567 7213
7436 4518
83 5629
1691 7046
1413 8872
6573 3683
1861 2696
1141 2561
1349 5261
4742 7678
9969 1232
322 337
4805 6967
7000 7187
8489 2401
4734 1336
904 6481
3755 7360
6966 6200
976 5633
636 8630
8336 5607
5257 2021
1631 8195
9044 481
5233 4549
3557 4773
9393 240
6836 2832
9723 4951
3447 6350
3089 9833
6577 5550
7956 4574
5211 2044
3154 1030
3045 7285
8893 1700
8480 6605
6851 250
3270 8722
8299 5177
6304 7073
3183 8654
7303 1196
1528 3420
2987 5865
4682 2134
1596 611
718 641
4347 9526
6691 3926
660 5183
4015 4009
41 6847
7509 3813
8175 2732
1039 9258
1343 8555
70 8606
2526 6344
9561 3369
4477 8720
7842 237
6980 559
6475 4629
2691 4053
9947 4010
269 9628
9959 3370
5246 2727
7184 3835
5814 7388
8852 346
8904 5654
753 1319
3101 8883
8490 1012
7995 5751
9603 9369
6469 8807
340 9391
1386 7481
1419 1976
1963 4503
7297 5607
7035 3797
6321 8181
3027 9914
5733 3053
9886 9487
4881 3777
6335 2322
9571 680
7325 1610
1039 4304
4066 4001
5505 6463
7552 3786
6640 2245
1512 1952
3172 5774
1761 8066
1466 5220
5294 1593
3524 8154
2655 2276
5895 5567
9110 2226
5072 1444
8680 2415
8202 7467
500 6465
5390 2489
778 9611
4972 333
164 7854
8006 1067
5670 2032
3428 2708
7373 3005
7789 7605
577 5564
9223 4704
1685 3508
2467 602
2540 6403
263 2959
1904 2220
8531 2139
6083 4328
7492 223
7266 2057
7978 3458
5380 316
404 6708
1574 9347
1289 1676
2644 7094
6596 4454
4733 1089
5093 3891
9019 1432
5980 4618
2108 5066
8122 3609
9632 2176
892 7466
5549 4974
1536 5407
437 374
2105 3668
1137 1037
3100 3025
6143 2395
4840 4180
9814 858
5213 9141
8406 1168
1527 698
9651 8239
9591 6290
8740 8020
6024 9492
8060 2824
3474 51
4053 3839
6988 7416
3124 9828
8313 4936
7940 3841
5904 3986
3595 4114
1105 4290
1964 4091
551 1681
7613 2132
6909 1092
576 9071
4729 3726
418 1622
402 9713
5918 5049
5065 7349
6627 181
1115 6185
8067 3412
2076 3230
8114 3659
4658 2013
3349 162
309 825
4606 4023
6756 1163
178 7406
7689 9032
5667 1275
4022 102
3516 8594
9338 1426
6200 2038
1571 624
9262 8868
7329 7444
601 2028
4536 9221
3855 1328
6163 9276
7949 6159
610 8858
2793 6742
4399 8462
4387 7758
1633 1484
9323 1336
602 369
9234 2071
4579 91
7026 9915
2324 4557
811 2303
1287 2888
2650 521
5815 8784
7927 9642
4759 3728
9640 4654
6627 3675
3744 4227
4552 2295
364 4363
860 5097
4492 4554
4401 2176
8749 2813
53 8625
8100 833
9627 1257
9554 4788
3835 1846
5265 7016
8931 7951
8551 2496
1840 4653
4900 5542
4317 8191
1199 742
7447 7985
9399 2452
1727 9475
1731 5889
5290 9321
4832 9341
273 175
6749 2957
9885 8547
3573 2838
2646 7262
1228 1908
498 1907
4381 8467
3905 6624
9222 1404
1926 9615
5632 6502
3616 9606
536 6276
1715 1801
5744 5168
2504 1656
1880 8036
1791 2108
1108 7133
8068 7273
6649 1894
9524 7284
4676 7175
5975 9441
4708 8872
936 2149
4801 7225
7533 4009
4291 7425
355 412
8515 7771
3702 6882
3492 6000
8345 1103
7129 4796
6378 6964
1262 5623
6833 2633
1237 8039
3117 2369
3204 6388
5890 3170
7058 9941
6254 3746
3723 7996
3551 270
5936 5382
5973 446
4829 3120
7628 7980
7544 8477
2457 3818
1454 4551
5637 3424
4774 1213
6699 3887
1090 7866
8067 437
2566 8270
8148 160
5232 5222
2444 6128
2745 466
156 6924
806 3243
9158 121
5728 1913
3798 4763
9911 6131
5411 738
7747 836
2514 4916
6505 1639
8839 6833
9687 509
6349 4841
9969 6200
2558 5058
8603 5552
6452 1007
8137 7641
5156 489
1629 7193
3768 6239
2652 6569
6673 6611
6525 7639
9560 8821
7105 4715
5871 765
4511 5204
225 3329
701 2218
5348 8442
4278 9457
1885 6438
1891 7102
8799 9630
2424 5421
6473 3050
7537 1279
493 8566
9904 8034
7757 7119
8216 7277
2165 9887
4905 1366
2723 5544
9453 5033
6213 4871
4626 1235
5831 5497
5307 381
5116 6263
1431 254
6572 2704
4428 8716
4109 1371
4246 2316
2604 922
9232 3972
2484 1207
5592 421
5712 1819
1601 6621
6319 2295
6654 7026
1569 9914
7044 4613
354 1516
8409 9254
2635 6944
6149 7246
9579 9012
3704 6789
968 7788
2256 1926
3197 4889
3361 1498
7894 3016
270 2433
89 5419
8153 8513
2127 5138
3169 6383
4369 5490
2405 2506
5413 873
6083 951
7935 9027
4045 9307
6318 2756
8765 2120
7806 8765
2709 11
9113 4596
8476 7711
3269 2004
9040 9667
2382 8300
4800 253
2343 4283
6030 4266
9273 9857
8869 436
7413 2323
5821 4921
7550 9131
5106 7316
7286 6878
1067 1950
4302 6886
2298 587
2100 4364
6595 5253
5677 4280
5589 7879
869 1790
9493 4947
6125 3480
2863 4733
4688 8213
8320 859
9063 1437
1950 2129
917 3109
5404 227
3465 5157
7518 7562
3090 2867
6704 1978
3108 3853
9630 2942
4166 819
6709 8650
7026 6755
9440 2482
2712 8494
74 7792
1387 5090
4013 6022
3210 949
859 4512
8554 2657
1814 8166
8776 9743
2037 4882
9456 1783
9586 5506
421 3674
165 9471
8886 1156
1776 6361
932 8596
3184 5648
2492 3146
1786 1499
7991 5750
9699 9033
7325 3206
5161 3451
5638 5874
9725 5906
313 8484
331 8295
8140 6353
4497 1710
4622 6506
6889 4245
1395 4142
9410 7514
7253 8492
5726 5697
8776 525
1893 2002
1493 9618
1913 2461
3442 6052
1875 7901
449 1164
5811 2255
9587 5757
6324 4877
6932 4761
2912 4961
719 3671
2427 783
4688 106
8478 9490
4635 2524
5847 9608
227 7725
3909 5592
1099 1992
8507 5351
913 2207
235 8151
5263 2496
4957 3347
8377 542
5234 7337
8173 8996
644 3920
6032 1762
7199 6734
377 9144
5320 4889
1453 8610
771 2100
833 1927
2964 6107
9031 665
5245 7982
3963 665
1552 3903
4446 1770
4149 2938
1834 9793
2909 7494
349 3587
8790 5053
4056 5597
8388 2656
7643 3443
5913 2813
4638 3396
6376 407
1749 8343
6167 9576
7528 1404
7423 71
9906 4636
7265 2831
9785 7881
5570 1528
4921 8064
9419 8341
6231 1660
4828 3240
9464 1617
288 1106
4689 4863
1465 3940
1526 4028
5147 674
21 4477
3508 1160
7749 2082
4463 2870
1472 1435
7394 798
3729 1060
3142 7312
1750 9668
9458 2948
9729 6834
8325 9405
9482 3018
2445 135
7055 9758
8250 878
6592 1546
2572 7071
191 2576
3961 2379
2845 7141
7529 2317
4995 1022
6988 3702
6322 4039
318 1751
3450 2828
8586 7209
5075 7323
9329 6106
2739 7759
7007 1672
1867 3366
3001 4205
360 9245
5686 2759
7133 6646
1039 412
6469 9860
2412 3585
108 4860
547 5024
8771 5752
8609 7213
487 7103
419 7990
7433 7996
1399 7880
5660 4445
4105 7130
807 363
1824 9627
4779 6864
5365 8472
9937 7231
7415 6433
2027 2858
9843 4781
7094 7862
2305 938
9836 7388
6509 5421
8028 7552
4853 1937
1925 1064
8672 1996
5770 3815
9026 2362
3120 6416
3173 1408
5800 4549
3206 2144
1656 1034
4374 7665
4838 4278
6462 9089
3193 7608
4971 2877
5107 2767
3782 9352
7235 3011
2659 4574
6951 6862
3761 3090
5843 5650
7017 9242
7692 9484
6344 6693
1613 24
5837 4160
5675 1274
6948 7728
9729 5095
5267 6288
6245 7960
9137 5430
8520 8002
1579 7064
3534 8291
6453 8852
7658 6681
2316 4756
9352 5522
5624 4054
5110 6300
2504 6559
4240 3416
9137 7924
9903 3565
9576 3027
840 4109
9460 1727
8819 6613
9791 9464
2534 5237
7442 154
5424 9901
3535 4994
7476 1973
2536 5723
6783 260
8950 52
1359 9383
6468 762
4673 8674
9999 7160
2331 9281
3275 5326
518 209
5843 6792
9324 6114
9084 1062
2060 7942
5959 2168
3776 8645
8353 2424
7250 5068
3181 2270
2702 3391
3615 5665
331 8143
1876 1055
3961 7185
8351 2973
571 199
1446 971
2656 6024
1569 5038
5353 3258
5721 1648
3212 6860
4390 6074
1722 262
8304 1262
9698 3253
9667 4299
4721 1067
8917 3399
7247 9885
4820 1739
5129 8239
9628 4547
7296 7028
6902 8830
4949 2246
2869 4163
8614 9916
8260 2032
595 1789
1563 8156
4638 1757
4844 6617
7570 4620
2056 8411
1052 3662
7397 9370
237 9916
5995 1102
9801 3810
497 3614
314 2679
3711 4870
9762 7073
4466 8987
5635 2373
6353 6760
4579 6293
7720 9514
512 7029
6731 4555
1897 9842
6271 419
9344 7294
4041 5739
9684 1936
5766 6513
7583 5886
7015 8164
1622 7852
4313 2591
7037 1509
7190 3390
423 2577
3818 7461
2140 5912
6635 821
2759 5297
4351 2369
2388 3920
8230 6663
544 6748
9265 9827
2730 6606
8453 8731
3008 6363
2698 4186
7261 2772
9203 1260
4282 1353
2290 6687
14 9873
4766 9867
6570 6543
7386 9329
2380 3096
1621 8225
9168 4763
7517 7603
9860 6584
517 4601
8648 8538
6368 685
9822 4381
1057 9750
1885 6815
5844 4454
6040 6005
3814 6547
1018 8847
6234 2859
2217 9050
1553 3583
5643 2997
7905 9923
7284 7903
4743 2098
3347 9653
2842 4518
1660 4293
4729 9164
530 1535
6481 8088
7689 1090
1682 1645
2135 1696
8234 3140
9233 7183
6808 109
7195 7855
4517 3814
2372 954
9866 3772
3122 3313
9210 6531
8930 7895
2691 619
125 4411
1353 5660
4853 474
4287 4065
5430 9672
5531 4187
5746 59
89 8181
9791 5382
2471 7152
9822 8151
5176 615
2029 4612
4061 7164
9511 3542
9204 1280
1002 3160
214 3917
1889 5559
939 5254
6601 584
8797 7865
1388 507
7834 8456
1297 4471
3986 6761
3375 7377
6515 5600
6317 8302
7756 2129
5676 4052
688 6374
3081 7562
8945 9621
1020 9755
8438 4388
2317 2888
3592 4301
3272 8264
2388 2553
780 2071
3775 4061
8167 4497
2860 8285
9769 6116
9668 6111
9601 977
4732 1188
2193 5736
6254 6511
8356 2516
8492 4660
2101 823
3446 7067
4276 5492
6869 7684
4601 7503
1136 8997
7565 1218
3462 9473
8637 4752
4241 1771
3744 6120
3247 5164
5666 7475
3347 2582
8010 4907
533 6680
4680 8875
2640 3022
9447 492
3789 1601
7088 184
6920 9334
8613 4668
666 640
5029 4286
1526 8084
7803 5305
7622 7285
2430 5310
7260 4593
2650 5279
5105 2250
5351 422
1583 8860
3845 1825
5769 9933
8941 5201
3747 2484
9180 1251
6083 7856
1384 2193
9398 9782
5492 8414
3635 9730
5698 716
9236 4960
6320 7152
7807 3185
4934 6099
14 9058
5428 5629
577 867
9169 8867
3093 5239
9040 3493
5661 4183
3732 1577
1933 9833
3945 5757
2470 871
3270 7147
9688 6707
5802 8850
1398 1490
4847 8612
5598 8997
225 6171
6796 3708
3554 5835
6099 6052
3563 6975
1507 4905
2808 8848
8984 1142
6327 213
1892 2091
7848 1539
6895 790
8392 6668
9261 1997
7838 3617
8224 5223
6905 7185
3895 4478
3519 1486
663 6220
7134 4872
2177 9782
5734 2323
6664 4072
330 4098
1940 3409
6009 5239
1170 8752
9405 1331
3443 8781
7838 9944
1875 4595
1534 657
5336 9157
6007 8220
5948 2912
9994 7735
9192 1205
8275 2988
8232 9873
6567 7254
2960 3890
3999 9249
7597 6296
907 4852
6865 7200
5348 723
5941 7729
8207 9196
8624 6844
7585 6065
8818 644
2476 6197
8902 5641
7206 3783
4628 7322
2271 8162
1109 3886
8936 8924
3780 462
8754 2054
3336 9018
5610 606
1741 8891
9360 676
8056 2666
2496 2098
7904 3524
3544 7804
8922 7484
226 3536
1463 5140
2847 3764
7526 179
3263 9430
2813 7635
7744 9929
1751 2006
96 3826
1834 5855
8743 9674
8879 2786
4277 3511
9795 6882
9626 254
6681 205
8175 8792
4754 1163
1472 4501
9650 4635
6894 4481
3595 922
9186 6045
4785 4881
5071 2689
4860 1843
9016 7174
6216 2528
5567 5202
7327 2674
2781 1779
1560 6705
4362 6549
2915 9603
4368 2030
5412 6271
3209 5994
7068 7074
6203 5633
8777 7851
1453 9138
4753 8181
1069 1757
7603 6944
7660 610
3171 7205
1491 1933
1952 7444
2112 823
2080 935
5346 2358
5143 7558
2614 5456
8151 5918
2122 8281
3365 396
6766 6421
7728 8339
4276 6500
6998 8997
4260 3320
9680 3565
4878 7992
5237 8393
9206 3276
3115 300
2820 7757
7793 209
3109 5523
2476 8452
4297 8390
4918 9448
3355 5165
8636 9722
1647 596
4329 3899
3412 3919
7334 9845
7444 6805
9647 3335
8049 4540
1303 7419
6314 6106
1008 2648
8047 1665
4013 1167
3156 904
5483 3238
8031 2975
9970 6227
124 1291
358 1459
4883 2566
1202 3709
6359 2675
2842 3084
7716 4776
5148 7128
4043 4495
9474 2036
6927 8858
9927 7769
3904 2511
1134 9787
3184 2355
2196 7474
6286 7902
7475 6809
9919 8794
6068 3838
9664 5586
3693 1741
8449 9611
4302 384
6162 7906
5200 5976
256 3766
2539 745
1186 2973
8778 9916
5453 7108
9869 2328
2490 7742
8273 5193
3812 7444
8796 5167
575 4779
1147 2314
5632 7627
5162 176
8897 7499
7747 9889
8516 5967
2578 8467
8191 9732
4887 8683
8240 4174
1287 2196
5640 7321
1357 164
2171 3976
5188 146
8389 1808
7045 8838
6481 1274
2547 7499
3957 1405
5455 2560
2367 5637
5907 1989
7906 7933
499 1448
6442 5001
3786 3516
6298 4597
2075 5929
178 225
4074 5088
5778 2283
6597 6109
2729 8195
6403 3556
9809 2684
7351 14
1682 9296
8224 6762
3525 2532
1004 4047
1649 4522
9262 2624
5570 2960
7933 3754
7296 7190
4336 3933
6354 103
4640 1323
3468 8756
9391 40
8335 711
918 3759
2808 9253
6580 6599
2016 8233
7915 6567
331 201
2199 1145
1003 9467
8241 2012
5961 9946
6183 5695
6496 8387
1344 3447
7134 4469
8213 792
8102 7031
4411 8355
1811 7966
8096 9530
4389 1496
8895 2773
5863 3335
4094 5226
6725 9973
839 8568
543 3199
5325 9590
9309 5991
4759 4153
3536 151
7569 5381
7610 9607
8336 9358
937 5515
7275 1405
2663 4558
9417 4362
6259 1504
4062 6997
3634 3656
1442 8949
5130 9410
6489 8415
4545 8180
4415 5988
6147 306
47 965
1366 6228
3822 3939
7982 983
1085 8653
8052 2128
5248 8402
8930 9353
8425 6240
9800 690
5094 7975
3807 4361
6660 4200
7198 8123
6352 8885
3828 5158
5841 7518
4743 6849
854 6482
9690 6587
1560 4800
9457 2359
6623 6223
4416 2000
5416 8771
8535 7318
7858 8546
6979 5342
6653 4758
847 9526
7745 9525
9527 678
1184 2849
1498 5474
4823 776
483 7700
5782 3314
42 6812
2226 1050
2137 6585
8833 4360
9169 8522
1785 6643
8791 5025
7289 5178
4609 4464
9931 8212
1978 9318
6772 2667
3272 7476
6969 8671
9249 1745
2492 4860
485 5815
5062 8108
6059 9562
5500 7620
7761 3839
4622 3128
2263 8947
7021 7731
8090 7154
5714 6037
1220 4334
515 5707
4526 4478
8557 9190
1140 638
8122 1530
8230 7151
8185 3286
7629 3635
3404 5605
2134 540
5400 5234
825 714
4394 909
5321 3566
5639 369
8410 4721
1532 2844
4084 8692
6830 8314
2897 5821
5439 2965
9838 311
4603 1399
4943 5645
7159 3605
3747 4087
7176 8117
1905 3536
3431 3252
3229 2940
2877 5499
8969 2742
9229 9869
8025 8293
3545 5030
931 2748
3553 1699
1468 3551
4018 7088
3013 7174
6418 6161
684 2128
6183 138
5168 8562
2576 4281
9597 7502
9328 2247
993 9981
4123 3027
3005 4103
3501 2696
3129 7917
5855 1270
7585 8616
6830 1361
3430 41
6119 215
9925 7380
3726 480
7691 7
7202 8227
3130 3505
8600 8659
6619 9978
2229 9295
7560 7979
3030 1842
1323 6175
7976 5373
7175 1076
2043 1974
807 2524
7053 9305
2269 9640
2014 5824
3501 574
8581 5885
6811 489
8380 6838
1522 5622
3329 2362
5798 517
2508 4032
5481 6307
5523 6772
4362 698
4818 6030
1171 4198
7694 7761
4750 3729
4554 7998
6502 1324
2252 1101
2202 5879
8845 7403
4228 3338
1297 2837
7283 8577
2869 3126
468 7386
7137 9892
3076 499
2747 8588
2147 8376
2660 3481
4967 5166
2660 1412
9743 9779
6363 3975
9022 6690
6064 486
7502 5094
6610 1068
387 7949
6042 3474
5155 7648
6656 7272
8235 4031
1063 9647
8088 4555
3593 9571
2894 3770
5903 2041
7397 707
7410 4164
5477 2740
9856 7804
2362 9591
1348 5299
8843 9268
4223 3857
7935 753
6361 3933
9768 8661
2133 7817
9482 2927
5251 1956
4187 9775
4449 986
200 9773
5152 6577
1025 2939
3569 5124
7012 6445
8318 3196
3425 410
227 2822
7743 8198
7579 898
139 6526
8841 9729
1697 8398
1370 1264
9387 5574
1919 7800
7946 6250
8011 5300
515 3731
2094 3130
367 7707
4278 9786
1795 5687
4125 3497
4189 3799
1347 1828
6756 7865
3821 3416
610 653
5038 6089
2160 7254
5230 2825
9421 7110
3666 2049
3926 702
9244 5905
6483 1616
5204 8041
1181 1950
840 1587
7112 163
8864 4728
3018 7905
5797 5233
8018 1595
2607 2303
9539 2756
4408 5198
9920 625
7048 1800
538 7548
1620 1566
5081 2395
8284 5057
3247 9498
9900 7900
8233 3472
581 3315
