8941 1916
4558 6576
5822 6554
6829 507
5230 735
707 4957
1041 1944
9502 5313
1305 4794
6228 4533
8854 8302
1122 9354
2961 2956
4636 1521
7726 9666
3596 4380
8977 4936
8188 3738
4190 2373
5041 993
4276 8467
8838 1617
4295 8258
6637 8693
9387 1328
4987 9240
828 2987
8857 4430
289 9051
9694 5581
1412 6581
3896 8470
4090 5104
5266 9624
294 7003
152 4976
4117 2656
891 7229
8282 6770
5236 5571
5094 6752
9644 5169
4025 1821
6501 1806
8329 1222
6265 4932
342 8452
9052 6078
8006 2232
7356 3222
6217 4087
5772 5576
1437 3164
5888 3425
5301 761
9993 2999
1948 8768
9079 3425
7190 7925
1294 5746
8366 1017
1949 1436
7990 3022
3598 4271
7025 5361
6986 1726
2323 5621
1485 5283
5046 4914
9483 8098
3728 7786
783 8166
7365 8144
7646 912
863 2985
207 9000
6643 9803
1781 7860
3897 7586
8595 2799
2927 4418
8697 3377
2810 6081
9956 3861
1219 887
1876 509
9515 4393
5881 8861
2266 3491
2060 696
9287 4103
4784 9175
9753 5085
5978 849
3903 9843
3354 8251
3658 2394
3271 9061
1660 121
8349 7933
3742 3163
4846 3777
7255 5347
4126 3408
4904 4023
5027 8579
3330 6010
2204 5669
8111 3843
8771 5621
7868 3417
4396 5674
7023 541
3787 2113
94 1013
5553 7808
5964 9308
3209 8045
9641 7375
896 6860
5826 9732
7620 2889
5237 8246
7506 6044
7086 1630
3038 3234
7360 7917
4618 3157
7741 6606
8111 9005
2523 7207
1958 1072
5032 5339
9083 502
9825 6166
3226 5347
3897 2563
9878 8053
7827 6158
8430 1693
1960 6112
3592 967
5821 2402
2676 9261
1790 9951
2506 2440
318 1142
8048 402
4998 8281
6692 5555
7256 3899
7617 6892
4777 3918
3999 1848
647 8353
2493 5711
6689 7026
2195 5989
2841 4916
3628 7448
7849 1663
6572 7258
5914 2160
8959 5540
6839 2753
1893 805
5413 1845
5407 9825
4780 7212
5395 6503
3968 7706
5531 3029
2815 770
1178 4745
9593 4228
588 1575
6865 1482
7701 9978
783 8358
8926 494
3129 3244
6553 4778
8981 4333
5000 4827
8423 8441
6946 5076
5176 2771
3870 7367
7729 3211
4890 7288
4124 4152
9973 8090
9439 8654
6566 7605
3561 425
2471 3192
6387 3759
9155 9995
3716 1549
5870 7433
2349 3532
2562 3067
5335 7993
775 4855
4868 5019
3155 564
7720 4201
1991 4112
2933 5998
1072 1630
7552 8796
2790 9989
551 6280
5658 9623
6184 5900
4311 4988
3025 8011
2909 9255
5831 3801
5076 5533
5181 9584
5024 9763
9017 121
2186 3247
3342 8465
1409 1012
9814 3190
1376 8174
5311 5026
6454 3019
8999 5732
9742 6336
5614 1055
6783 2609
3083 8944
1495 5311
4525 7647
2969 2783
5786 3636
9127 1958
8494 7390
2457 3055
5065 4996
6994 7307
7572 1279
9474 9495
7754 6727
2409 2574
3955 9059
8923 7650
3017 5036
3 8188
4400 7735
3663 5862
7587 3964
3592 6820
7313 1366
8827 2074
7941 1323
3543 225
1303 5360
8504 7697
3955 6936
6938 3771
1122 6648
3588 585
7519 3266
7771 7703
8375 82
5639 5684
3213 7802
8447 6254
8217 6643
3365 3222
3181 3830
1410 7787
6168 8864
1933 1085
4221 5158
7562 3621
8140 1130
8910 8706
6688 5567
8260 2892
6258 7837
5005 7458
5012 1850
5815 527
4607 9292
3645 9398
9305 390
8230 5011
1309 3171
4445 1733
6053 5155
5355 4299
4622 4515
7019 6584
6410 6675
6038 795
9268 8565
5430 1707
7010 8183
2646 8025
8154 2900
4625 2510
6824 6620
1127 6750
7457 4326
9 9770
6634 641
6666 7439
3497 3901
6814 8786
3353 2920
3733 837
7305 498
5415 7296
8247 5926
7946 8527
2524 7057
7868 5039
2590 4771
6332 3499
1968 6647
4534 4224
1200 8298
9834 517
9042 160
2558 6397
1549 8600
5344 4873
9076 5561
5472 189
7236 5755
8609 8387
8148 4430
9677 9596
8988 3461
5665 6186
2192 8076
9555 3281
1573 5
1669 6339
2117 9187
5283 1240
2212 681
4284 7086
3481 8732
5837 8525
2812 6024
237 7039
249 9090
2633 11
7951 3897
1347 4205
7863 2442
2050 583
3981 5283
4591 7553
5043 2314
7979 305
3169 8798
197 6095
1372 6106
1134 4150
2005 399
6689 6940
1080 8021
4002 4641
7278 712
3172 7683
2491 3972
2389 3282
884 4293
1526 7734
9362 644
812 7762
7261 7377
7644 9898
4570 1091
7210 5045
834 9897
4918 2730
2393 2747
6581 3795
8570 4890
3498 4855
1814 8110
378 8424
720 7843
6269 73
7224 1268
5913 2115
7430 5630
4083 1200
4486 2821
1928 2233
5230 50
82 5341
2219 510
9433 4526
680 5560
438 3690
2773 690
341 9083
2537 8179
2914 9279
1070 8130
4805 4783
7167 5024
8797 2224
5712 7863
423 6533
1985 121
9178 2403
9329 3774
9706 7388
9632 7205
7134 4976
172 3700
922 7413
5741 3836
4677 3928
3314 5370
7492 1554
5119 3947
1801 9993
6876 1090
7457 527
7220 6686
1094 7311
2314 4359
5119 4801
9390 2549
1432 1116
383 7794
4870 3522
5737 714
438 7890
2892 4400
9428 5912
111 2409
2141 8299
8663 8404
1710 6471
6563 7020
1610 7947
7467 817
3816 2288
1495 6235
6286 3378
3110 7052
781 8879
5058 2132
5215 3974
5300 3376
5837 4605
7516 6678
4131 8696
7224 5286
508 7690
3073 1264
7166 828
7941 6522
7545 9531
4790 8012
1508 1717
1035 4994
2462 7522
586 2505
322 5924
276 555
2961 9365
5317 5034
3864 2341
6635 3431
8607 3943
9771 5185
2224 9848
407 2867
3674 4868
6484 892
631 8715
1332 1138
1267 8672
6871 3634
7541 3278
3981 9889
1059 1436
7785 2709
3417 3816
3427 8997
2585 8908
2221 2366
2190 2427
5172 8128
7045 4312
3917 6107
5833 905
3817 4675
398 3535
7378 2825
4105 2675
3002 8222
1272 2718
8560 1729
1919 6456
5570 5538
4999 885
3069 9043
8790 4002
9280 2476
6744 9655
4820 2990
4353 8630
657 5053
2451 3072
3914 7218
7005 3780
8693 2897
7674 5890
3923 1028
1999 1672
9941 1827
4555 1241
5417 7988
1740 3245
82 9778
9585 962
1973 7929
2480 6402
2683 8758
6266 6621
6045 1490
3609 2456
3529 2631
7654 6916
5125 2448
6458 497
530 5188
6440 9789
4676 9261
5628 5278
2525 4231
4218 9738
5933 694
6055 581
82 8351
2188 7407
4221 7667
8278 8272
4933 7910
6509 3342
8849 1760
4542 8986
6757 4663
8691 1235
5241 7466
8671 5614
7703 8428
5443 5155
6326 6800
2060 20
301 8453
2210 7930
7907 6774
4901 3484
3508 3098
8423 7955
9348 4625
7759 5347
7012 7037
9397 9420
3256 1037
2419 2084
4214 3263
3332 120
2132 5572
9904 3847
404 289
7499 6932
4925 212
6698 7090
8883 3201
5617 8507
5991 805
688 7176
7652 6954
9638 9882
8394 4489
6843 5602
4837 2370
9294 6091
4529 3670
433 4944
3177 4414
2202 3151
6680 7363
1236 7537
1850 4511
5349 7698
8430 8358
466 2747
6807 1634
5999 4053
9438 2230
1660 2340
5950 6248
2982 2874
4722 5892
864 4073
7016 5932
1977 732
9173 1332
4870 4276
4154 1267
9879 617
5336 7113
8835 3864
8177 2881
7569 1299
425 8393
2988 4943
2027 9894
5093 8552
6136 6336
2664 4340
4379 7815
7320 1251
9617 8589
9798 6378
8066 8941
992 2053
8631 3377
2570 5463
5050 6897
2983 8362
2190 3102
5908 3467
2152 3776
4972 5609
863 2217
7538 2904
2267 3536
9122 227
599 7774
1080 1267
2369 9720
6276 3707
1505 8063
7017 2550
5286 1922
5014 5925
2598 6455
6309 6954
394 7626
1710 8395
3421 1513
625 266
4091 2839
4487 8482
268 8873
9161 8210
117 1654
8510 7444
4552 2235
2941 6620
8655 2302
3581 7282
5652 2658
6159 5848
3269 8849
716 4757
1902 3672
9505 658
7949 3655
9932 7415
5548 7432
9160 602
3699 5007
9058 9437
2494 7931
4529 1683
5898 4131
5890 2676
9692 4087
7835 1567
7305 2748
416 7587
724 5023
3237 768
6743 8283
3229 1364
8591 8350
7461 412
8338 2050
498 1954
3763 1997
5641 6658
1060 1313
8742 4951
9600 2552
8001 3806
3397 3874
9781 4945
2027 9531
6342 7567
2232 9649
3883 5252
1050 478
4109 5370
1572 1811
1372 7938
8855 6715
7287 8755
3683 9711
9710 7856
3040 2559
6080 8967
939 305
3601 8426
2032 5250
4510 4749
9887 2890
6288 7827
3215 2980
1434 3995
8707 2270
9376 9308
4341 3860
6658 1864
8353 3079
6883 6460
2001 4268
3342 4756
2608 2026
567 6033
290 191
4464 9568
2969 9729
905 5495
9703 9361
9707 9289
3581 2383
29 4719
3473 2763
8642 8351
5474 9758
7532 5330
9517 7351
3844 8998
6936 2484
7741 7224
2449 3541
3767 1169
2957 1415
1817 6612
2646 500
6275 5792
2782 488
4240 533
5477 9846
7068 5854
1874 9749
4662 8611
6879 1849
3404 9608
2849 4776
5239 6712
880 5739
3728 5469
1596 8905
8936 2102
8962 9120
8209 6747
7356 7720
5425 9053
8806 6649
2275 920
6170 7934
1887 408
4544 3105
5802 2584
8481 4126
529 8805
4995 8983
8587 9002
7122 6219
8503 3411
5194 3382
6095 6848
5950 7363
4537 8974
1722 5681
5085 9974
8379 9200
6016 2302
2680 646
8589 8154
9022 9683
4975 5663
5516 2390
4642 1182
5999 5534
7350 3373
3984 9037
8525 7673
3050 4542
7626 3069
901 3833
1237 8687
7569 7899
5320 8197
8659 4236
9814 6402
6846 4037
1100 6068
4897 5483
6923 7904
4235 6065
8471 2094
5182 6066
8576 8080
9816 3471
772 1005
5271 4147
1272 8871
1194 6373
25 9213
8385 9469
8155 5910
8116 4383
4626 1528
9621 9164
7307 2491
3423 295
4478 16
2566 9319
2749 1959
6020 8651
3654 1087
7518 2036
7831 2868
386 6398
5790 7753
5020 4370
5461 7080
9421 4287
103 8419
7268 2426
9882 8783
3811 714
2263 2696
4696 4897
9313 5859
5217 2550
4986 6505
962 8616
3586 5277
2882 932
1817 9997
5223 7209
1796 8909
4755 6317
6986 5814
3959 6951
8697 6323
7125 6661
444 1169
2045 8426
3216 901
8358 9083
9959 3296
3440 9253
3611 7138
5614 5367
2131 5796
6112 716
4484 7694
5822 5376
3435 593
2050 1390
6162 8554
4047 2080
8127 1604
4011 7818
9358 4232
2565 3793
6698 5214
4925 4513
3578 4549
6613 9397
6256 9972
7951 2429
8864 8665
5155 1063
759 1215
9479 9703
612 9447
6728 272
1083 9075
8699 2647
9269 7289
9855 2054
415 6475
5404 1000
1300 4391
4545 3775
715 9654
3926 4855
9187 7261
6807 3153
9619 1205
773 5551
8214 1824
6495 9057
2308 7301
8353 3729
5972 6742
427 6532
4451 7544
7613 4936
5675 7395
2576 2837
8233 5395
3826 8022
6530 9435
6486 6512
3655 512
3424 5595
2816 8050
1040 1820
3912 6401
2216 3287
2616 8190
3858 4294
9087 424
9504 5103
3195 4584
4075 7149
9211 3150
7007 3017
738 7203
4156 9566
7686 8937
8036 6483
7358 8003
244 891
2486 489
3412 6593
5238 3257
1408 4897
6474 2634
8858 1924
3542 4860
3340 8241
7973 4530
1600 7418
3912 8789
6312 4372
9845 3148
2644 1504
9406 4556
2680 5681
2599 6796
2853 9999
9012 1575
9680 2024
5864 7724
9270 834
9546 8539
2973 8875
1915 6422
7991 5848
1912 7980
6931 9035
8031 4055
4452 508
1450 6661
6403 7897
7256 3036
6124 1075
1575 4494
8794 6910
7886 4822
9539 5342
3021 1487
9929 6354
779 2061
1863 2347
3226 1582
60 4857
6120 4155
9998 9355
386 2186
2003 1992
2283 6096
4041 364
3302 3341
5296 4141
1597 2290
4068 5218
7787 6362
8272 4329
1596 1564
704 1539
3431 970
7186 7052
3857 1779
7395 9213
1136 9590
9823 8807
272 5743
3075 7912
1545 3898
3005 1782
168 4761
3716 6500
4087 8659
3255 4417
333 67
8599 7580
2882 6584
4712 2811
1300 1350
2466 3493
3597 6394
4917 6760
3271 7365
3919 5087
9721 3892
7494 7796
3168 5292
7137 669
4835 4157
8987 8567
3898 7628
1195 3114
1421 2659
7902 4016
8789 3382
4666 4817
9245 9605
7321 4376
634 4967
9965 931
2024 8971
6754 3658
3707 2366
554 1367
6713 1349
9927 2748
9077 3316
6567 6648
1122 8876
8983 4426
5537 6133
7060 7001
9009 6601
278 8407
5693 9489
5499 5140
8393 6144
4996 6955
6168 179
3140 3460
7565 2629
5611 1891
5009 9517
3079 9420
1212 5429
9851 5343
1660 7764
2618 5380
5649 3440
8139 8124
8362 259
9560 5452
2958 7891
5098 6487
6398 8797
9003 6505
9907 9843
249 6057
7905 8644
979 1764
2883 3738
2738 5125
1819 2534
5638 154
8467 1022
7898 1927
2247 6781
2129 9628
6445 303
7490 2581
4511 5847
5525 1106
9537 7079
7367 8324
300 1145
115 136
4636 6387
8735 7888
5572 1571
5021 740
8241 8575
4579 2151
7175 6794
700 3655
3987 2162
6190 1013
6378 3632
6995 9855
5490 4999
4973 1574
447 9511
1054 9252
5047 9782
3468 7264
8601 6358
6536 2193
6233 6490
4740 58
9752 9043
8788 9088
2641 2859
3710 8970
8941 3
452 5658
3618 2367
2966 3639
2111 2472
8944 8101
7863 5371
1871 2574
345 8480
9081 2072
9749 2248
3102 2356
6228 2137
6795 7304
6565 103
8297 8986
6724 260
2773 7268
9873 7547
2891 7214
2008 5387
6304 8782
2375 236
1679 3314
6951 4167
7067 7397
2150 3652
8812 309
9784 5931
5199 8555
2395 2757
154 7917
1306 6008
4308 4860
8526 1294
6799 1262
513 5895
3827 3777
2656 680
3780 5779
4535 4996
5948 2475
912 1767
9500 4628
7940 2278
4559 9771
8517 5127
342 4507
6168 3598
5415 6054
5705 2122
2918 9592
132 1733
6808 8749
7491 7605
9576 2747
5283 7032
327 1328
8715 5006
1265 2572
9467 5058
9517 6655
6466 8198
8965 5128
2762 5360
8941 2091
6194 8541
8012 6102
4451 5917
6281 6109
6657 1943
2114 4001
4066 7209
9182 5036
4943 8198
5306 679
8910 1670
7002 5147
2945 6857
7070 5901
6225 3315
4746 186
4125 7015
6767 3360
6652 4930
2235 5920
4289 9428
8506 8178
8734 321
5343 6861
2525 1911
6179 4565
8115 3825
7041 4632
4359 692
9202 3220
9885 5252
1797 9824
4733 7606
2194 7389
2357 5019
1491 8075
8536 5371
4207 8571
2028 4424
2943 3487
8168 454
4258 2168
1005 2801
6163 2370
4583 4376
6330 1998
599 5199
1423 1777
8699 6111
9524 6265
6718 147
8105 7441
8351 7514
2621 1526
8682 3813
7927 965
9378 9324
2708 2213
8380 6660
5483 1329
136 4868
1801 7480
8057 7421
8316 991
6517 7605
628 8119
9266 2961
1749 7872
6356 8498
7011 700
9393 973
5756 2441
1520 8928
2254 704
9183 5492
6938 254
3683 3229
9778 4378
8769 9164
9749 9044
4858 9978
4455 7212
5593 8857
2710 3853
1008 9842
4143 8356
4677 2764
7771 5690
7650 3856
3565 6664
7234 7755
8939 1555
1127 9662
3584 1073
7152 8969
5616 2767
6303 1354
9374 3260
9796 3406
622 6129
6933 7525
2313 8523
2189 5714
618 9883
3944 4620
2211 3654
8195 5556
6091 5192
9028 4272
3260 9563
9579 9681
8852 6812
780 2598
1943 6743
7036 4020
4029 5042
8095 3787
8799 5603
9419 739
2444 707
6765 2751
3274 8445
6489 7841
8758 9575
7803 2822
918 1688
178 4749
744 5532
515 3825
9928 4384
2088 3840
7187 4239
5056 5850
2405 8659
5727 6307
1154 7490
5899 3774
3972 8810
4733 6288
3468 1247
6242 9431
7921 8436
8695 6941
7501 8278
7809 1254
9212 1511
553 3819
6980 4791
2596 2118
2701 8359
1225 33
9269 612
2621 6481
6724 2408
5693 760
4579 9427
4665 5732
6305 2193
5885 132
6866 3334
866 699
1866 2796
5220 3240
5413 8372
3090 380
5212 8329
321 9778
8664 6781
4165 5296
3442 8032
4849 6494
267 2178
7006 3534
9192 6352
1248 3340
8034 5663
5653 4941
3230 9234
9105 3020
503 7365
3260 3168
509 8643
7261 758
2797 5876
8230 453
4149 4847
3336 1731
2364 4087
3106 7100
8476 3236
731 2089
2910 3766
2221 4417
6602 2944
3447 5545
4503 9801
3487 4132
1860 7284
623 3785
1510 9879
4608 6460
8966 9971
7086 5839
4956 107
9028 3502
8143 4496
6372 6234
6552 1136
2426 9762
7556 7979
3819 307
9050 6386
1023 2738
1719 8937
3462 4262
5559 4329
2875 2691
974 3358
6292 4206
4478 9728
4539 2618
8428 1304
4880 4305
8163 7674
497 5390
7051 3626
8887 17
2771 2337
9995 714
160 7492
5927 9647
6854 3093
4643 3862
2899 662
6622 7613
1513 5440
7146 6369
7209 4801
1758 9434
2831 9702
6142 8315
5467 1582
6256 5184
4689 8955
5622 9309
5372 7214
649 4251
451 4157
3351 5430
2150 6487
4761 3927
8245 886
1773 3869
7203 6737
6711 415
6144 8990
7290 5263
7751 8108
1651 6335
5984 28
5563 3919
6261 2507
6796 6696
8802 1035
9840 7864
6252 4849
6650 3768
8296 407
6375 8654
6140 8949
6627 7818
5536 4464
9872 5816
9603 6428
6476 2825
9937 807
2144 807
507 2156
5846 67
8732 4000
2449 4559
25 2419
401 9388
3066 874
7606 7736
2453 8572
4294 9556
3597 358
552 5135
3913 5581
6233 5964
9887 9886
5595 128
4683 9646
7352 3215
3521 3041
2331 5505
2754 1673
9916 9083
2391 3442
3755 9495
6208 5741
4574 6747
9775 4694
9919 37
8692 4375
5236 4352
9526 7570
8402 7938
3698 5202
9296 7415
458 1054
6450 4107
1010 5990
9160 1448
4634 4360
1048 7846
3581 8346
3370 2835
1341 293
206 9271
8468 8670
9555 5884
3654 5946
5106 1636
8355 6811
723 9556
1497 7753
4385 3016
4675 7549
7493 919
1560 1104
3145 2386
1640 4927
7504 673
9022 8887
3576 5615
7727 3560
2532 3327
7680 5834
3150 4131
9278 3251
5074 1460
1631 8594
8256 3673
2662 6699
9542 6476
7772 4349
8110 2603
9236 4587
8698 3206
1386 9626
2858 3405
4678 3261
2156 2415
6378 8556
6687 733
8438 795
7751 5522
6533 794
9069 7233
3403 6795
4825 2842
6904 5345
9646 5161
4973 2287
101 7034
731 9532
3512 3725
6414 785
8395 7704
9950 1651
6084 6999
2705 2036
5893 981
1413 405
2252 8179
1081 3396
3932 7616
744 1936
2867 3463
9465 6641
7461 1291
1928 4790
4193 9648
6252 6810
8971 9622
3882 3513
4687 1576
4960 217
9464 6499
6095 4447
7903 1327
3996 5979
5403 7751
2850 5131
370 7464
5767 2531
5238 230
906 2043
9663 7277
2621 9808
8815 2506
3220 9211
409 3212
8220 5110
4639 3914
7862 8477
4881 8994
3915 1773
9839 284
971 3632
4375 6732
8383 7998
3828 4174
3702 9972
3486 6839
3039 963
3095 1364
6424 5739
7130 3093
747 6262
8809 597
6944 705
6044 805
7364 4943
5707 730
5147 4604
5584 5257
6627 6839
2489 2384
488 2793
7659 9042
8234 6276
6208 1721
2524 4639
5825 416
5311 1186
4832 610
3771 5080
6267 3822
9714 663
2162 5540
3982 9422
5622 2515
6202 1881
3497 106
8920 2982
1051 7090
5659 3447
6322 3763
2333 1734
5126 6253
837 6817
3300 1886
8931 2420
1628 1555
5194 5094
1629 9636
8246 1483
8074 3761
5676 9605
2101 3797
7816 2816
4833 7488
5335 8742
4473 235
111 4144
2881 8646
8403 1050
5893 7195
9960 7652
5691 7003
8727 9937
3327 5134
5731 6179
7811 882
9059 4447
6211 6017
429 6241
7339 396
5337 4351
8233 6349
59 7324
8184 8676
6441 3786
4458 5809
9582 4149
4729 5975
5862 1726
7578 8352
2608 1822
1232 7670
8474 1823
4975 9769
6257 5571
6519 4871
5920 2196
3979 3201
1151 1174
5578 3093
3046 1109
8089 3316
5450 2853
356 7189
9548 56
8259 7229
478 2455
5814 536
4451 3280
3363 8802
9665 9908
8364 1347
3551 6824
6289 1510
1639 1637
9797 6860
4836 9067
1690 6896
10000 9775
5974 2252
8031 5872
6794 21
5555 1069
7229 3554
7099 2592
7339 3670
1111 2924
1892 672
99 4254
2278 4385
3713 9918
7401 5817
4107 195
1428 9178
4075 1943
7641 3024
8951 1296
5461 2695
7538 588
1973 5633
5579 4824
4585 7073
3733 6755
3899 6630
4537 3149
6903 8738
2277 9781
9219 5165
7290 2452
4635 6469
8227 3096
3980 7454
1505 7126
7378 5026
5010 5247
1841 2009
7160 1158
3034 1542
1810 3401
2299 952
7214 2267
3838 6967
8466 4896
9569 9129
1235 8232
2522 7209
9769 8140
4645 935
3116 6078
7259 5711
5982 3916
4642 2939
6401 7543
139 2802
810 3803
3548 4613
8916 4541
5561 3269
4874 6818
1946 1964
9779 8222
7876 2084
6011 65
1710 8136
9619 7293
2920 7574
8056 7199
5349 856
1878 1125
5102 8878
1898 3263
4330 1032
6956 1434
3186 5994
101 4739
7374 9699
9754 3736
4640 8700
2952 7629
1838 2785
1249 9172
5317 751
7061 1226
8465 7063
2047 9498
5749 2669
6745 1917
4292 1279
2431 4076
541 5555
5111 2061
3957 8015
4038 1326
4449 5088
2473 9181
9628 3886
3184 3843
6170 2475
8159 9720
4912 5525
2389 2426
8988 9726
5424 263
1880 4036
5337 7650
1379 612
9719 6306
4440 3933
8353 2226
1266 950
2506 1881
1041 5224
5700 2187
228 4968
3765 9732
7048 841
6502 6093
3624 44
9719 4788
7962 1859
8741 754
6601 4165
6888 4318
9115 3415
7668 5939
2651 8917
6924 5967
8775 905
3661 1062
902 5116
7471 6398
4742 5487
7805 2586
1886 8945
1123 4281
2846 6156
1113 6039
6459 2892
4356 4384
528 848
1392 9727
9962 3381
966 5109
8732 4086
1648 4078
1061 9795
7818 5670
8579 4657
8007 5527
4558 4517
2720 6799
431 3409
5239 598
7738 9180
7744 8476
1117 6686
1291 4975
6775 2567
728 1438
4808 8037
3134 4954
317 8398
8163 8736
5824 130
1766 6082
4063 2189
7125 2100
3725 1430
6665 5507
804 1615
9354 8490
1954 1468
2545 1447
9071 8380
6333 1723
859 6711
3284 8173
4294 3351
6007 2224
8809 1711
7186 9632
5346 4798
989 594
6229 2797
2312 9684
9546 7500
590 1456
3412 5692
5655 3529
2043 9887
8 7613
5137 2067
668 8276
2280 9611
2786 2056
559 6157
6476 2283
6662 115
4939 9393
9825 4014
1511 3721
2613 3408
7721 2274
691 2170
9961 5902
9881 9896
6965 2406
3361 3013
7974 4939
2056 1202
1753 4383
2032 6091
969 4826
478 4468
3667 4904
1227 5571
1457 9471
6792 5560
4042 6831
6912 7773
8765 9545
2184 3539
3490 534
1692 4073
6878 8515
7277 5256
1301 416
1333 1907
989 1213
4546 192
690 4308
8290 2368
5781 3551
5439 5450
1355 4886
9736 3364
5144 1827
7700 5054
7773 7483
9473 1109
1239 5734
1367 8767
8965 7750
372 8838
9106 9946
1951 5581
6304 3865
1824 9718
2264 2471
6443 8199
8946 5271
4880 1028
6522 1187
3748 6692
8520 6344
3732 2379
6899 8433
8542 9170
4655 9967
2683 9284
2440 2180
2100 336
6383 1069
6968 6461
235 5054
790 7159
2161 9432
7998 4017
9800 171
4189 5877
4246 6156
6193 7008
8199 7214
5829 9655
5925 5436
7530 8437
5362 9537
2594 3487
7257 4708
9938 5981
8733 8961
3578 8750
7703 2008
3113 9353
4075 5704
7233 3192
7377 3128
1264 7213
9320 9026
3514 4689
4467 4360
1065 2076
1710 7676
7862 4615
3323 4983
9641 3040
7550 7486
9335 1077
3219 4952
7970 6191
3208 8111
3802 6572
1781 594
8474 3824
2948 4792
5721 5991
8531 7093
5735 2117
753 3486
5420 5917
1888 466
5774 8298
8115 4840
7252 1093
6224 2950
4562 6503
4107 3273
8697 2619
7722 5535
1661 8370
6928 3977
2715 7239
6452 3246
4530 2741
2568 6303
9241 960
9401 4433
1319 5412
949 3907
8145 8279
7434 9354
9054 7630
3704 8350
280 3259
1586 4259
8614 1099
9890 2613
4503 4146
7254 3482
8961 3529
2783 7554
2145 9269
8270 3926
7645 4732
2279 3610
3618 1921
5459 4510
2467 5967
2923 8128
2110 5176
4449 6524
9247 3815
317 2680
5250 4454
7050 8622
5445 7659
8677 6655
4910 8055
3879 4543
6430 6233
5437 4656
4706 2118
3101 4910
3924 6508
5641 3730
4516 1807
7047 3974
8921 3419
4338 8115
4029 7394
7729 3263
1104 6675
3904 203
348 3265
2323 1664
460 7711
185 8018
9981 8778
709 6395
2852 9140
6095 2585
9219 2771
2715 7213
421 5413
205 9976
3262 9098
7220 809
2484 1723
5485 7556
8581 7212
4809 6096
8116 2216
594 2479
2742 7293
7705 7084
7512 8256
1564 2251
3690 6263
2837 7652
1470 2148
6815 4477
943 5426
8205 9958
7576 6163
4147 7312
5509 6611
4994 1218
640 7369
7215 6468
4636 8435
8069 5683
4902 5460
1212 9133
7386 2655
6150 8409
4252 8763
6888 5578
3230 2144
5771 7032
6150 6359
3983 9050
502 193
2495 9230
2260 5622
2107 7373
9150 3397
4259 2910
7609 6241
855 9526
3933 8976
1258 1755
2608 6007
6775 9360
1897 7829
4264 8856
6829 5885
9592 755
1337 2714
1141 5204
1537 7906
9652 1976
983 320
5240 3912
8187 1020
9043 4092
3367 835
5587 3122
3192 7040
2662 885
1726 1306
9875 4419
5872 5045
4790 329
5967 8166
2810 2708
1099 7762
411 9006
4002 5959
4361 8805
7243 2360
1034 5876
8771 521
935 1905
7905 6737
5337 5400
3364 244
4180 3858
1681 8580
881 4142
4093 4641
3631 6794
9821 4853
6208 2056
404 6998
5447 5684
2409 1713
7394 4374
2556 310
5803 4656
4023 4757
2557 2033
1967 226
9412 6837
5912 4683
586 5444
4365 1735
3259 4116
118 2984
1558 295
3788 2823
8831 9898
8939 7488
1465 4651
5132 3874
2010 2403
4593 9663
88 8390
3434 148
1012 823
3304 8305
682 48
6861 8626
8314 3995
6826 1494
7442 5831
9443 4918
4984 1993
4306 4341
9080 4737
404 3778
2478 6225
5647 9694
6368 5054
7562 9623
4343 3365
6111 2557
2607 547
6660 4944
107 872
6131 83
6775 317
5475 16
1935 8112
8158 4355
9676 3321
5410 2282
311 5873
5930 7855
9514 4874
5445 7898
56 9840
7845 662
4269 166
8212 6194
6390 5518
7037 8164
3983 6476
5965 593
7559 6115
3387 4317
1175 4514
2823 5471
4272 903
6683 1810
8614 4760
8845 3057
4673 8347
7808 4200
2193 4621
1504 9420
1059 6684
554 5395
8216 6430
7022 9304
2207 5938
3715 5008
8748 8486
9617 7152
1961 3312
1094 2480
6103 9338
5077 5262
1546 588
7921 4848
9857 4253
9203 3291
4142 2282
7026 8012
3949 5483
8814 7157
4432 6869
1364 8065
2726 7954
5363 1496
4734 8787
4651 9981
3287 5975
4002 6687
6863 8568
4871 314
4186 5205
2718 6507
7258 2747
1823 8907
9519 2272
8904 4582
7574 4931
730 5770
6659 1756
5153 3276
7129 4742
9849 1495
9410 9013
4749 5453
5915 4099
8696 3909
2099 9253
3745 9079
8712 820
4218 9113
1430 5022
2834 5029
446 7430
3049 9950
508 9659
3966 2454
2544 9280
3737 9222
6527 3482
7932 6782
5131 2533
3283 3802
8794 6312
292 7586
2159 9512
2479 4653
1053 2516
4360 704
684 5870
3991 6796
3139 730
9255 3348
894 4166
9639 4096
9674 72
7884 8017
8362 7063
370 2203
8159 5149
7292 4430
1129 5410
1717 8507
2395 6549
3269 880
2069 4549
8571 795
3130 8995
6179 8760
722 9829
459 9097
9813 8610
3335 378
9136 1337
8373 6849
1571 5537
7503 5933
8667 6783
7796 1909
3555 8354
6800 4919
1327 3479
3343 3971
8528 2841
7867 6762
75 4014
7785 1422
8483 5141
3681 7048
2335 2149
1875 5006
3243 5774
240 1442
748 5266
1726 486
7898 6461
3240 8561
5059 7648
3194 9153
7895 7325
8117 9035
4102 2158
8571 2937
7071 9312
8001 8010
651 1614
6661 3130
2337 9465
7381 126
5771 253
4080 7336
9107 6598
1959 8451
8978 7772
6800 7026
7570 4489
5216 3940
5403 2882
5019 6234
7932 9913
1826 847
7106 5696
478 5437
413 9651
6288 9880
9636 4096
9673 7948
5112 379
3753 6208
9776 2665
6330 7012
3265 6466
6410 4114
1566 6497
7993 5993
973 1668
9747 5535
2461 5182
2035 553
5702 8692
4896 932
6915 3918
2367 760
4994 1739
5990 1136
3090 1090
5782 7120
6182 1194
7975 4730
3274 6784
6343 9236
1557 7388
4586 8950
4633 8357
4410 7351
5134 5332
3643 7718
3320 219
7289 6069
4283 2928
1334 9297
6927 2199
1795 8803
5192 5221
7808 1730
3565 2161
5108 1430
4694 5997
9067 5463
8567 7602
3751 5285
6798 2564
8836 8494
4012 846
4953 304
7812 4822
8175 3891
6389 8557
7156 9914
1828 5844
1280 9751
8710 5732
6216 8119
4617 8372
3115 4503
1704 8617
3257 1473
4972 6358
1057 4137
7894 8472
175 6689
3634 5648
306 4459
3961 5430
3718 9714
1236 7511
1922 8222
4419 9006
3913 9808
9635 3128
8761 9506
3916 7848
5858 1676
6751 7564
4780 5948
9937 140
6666 1863
8983 2023
2611 8286
8159 7553
1663 4274
5677 2315
402 4193
4975 357
857 545
7908 5569
4945 2398
2070 6527
2762 7526
6996 178
959 930
7171 4709
8002 9210
3840 7141
2600 711
4717 7667
2585 8927
589 3733
8825 109
8987 562
6675 5252
9037 4510
7002 9080
9512 8966
8461 3904
738 7184
4157 7341
5373 976
1191 8859
4952 2183
4741 3686
8937 5205
6928 5259
6088 8290
5453 9479
3022 2001
6178 6429
5207 9514
2635 8554
8417 685
3399 2839
8684 335
8584 4315
3406 3310
1786 6410
61 9882
1840 1502
2498 9073
2336 3293
9487 9231
7046 3969
5048 4051
5025 3499
9337 6941
837 3020
8503 2807
6767 1385
2667 3440
310 9274
1886 2025
8565 4661
6518 3942
855 4081
8912 8559
7893 6451
911 1283
7736 520
8293 2084
5669 3609
6633 8741
8952 6959
5956 2790
8095 484
6856 6158
7224 2426
3900 6581
9175 2028
326 1236
5320 2227
4421 3382
9232 9288
1503 6255
9567 2367
4653 5307
7913 9815
7695 5711
2595 9215
1343 8316
9765 831
8318 3166
1646 5492
5848 2317
7932 2957
8881 1649
4478 6584
585 4283
5373 8984
9144 8390
1639 9570
2398 1105
455 8636
2785 3762
4475 8705
3646 2593
720 4263
876 1794
7095 341
7769 4252
9713 7573
1674 1186
6101 1082
8113 8438
4336 4260
3441 7238
6391 7887
4261 6983
111 244
9947 7718
7607 2433
4253 9430
4422 5098
4812 8942
3062 1753
6912 3965
6120 4043
5880 6696
7984 8587
8791 9900
7610 2470
2818 5861
5330 1973
866 7620
2199 1379
2889 7932
8875 8423
5734 2223
4088 7772
1431 2672
6249 5210
7412 1967
588 4889
9247 1818
4317 5770
5882 3603
7256 7024
9539 9323
2090 416
1945 8290
5127 6738
9108 5939
5978 9788
8553 1492
5406 8891
5850 5848
2354 6777
6254 4474
4653 9322
2103 4559
3393 8282
7300 9907
3596 5330
5727 509
8161 8924
4075 5114
2057 4115
5275 707
2078 3742
9655 8975
3436 3752
7509 8286
7855 1626
4609 2805
1475 2608
4956 266
2929 6659
4747 7712
4904 4815
8806 1719
812 8423
3790 5601
2745 7217
5699 5101
751 7859
7460 6512
9745 4113
3674 719
7967 1854
6463 4229
5512 6054
9851 4088
6155 3128
6264 6379
7663 7976
7243 6651
1330 2618
3862 9673
5750 5789
8864 4792
4220 1291
4558 9797
7121 6473
5291 4271
9915 6444
7717 1802
8266 1426
1571 9094
1212 1159
2113 7245
1647 2009
2926 5363
4087 5738
742 6223
2798 5219
4493 6321
7526 1720
8834 626
4575 809
7783 8357
7400 1243
3947 340
364 5897
1691 1952
4445 4295
8492 5332
9901 6884
3251 6263
3887 7616
7833 9749
1024 6847
8732 7427
1082 1913
5743 4425
5484 8420
685 4991
5344 2100
5078 2931
1625 3281
5023 6807
9214 9450
7062 4966
8938 1695
9107 2751
2639 8983
4611 4778
9940 4271
9381 6003
7868 1818
5040 3904
5072 4004
403 9902
4390 387
4778 2949
5441 8121
8148 7133
7051 9634
1601 2405
2893 1515
9699 9297
5800 3425
6497 1485
298 3273
8358 3936
1448 1806
1226 7637
6353 7560
6037 1152
8130 9511
1403 6066
1323 3964
3641 6872
7427 1432
4322 8991
3261 3376
7262 1014
8005 9707
7096 3842
6758 4491
6504 8925
9641 3120
9666 3367
7607 1069
9108 7202
6813 8473
5482 444
5752 5828
5357 3446
8705 391
5131 6866
4793 2749
4261 2862
9876 4034
6384 2726
59 817
1270 9284
6111 3198
2988 5408
554 4251
2440 1525
3014 8705
1068 1767
6025 8782
4482 6896
4146 5697
1626 3867
1568 4437
7478 1622
8893 2144
5507 1294
2080 2480
1576 6418
1054 7731
2508 4273
5448 2417
4481 5761
2735 4547
1250 5830
9713 8769
2584 7443
4571 7529
3911 7007
6786 4856
5764 3058
8180 3782
8010 3722
888 1961
4913 5574
8738 7129
4311 3665
1419 1060
3001 552
9581 7894
4603 1772
4712 9555
2742 1838
6431 7040
341 6876
3845 2089
4579 2631
5585 7595
572 6342
8727 2419
3682 3306
1457 4360
1269 9721
353 6803
2599 3543
1362 2508
9224 7744
4138 1214
9673 3381
510 2612
2899 1390
4660 2824
6071 3809
6571 4335
5169 5245
9958 2868
4986 9546
3101 232
1090 856
2122 2853
8963 3234
7131 2600
7347 6024
9143 9644
5317 391
4464 5631
1736 6535
884 45
5986 7716
7462 265
4594 1715
8356 8244
3868 6908
5887 358
6228 7922
1936 2454
2732 6021
512 4035
763 9047
1929 446
948 4814
7381 3280
7083 4922
2276 3325
6251 6494
9722 2757
9847 3306
6131 3145
1451 453
9434 3910
247 1693
1387 4157
4280 5488
8631 4100
661 5445
6269 3712
7237 6584
4816 3307
9730 117
8361 579
2720 1782
1134 5306
1849 3105
9019 5938
2846 7331
701 1525
9362 5694
7110 4814
6876 5783
6598 1790
7857 7783
6510 861
9753 2774
5979 4561
7343 1566
1078 6139
5560 708
8560 6958
2887 9589
1509 8903
3916 3666
7878 8820
5582 4410
6882 5684
3302 4885
9639 6688
1590 6365
9239 4901
3077 7422
5156 3497
1436 6845
5226 2279
8490 5809
5259 2022
7669 5002
6672 7330
2403 8257
1844 9843
5117 9121
9548 1723
4526 5154
8523 3818
6767 8058
1940 6916
3310 8298
5161 6852
9515 2742
609 6684
3813 3225
1321 4905
4934 5155
4563 8472
5515 9444
1250 3552
5975 3692
2780 9319
7175 8838
5760 9745
8115 1064
7861 3764
40 4407
2215 2810
4458 5683
7632 6636
5195 7413
2900 4238
3329 1807
8496 9775
7590 784
8564 488
1523 6924
7739 261
2556 8084
4003 2708
651 8719
3854 1990
1107 3140
7345 8258
4047 7811
3062 405
9257 2765
8730 180
1339 6253
6417 7982
2374 6048
2003 604
3281 3325
560 5544
9265 6956
3341 9119
1719 4972
2651 6166
8629 2332
3208 3384
6214 765
5430 2215
2209 4935
5633 2113
5340 805
5570 7012
1609 8338
9486 7257
5161 5345
8892 6423
9048 7360
3877 1047
1449 4314
3007 1191
3453 3787
7325 2979
9864 8259
9208 4097
3829 1612
2755 1548
5051 7046
222 638
5354 7316
9608 6727
2834 6156
4748 1396
5816 3385
6717 4127
7140 1352
6015 6316
3881 7186
8049 8747
7449 4292
368 204
5272 7928
5151 8970
7779 9550
3685 8370
5519 8093
1920 9458
2251 7825
5367 3106
2896 8146
5216 4398
1214 557
163 7052
7980 1019
4818 2582
3373 950
1939 508
9565 532
6750 9393
9337 6196
6170 9115
2599 6949
5550 6480
4804 4733
4767 2462
1743 4060
8249 8970
268 7258
8015 6504
6182 9680
6024 4755
2885 1356
9798 4923
612 9308
681 108
4994 5972
1523 2795
2288 9486
9661 503
576 9476
6317 8063
3148 5482
3385 5917
3739 6811
3378 7822
9270 2433
5544 4267
4728 6112
6036 4822
4091 7517
8636 4185
8869 5818
8225 5028
6560 6866
9451 6119
7319 7140
5571 5274
5184 7000
3404 1388
9909 1261
8103 9317
6765 4669
8131 9166
6086 4745
5760 29
3316 4871
4341 3544
2036 8006
4178 4369
7832 26
9372 1098
4464 543
841 8539
3575 6422
8764 3160
4978 6284
8725 3883
8086 806
4541 2363
777 228
2534 2909
8555 2752
3166 9893
8841 9264
243 6474
8689 3249
8356 5039
9182 241
9349 3378
9510 4874
2120 2799
2125 4048
7597 9572
6055 7352
9641 3954
3648 7459
2423 5368
362 5645
101 5882
7832 6291
8619 6790
7503 2103
1779 6498
1045 6645
2904 670
3080 714
9605 4650
8312 2272
5445 9929
2296 4691
5853 2683
7239 7057
2782 2637
5353 6231
8572 425
6266 1508
2324 2473
4743 8077
8997 3109
3332 1971
286 6706
2642 1664
5990 374
7992 4515
3648 2615
6344 688
5560 2169
6899 7629
7100 8126
7827 7765
7294 3075
254 6476
2624 753
5366 7538
2270 348
8205 9775
1528 9216
198 6198
2896 6891
7668 9590
914 1357
2963 2098
9260 808
7360 2843
2591 654
1900 854
785 2065
7227 4550
6104 6126
1689 2851
9101 7084
1590 930
8356 9013
5724 1999
3147 5759
3272 1357
8493 420
8660 8619
461 229
9058 1681
1528 5559
7566 7580
1548 4730
2383 4447
2397 7322
4632 6880
964 1434
1709 6544
6108 1564
2840 902
3411 5422
1798 175
6251 3782
7655 6867
4818 2776
8264 5377
3265 9297
645 4435
2810 3934
5156 3816
4058 1237
4416 5537
4801 7729
683 4905
2152 5988
5371 9426
6834 2617
8843 4507
5236 5663
8055 6240
4413 8972
6013 5102
2680 300
6470 2354
5355 8766
1732 699
5624 3875
6805 2395
4619 342
5844 7915
4621 5770
6636 8801
818 3004
6245 2888
7804 3673
855 2195
3455 2845
7466 5790
3928 4285
6906 8072
9958 1755
3129 2935
4400 8018
5931 7954
6326 9891
3573 6543
2980 6749
1093 3091
4885 9305
7145 6235
816 9927
4544 6387
1808 5480
1688 7253
7020 9015
8469 302
2742 6470
3192 7128
2314 8609
8906 9109
6895 8660
9626 1527
8026 7225
7790 2255
3441 3122
678 6988
3687 9113
5043 2623
6391 4554
5784 5748
6816 3456
6092 6945
2472 7117
621 2807
2141 4971
889 4771
6058 3039
7081 1715
3037 3375
4700 3255
3833 2691
9917 2409
4508 2504
3931 7135
9179 219
3932 7017
1193 2576
9282 7818
9077 1926
9073 6348
5532 39
6744 9537
8435 8726
5404 2216
1162 8132
6999 2081
8942 6855
5558 8956
6727 6286
5212 9332
6908 3715
5513 1250
8113 9873
9715 5911
9726 1791
150 4554
3617 112
5836 4506
413 6431
6489 4913
6119 7972
4044 9066
7344 9203
2955 9506
8070 2460
2862 2330
1288 8778
8014 2830
5373 459
2223 6793
8333 4978
2139 85
2939 3931
5823 6943
2004 7539
9551 7389
2329 3792
8116 4519
9830 8786
5043 7447
7527 3511
9045 9599
8204 2908
4374 7039
8020 3093
2783 170
3499 3634
2808 8069
7188 7925
5891 4148
9240 8590
9291 4668
9690 8606
1282 3327
1187 6490
6980 2297
463 2574
6129 2315
8392 2896
1830 1105
851 419
7899 8039
5548 5868
7674 5134
6126 793
8054 8337
190 8960
846 2322
7665 269
589 9714
7426 5724
6862 7801
9028 6838
2855 6338
8263 3536
7543 586
1423 5001
9561 9709
5351 4034
8626 1392
1479 4965
329 9548
134 6587
7536 8983
5141 2787
5693 7466
7562 4256
2771 5375
770 4926
3556 7477
1943 6231
4166 8548
8732 8317
3559 2956
6877 1438
6578 5456
4518 7615
5742 4792
1233 8131
7476 5755
7551 316
6517 1730
1605 9792
1897 453
2136 9454
3752 6706
9220 9013
6210 9060
4090 1743
9680 3566
760 2552
3347 9199
1653 7185
6549 100
3865 280
8071 8768
4070 2427
2404 5307
3725 6900
5357 5539
3545 4898
48 5163
1737 7599
2850 7493
4175 7293
1213 7040
593 121
9570 7668
1147 2246
7168 3693
7612 2850
5818 5909
5116 1457
6650 4544
1459 1432
3827 194
1379 7178
6677 1077
3584 6091
710 403
5246 313
1426 1228
2562 8069
8741 8602
2731 2948
6797 8131
1152 4871
1464 6248
4336 819
1650 811
5004 594
6630 8986
7161 2332
8508 3083
6134 1166
5373 2832
6824 6992
6318 3219
9862 9176
7429 5779
1206 630
6246 9086
8722 2030
8150 8046
4232 4836
6966 5608
5932 7776
4715 743
9930 761
4634 3108
2839 1691
1960 1417
6591 2243
1715 4172
3999 441
6841 1277
6327 9521
1411 3733
7699 4424
1651 6028
9147 3198
4778 8184
2694 7435
6788 6064
9156 6313
5714 5143
5151 1497
3882 7578
3997 706
1558 4700
5735 1699
608 4220
3838 4444
6880 8923
6628 8338
7693 8015
6105 13
4288 2789
2057 5130
1059 1297
2306 1597
944 8515
6152 4968
5092 2774
9038 2601
7796 3162
2199 4419
2863 9951
7978 7804
1112 4092
7342 3921
8322 8063
728 8074
1692 2182
9977 2193
4420 261
2510 7917
2883 9028
7641 7832
3087 5711
5549 2295
8634 9721
9972 1657
3803 6979
1144 330
4716 8483
2799 8540
66 6111
7065 537
7583 8657
7368 5961
5861 8122
858 4702
9144 6646
9599 306
2781 9781
9804 491
1541 4210
802 3172
6967 9719
5944 8073
9861 7354
8684 8976
8225 4799
5615 7108
9109 4242
1333 3098
7075 7491
7095 6752
8078 1284
3459 7187
1455 8998
9735 4049
7397 9290
6477 3220
3591 9282
8542 1495
2347 2805
5542 4467
9352 9976
2268 2321
9575 1827
833 6220
9320 6606
6960 7719
590 9127
2339 5824
8012 8133
4794 7868
9035 1847
6926 2101
9843 2452
8109 1810
7319 9498
5117 6392
4172 8531
5213 4718
25 2441
4830 184
2579 621
3976 8293
968 4569
4409 5633
6199 4774
6395 2738
9311 2939
1841 9934
5113 2565
3157 869
2879 2634
1259 7654
4230 9118
3392 299
4475 4252
6900 7325
9192 2692
2451 4763
8224 884
6348 2436
4708 9800
5863 4661
53 5724
3400 8757
6397 1385
6469 1921
1537 5440
3093 6831
9881 1564
6830 2094
2004 5331
3428 3633
7803 572
9979 6492
8146 1938
4891 9760
6497 3825
6151 1346
1998 2418
9480 9267
1979 4729
9899 471
9972 1357
160 8237
6594 3633
8179 5581
9841 5590
5723 3475
3820 1990
3742 1444
1392 1826
2167 9772
5083 5801
6488 8033
5027 8738
229 6330
1095 2868
3435 559
3572 91
6307 5427
8269 258
9343 4571
5735 4851
1052 1579
9015 2432
7386 2796
7737 4007
4636 7178
8047 9212
2915 5584
5109 5715
210 2939
4647 6861
4821 3664
6311 6949
8641 6374
2429 9063
9145 8876
7333 2892
549 5521
281 979
2931 1195
2728 2518
667 3785
2765 3942
1228 1424
9236 2230
591 6032
2441 7337
514 1600
5057 9247
9561 6984
9057 6243
6170 1300
5545 4088
5179 517
4019 4170
6125 3972
388 7949
668 844
1657 8759
6001 7519
9802 429
2806 1749
4828 2975
8309 1324
6028 8355
8714 4165
4807 3754
8532 6516
5505 5750
5047 1283
6752 7145
6778 3230
4605 8728
3292 3195
1388 282
720 9712
4995 7067
6052 7534
7493 7611
9218 3021
5576 918
9891 8201
5552 1615
8931 9137
1994 4521
7034 6010
3408 6104
5666 1031
5340 550
6612 6328
2103 5998
8014 190
9895 6940
3942 5096
74 7336
513 4484
8295 611
3688 6990
1507 2557
8695 2030
1644 6051
4299 6253
830 1662
8472 466
6283 8248
5479 6430
9939 697
1801 6248
735 1430
8085 966
8046 673
5320 4098
9402 4695
9668 2648
1715 4813
4469 9882
8837 3056
3886 9082
7075 7436
2683 638
7742 5020
1437 1121
964 6275
7293 2171
4252 8065
3777 641
6246 4946
5763 8423
3551 4699
2507 1987
4759 7066
5072 4927
8919 8932
6595 7426
2247 6570
296 6272
8267 3759
4782 4521
6326 9231
8070 1478
2335 2337
8934 4604
3603 4689
4559 7079
6970 285
3551 9957
8586 3300
5564 2976
2837 8714
6054 218
9503 4352
8299 9937
2235 7794
5598 172
7320 7628
4471 6395
1192 8348
2745 5480
414 10000
3415 804
7276 8926
8596 4518
1363 7833
3354 3945
8265 7538
669 267
9750 9053
6492 6761
5774 3452
7285 6513
9862 1504
2101 5578
4443 3878
204 8999
3745 7933
5108 5452
3542 6318
6184 5193
274 41
5891 5804
735 644
4079 1255
4677 5796
8316 7610
1484 2181
5918 7680
4125 8458
7128 4882
2889 2261
66 6819
2062 4399
7737 6066
4520 5020
3284 8317
7879 8074
2420 9299
5152 2626
1368 7841
8900 2045
496 3947
8990 6948
8106 6680
6023 9328
8515 783
1896 7126
5099 2050
7802 935
4946 7910
1386 4280
1700 2806
3126 4721
3214 8809
6246 4819
8761 7649
4082 2862
2290 8186
5328 1336
2271 4685
4408 4171
8706 1383
2009 1388
2621 5202
4392 6646
9933 1866
5490 5888
6305 1558
760 5957
8718 9457
2630 344
993 1950
3050 2092
3718 6442
1689 9601
5844 5074
120 6198
1599 8942
5937 4792
4217 717
7398 4898
4782 5751
1022 5269
5769 8002
2985 6381
1453 4041
9026 8860
6763 1816
4923 5348
5577 920
8593 5018
3401 1987
9416 3903
6497 6465
3290 878
8930 4414
9959 335
8419 120
8543 9874
619 9951
8514 1410
5980 8095
6438 292
9092 6846
2186 3919
3708 4410
9725 7761
8850 3151
6536 2072
5188 872
8550 2003
2451 1092
8726 1308
2767 2607
4603 3151
9069 8239
4215 4182
6160 5921
5129 9876
7415 1428
7159 9320
6399 5605
8271 4366
4036 8640
4845 2431
2094 7415
8838 3683
5897 6607
6921 1143
9006 5017
3142 4846
9728 3527
7824 1341
8829 1017
5457 9119
7214 1170
2471 8409
1851 812
2066 4253
9274 1703
9356 2927
4942 8583
8370 1555
2534 40
1464 9080
10 7429
4897 8327
987 7729
1668 7800
9080 3161
7537 9464
7964 6840
5197 4105
9715 2981
11 4657
4512 7357
8060 7171
2173 7786
3895 7315
3119 5796
7292 9238
2573 1503
6554 7482
2644 1793
1392 572
1782 9358
4108 6
5480 2381
2777 235
7626 4641
5525 99
6308 4286
9768 6278
2748 8663
5454 6099
2858 5343
2366 7612
4590 4684
5040 598
9390 5446
6200 2739
351 9697
8225 1768
5401 4579
683 4606
9842 3674
1863 3016
7160 1864
6647 2887
6192 2870
7107 7716
9319 4492
4452 2553
7480 9658
9375 7808
8571 1323
8530 7714
2154 6343
6884 7089
1719 6323
794 196
2548 3358
3244 5350
7862 4886
250 4585
8088 5787
2407 4419
3781 901
1481 7787
9170 9615
1823 2763
3680 3004
2900 3731
1068 5517
384 3630
8290 1607
221 7522
2736 9155
3390 9985
3149 6941
9161 267
3412 5388
432 1605
2034 1713
2150 4938
3840 7433
418 9321
7929 5504
131 2764
4316 4823
1422 6438
6601 112
1592 6904
6303 8324
5101 4796
7310 3595
1002 5063
8911 5240
5446 4921
9223 7369
2173 3593
3434 4220
6294 1416
5398 4658
1840 9361
6073 8583
2129 9676
3507 7208
5404 9041
2191 3374
2443 5290
7646 6853
2028 6243
9539 4948
8840 7914
6507 605
5917 8837
6547 2992
2065 3483
839 350
5556 9109
2865 7002
6171 7771
520 4514
2682 6891
9364 2936
6674 3749
9271 3313
3808 9302
350 455
9583 4412
3896 6205
8044 7234
7532 4934
1321 1498
2062 3365
2714 8580
7415 5726
2686 9133
9585 5340
5127 3602
8104 527
3747 9803
6965 414
2652 7370
6954 2024
8973 2338
7649 1659
5087 6772
2801 1545
4305 776
7566 605
2428 4501
5047 9846
358 1330
8214 2320
9115 3124
2579 9663
7778 8776
8245 4445
1532 5304
4287 3887
4423 3395
5974 3521
9516 3877
170 6753
9157 9424
7689 5148
6134 1885
725 4301
4707 1320
2048 3689
5516 3334
9453 4537
5137 3707
7540 2582
6267 437
863 3373
5657 9146
3772 1461
9406 6158
687 5869
5554 3254
8630 5399
3878 1170
2553 4492
4525 7128
8083 9733
9079 8715
1764 2045
6150 8159
4709 4798
527 9537
5029 3405
5517 3637
651 8207
3526 1921
6439 9080
5138 4053
7553 5732
1805 1549
8152 3230
2380 9652
7978 3454
9829 2314
5809 9818
2688 6270
8837 8811
1354 6001
2154 1540
1150 2585
710 3112
8497 4078
809 1242
8422 6211
3968 9100
1545 4157
6116 3869
2391 4667
2567 4991
2142 3757
9988 6180
736 3677
384 9871
4677 4216
1240 9953
3418 1161
1442 6556
838 3958
7865 7809
4656 4622
8379 7004
59 9582
693 1920
5217 447
7527 8733
101 9107
2605 9842
6149 464
9421 416
3150 3402
7743 2715
152 8575
6394 8551
4545 8400
2297 904
3488 5264
6665 7942
4098 587
5546 4001
7822 2875
3088 3143
8386 9826
1459 9200
9450 6836
5920 6707
4317 7122
7738 795
5092 6355
3240 9207
1735 1639
2899 6920
8264 9581
9007 1967
9997 4800
9666 3578
6317 5516
9335 3265
490 8648
5412 7976
8692 5670
4141 8052
8763 587
8953 4296
7972 3424
2419 9646
2227 1722
2311 8526
407 9649
9361 50
4604 1996
2434 5509
9376 2187
6759 8573
7904 8940
4467 8931
5117 36
9296 473
2126 4915
9290 1774
4738 3386
4396 6115
8180 9968
5909 4617
7713 337
6425 1849
4076 9694
7579 160
1504 312
6400 3070
7423 440
1756 4011
6593 4987
9781 7966
6369 2367
5015 8003
6961 2446
7530 1227
7709 8884
680 6078
1273 727
4441 1061
2430 724
406 9852
6712 8098
3187 5659
1462 7152
8073 362
6430 4235
7216 3568
7436 7401
4796 3708
9780 8620
9481 5653
6788 7766
8776 551
8866 6641
9791 825
4101 9607
1386 4409
3768 6989
6824 487
9123 5397
2319 372
5974 3524
5718 9973
4791 9623
174 2679
4324 8960
4482 7561
3722 2362
9141 6228
5121 7245
800 4554
1277 8317
97 2554
7168 2307
9320 7180
2538 9714
7370 1978
2092 2137
8864 8450
9785 391
7236 6916
4499 6297
5429 8905
2571 3298
7986 1387
3633 4051
4778 9667
2384 1211
9869 2881
6335 2684
8672 4453
3733 2638
40 8440
1335 5280
7243 9938
9984 7024
6704 6992
5111 7087
4033 5263
8475 4588
3704 3737
3956 5061
6088 8709
8197 4552
2743 6342
4028 6447
2067 7014
1789 9661
5292 4503
2467 8739
4544 320
4682 5733
25 7469
3260 8763
4423 7762
2059 7058
4604 374
5097 4535
8134 1633
6841 6207
8201 2311
526 1257
3382 2538
9004 8545
127 5399
8921 8641
7856 173
2684 8617
6558 1712
1643 6863
9100 4940
3780 2264
5850 2897
7669 8511
9952 1957
2241 6331
4423 1502
6419 1914
5193 844
7661 903
3984 1662
3084 159
87 3799
9374 5758
1487 8929
7173 404
8851 6381
4963 613
6359 6920
3721 4067
2851 7635
5083 4128
2067 7749
5979 4571
758 2483
79 5908
4560 4759
8217 3103
5212 9763
4303 2294
3542 1682
6991 6283
5919 9365
7391 1237
4622 2825
4198 1535
8874 9101
8639 2035
5499 1944
3524 1475
6924 5465
7361 6556
5937 2112
8620 6709
4465 8967
321 2748
1353 4095
9784 8357
5052 3331
3507 6730
783 8688
6525 3553
8164 2804
8785 2960
939 7371
6635 3778
1980 4361
2293 2016
4156 1869
6856 982
8668 7532
6781 16
2092 2624
9046 7021
9851 5758
7634 130
5673 701
2699 5509
7267 2383
8332 8653
412 2305
7301 6537
8191 623
9403 6984
2863 7090
8636 7353
4755 7703
6599 4876
7214 1931
4475 6704
5858 3425
4620 9363
8921 2229
1781 3624
127 3415
8510 5055
4201 6322
1634 4938
4927 5206
5280 4852
3261 2671
5917 5625
5475 8521
2260 345
174 9700
1646 9429
6551 8981
7472 1630
1226 9766
1664 6728
8383 6755
4198 9421
7808 6833
118 8407
8294 9757
9240 5397
6222 5518
4271 693
5140 7429
7027 2557
8626 5572
511 9977
821 309
8656 1280
1111 9543
9111 9785
9627 412
8853 2053
7849 3862
9521 4876
1808 4980
9113 5275
7544 6342
1556 136
7348 3712
74 5170
7774 4430
9339 1250
6961 6719
676 3534
2888 1313
3677 5222
4774 1798
8779 2088
9690 3436
2776 5653
3490 6712
4379 5573
3723 9040
1919 1319
6266 9765
2174 4061
8780 1690
18 848
1507 7365
5524 7351
5867 5176
187 2324
7318 1451
7039 7958
5862 1510
9400 6480
2463 4174
6778 1841
3599 632
29 8052
507 287
2082 7127
7466 7413
4232 8568
1154 8526
1878 7907
2328 8746
1042 8266
3784 6964
8407 8016
2515 3919
9447 3985
1119 7044
2033 4535
715 1863
3528 1650
5553 4265
3866 1219
7765 5515
1092 1563
3257 7477
8572 2264
9544 2996
1684 5394
4658 433
5568 1470
4055 2735
8048 353
9236 3641
5163 5318
8856 3730
5183 7395
5523 3353
8582 7430
2029 9691
1344 8282
2096 571
686 7811
9097 4541
3534 708
1298 1403
8675 1060
643 3024
4217 858
1584 4378
5794 1465
5833 1293
6125 1793
5079 3521
4754 1955
461 28
7488 9335
542 1152
9405 5455
5398 910
3826 9162
6875 7106
9990 8856
8224 1062
6775 9820
7165 8167
9384 1690
7429 4103
7323 3678
8389 4538
3906 9024
7491 9911
9290 1938
7652 537
7699 4286
2423 3465
8468 5228
5821 336
3328 6798
7513 1612
3965 5820
9211 6969
6442 1021
6580 5214
7960 5243
4732 3950
1465 6213
9963 6053
3787 8080
6358 888
9675 7841
8009 8775
1307 139
5047 921
1468 5870
5223 1046
3405 1268
1142 8912
1566 8274
6627 4578
1581 3608
5558 4620
7734 867
9609 7199
6883 8343
7674 915
6634 3751
8256 8848
5430 4585
1942 124
9670 2423
4328 5614
8659 6875
8312 9899
8721 346
6940 2218
5848 5018
324 6629
7665 1700
859 8998
2654 3520
2314 490
1918 8200
7691 1912
1076 4253
8334 6770
6639 4914
9909 946
7206 5060
2026 4074
2573 5365
4114 4351
9236 3310
1415 2049
9387 104
3828 2453
8587 5295
5504 975
1511 2873
8172 6493
4469 6775
8788 4805
3405 975
8913 1894
6979 482
7826 4729
7498 6596
8631 5977
9454 5454
6375 7692
5616 9572
1114 2797
1397 3240
3498 6104
2211 7427
2969 9212
5212 8049
9942 3446
3463 2019
8577 9196
1534 7423
4668 2486
5352 7494
1823 5302
6974 5014
8141 4044
2439 5794
6948 5010
5721 8599
4191 2773
1678 4626
8348 686
1701 3561
9927 688
741 1234
8273 4690
9398 9103
7392 702
6677 2317
8788 9547
2579 9514
2759 6707
1339 6535
5548 1375
9396 1246
7167 847
4916 7511
6818 3731
4113 1634
9430 9136
2893 4166
847 6761
6095 8649
9538 7495
2021 9653
3195 7522
1083 2
3121 9392
9809 2014
225 4176
5167 9278
6968 2468
2393 3689
7565 7607
6062 1793
8780 1120
3468 1038
6199 2400
6853 3978
2578 9886
1567 9034
6131 1830
9209 2528
7385 9285
7196 5768
9589 7619
4312 4117
6456 2614
5365 8884
2352 6938
362 6042
2963 8725
8967 3081
463 8149
9927 1359
2470 3035
354 9774
3277 4942
3667 5424
4457 7093
2009 6491
2763 6192
8181 8790
8017 4488
267 5521
5691 3462
5549 755
3578 6330
4201 6381
4429 123
8626 6041
135 6994
5765 7275
5998 2816
9395 9426
6681 6169
2825 3772
174 7816
4340 2981
2855 8099
8139 2987
5835 3409
6506 824
2282 7146
1776 8379
1161 3299
1278 7882
552 6938
36 5352
9066 7523
8979 2187
7594 273
8831 4039
5408 2387
3027 4638
6681 5183
7966 173
5595 2157
1199 6643
7578 9126
6876 7567
3044 1536
8590 4130
9662 3240
7596 5375
3701 3439
2761 3247
5822 3316
3121 1318
2503 5452
3226 2819
1874 28
2619 7077
4503 6063
9824 2406
5204 9716
6201 7357
4545 584
6945 1280
2637 1981
2303 749
426 7805
9685 9299
7000 539
2920 9155
7002 9693
9213 6402
3798 154
7787 671
6902 3945
138 9836
9128 2281
9637 3598
8364 9261
1982 1760
5875 5028
172 5276
1066 8178
8866 4872
5632 5621
4064 9649
8707 8148
4081 5831
1480 5415
1551 5390
4215 2540
2614 575
445 8899
516 5586
8870 8383
1059 3230
2195 7973
1902 9086
7727 2448
8028 3349
2842 186
5577 5212
4219 55
1480 3476
9779 9377
9202 6192
2104 3391
9359 2143
5626 5897
2758 3510
3035 277
8387 2808
3990 8659
7667 7870
4053 797
5601 459
7083 4674
5779 7225
988 1941
3890 1069
4339 6435
8908 6846
606 9222
5780 2651
1251 5307
5040 8638
4036 4010
1536 9907
541 4812
6312 351
4465 3746
3592 3669
3160 3113
5591 8273
6046 3873
8381 4213
5294 3283
8120 6275
1649 9000
6093 3400
2189 2454
9579 9887
2016 7711
6575 6821
8996 5447
1563 8131
8734 6022
62 4978
9350 2151
2833 5768
3292 3715
5616 1733
4511 3025
8962 883
9145 7597
717 9691
8200 7793
7257 242
3807 8923
8460 9760
8804 4905
7013 3641
4485 4326
3291 681
4494 5152
3215 3451
305 450
4879 3542
9525 6080
4109 2394
7811 8836
6973 8910
2522 9183
7914 1954
7814 1099
4963 765
9359 9714
3435 4532
2407 8878
1541 9098
6675 5916
3427 29
165 3366
7332 9723
6837 4476
9778 7020
6674 4323
5412 1237
8511 964
2856 8140
6091 8193
9355 644
1770 5706
4278 3309
9815 8765
269 6926
6064 6519
4429 5719
3251 9913
5198 8681
5231 6566
3309 904
8301 3865
9529 1178
5355 3645
9295 4756
5465 6025
5697 4938
1491 8949
7667 5994
4803 5679
8691 2995
6795 2069
5210 5960
1405 6672
1420 4073
4893 8451
6376 3692
2857 8706
9437 6876
961 5785
7018 5385
8146 7118
7687 6975
6825 905
9711 9666
3205 1546
2840 3370
4545 7154
3050 2437
8557 7633
5078 3042
1549 6877
6367 7869
9624 2354
4543 8660
8457 656
4249 4150
1559 9571
2665 7395
691 5450
2363 4632
9342 1792
3908 5815
5855 5329
893 4355
5520 6200
7248 4368
754 332
1236 8858
2941 9842
2924 9553
1805 6745
1359 5555
5512 9756
5229 829
5261 3743
7222 3776
6401 7346
9538 9543
5799 4053
67 788
5521 5494
3214 7793
5342 9573
9786 8936
2769 5040
357 7572
7566 2169
6590 7501
7900 2249
4083 4165
5492 1437
8615 3264
1097 9978
2009 312
8814 3642
7770 8394
3164 7022
3209 7973
1666 6210
4775 2950
5480 3020
9540 2297
2315 1389
8493 3155
2735 80
3440 5534
1874 4082
2302 7635
6669 916
594 2767
7784 4340
9969 7803
6162 5819
4861 5465
1738 8219
9218 2708
2178 4048
7009 7057
8029 316
2260 2954
9489 7844
9496 9710
6815 4008
5790 3129
7452 8343
489 2878
4410 1346
3962 5757
212 1702
9821 8495
5148 7780
8926 7651
8414 8079
8906 4774
1166 8121
3031 668
6559 3770
3923 4633
2447 2613
3438 4620
4089 9014
2894 1118
5569 1971
9056 7643
5536 5804
2043 1259
939 6657
8175 8921
5386 8761
7353 1826
1156 8277
9695 7742
1186 3714
266 171
5887 9696
2400 8860
9505 1562
9369 2399
3019 3683
240 7351
9057 5450
7980 1351
8093 7255
4674 6375
9885 3200
3839 5808
9727 9077
4660 4480
9488 4243
7959 8225
4239 662
7865 1211
5073 877
9888 3721
2030 4848
4388 2532
1652 5960
864 4837
5966 5271
1287 2066
3207 9931
1632 7118
6430 7650
2150 1266
9310 30
7930 4707
8933 2911
4212 9752
8309 9081
9388 7085
5561 1102
5381 7262
6890 2147
2800 7994
5219 7201
3378 3167
4616 3845
2588 3336
8806 6988
1239 3351
38 8706
6650 9739
93 276
9757 7237
9162 6062
7095 9970
5811 2554
3025 5089
6262 712
5587 1671
1355 119
7607 6789
9361 3544
3834 9397
780 834
4487 9928
5630 9459
1567 1085
4724 5618
5142 7179
2595 630
7027 1954
6060 2762
9708 3549
7717 6552
3525 8736
9486 8155
4724 901
7832 2584
9237 6509
2444 5593
3428 2403
2905 9806
4447 1153
2166 7507
3894 7169
4418 8498
7143 9747
5548 939
1052 1672
2443 1330
8706 4336
5700 3647
8389 7612
4483 8414
1548 8534
931 8948
7079 5314
8938 4908
4457 9057
6465 2479
8987 5134
1828 5718
6164 2171
1673 7897
4090 1462
9858 1119
7047 2582
4381 6699
5026 1222
6747 406
1223 9457
4526 836
9722 6088
5762 6966
4894 1898
7017 2124
8903 3268
1483 162
3403 4207
1531 152
4033 5522
6074 3828
988 9559
1369 7685
7416 3304
724 5959
9789 2078
3411 6987
2823 2864
8515 3982
8137 2051
3837 5599
7014 2004
5665 1070
886 8572
4565 242
7669 832
5904 4570
2989 9807
7860 5234
9617 8157
1560 8050
3548 9916
5190 2976
7834 8535
3174 2079
4114 4213
4133 5904
8710 8115
5731 6106
5534 9194
6738 9884
4348 8980
933 6803
3086 7361
8848 6921
1336 9127
9779 1602
1834 3290
4959 9786
6602 6668
9168 5600
9020 8947
9369 7968
7549 1247
5719 5481
8913 5228
5649 765
7174 9180
6080 7760
7167 7833
561 6612
2271 7235
1596 315
5781 7406
5447 9831
9569 7105
1515 610
7202 7913
5159 4677
7383 2141
1201 5733
9750 2763
5050 2754
2893 8401
6304 4705
3112 7718
7934 7
1975 1569
3832 8664
269 6971
9940 3402
8891 7701
1198 3495
761 2749
8921 2676
6469 3186
3830 3287
4788 6961
6607 2619
1523 3628
1070 8242
3414 376
2371 1520
7544 6100
4411 5550
9828 4229
4810 5988
9144 9357
9439 781
8289 8570
7244 1412
634 365
8506 6310
7226 2190
5399 6762
3587 4426
2913 1038
7165 2636
8456 9771
7081 3702
3597 690
6560 9165
9549 8829
7781 488
1181 5300
4532 6795
2707 3785
8350 3808
4819 6834
6182 2923
3354 2210
8824 4056
4238 284
6549 8161
9494 1790
5551 2507
7566 5002
889 9677
1403 9370
32 1244
265 8312
2825 5389
4138 5444
1925 8145
8393 1430
9473 9525
304 4521
5394 3228
4765 9020
8982 7295
6397 3126
4411 9250
8627 7201
6446 1044
5442 2547
7197 5952
9422 3041
4473 8684
9805 7806
6698 6203
8532 6272
9232 5625
1028 2695
201 6691
1624 7802
6044 5621
5848 4339
2925 1752
2411 34
2108 4130
798 2418
3673 9057
5545 8242
3633 4278
6030 6954
7943 2810
3840 7165
3183 6612
1502 5590
5942 9112
1768 1636
9228 3200
7576 3095
9195 4505
5948 7186
5880 3383
5105 6655
4823 1976
6429 9446
6484 2950
5530 4525
9988 4285
2766 1597
6289 883
649 7844
492 906
5571 4685
7662 2869
8178 5671
1224 7149
4205 5559
3115 2987
7752 3104
3355 7802
3572 2650
5366 3365
1837 908
6298 8363
8186 9542
70 7896
7417 856
5336 1034
9819 7514
7980 1442
4086 9012
8273 9125
8232 689
5448 812
7747 1764
6843 2563
617 6044
4772 5302
4644 3770
7963 4802
7237 3942
1169 3072
4193 7421
2005 3007
9536 6460
2665 5260
7291 6221
2288 4045
5388 9826
5139 9321
106 5483
9415 883
2322 4589
8698 7653
9703 4776
9080 4621
7515 9092
4578 1023
7570 4938
8551 3156
5953 2237
9447 9355
3814 1484
9857 2653
2159 3243
371 7620
8224 1501
5628 257
6689 3624
6451 8897
9254 8133
8337 9942
4507 3890
4332 7281
2875 2113
8735 461
220 9135
3693 1446
3094 479
2542 1823
1816 5902
1538 5081
113 597
3797 8463
4964 8065
589 5818
6464 6009
5586 4448
6951 2829
3577 9837
3329 9844
230 8367
1297 8370
7923 4004
9795 4965
5354 254
4291 4191
1334 3284
6446 5003
8553 802
9023 8308
6540 7087
131 2120
3944 2149
1525 5074
31 8581
2857 2773
4422 5592
2158 2893
1973 1375
8126 1416
6388 588
9161 1586
7303 9718
8879 1375
7896 6921
8077 1278
4004 8692
7858 8547
513 6092
2770 5617
1853 1395
5799 8457
5233 1766
3049 1912
2015 7161
2493 5917
2228 7521
1791 8143
380 9545
9240 3322
5522 9333
9182 5630
3168 6844
5185 9806
5963 4870
5426 3201
1889 6057
1746 3280
7762 3868
4955 6112
5345 9628
3148 9217
9797 9257
1202 5570
5422 5602
5718 1108
4831 44
6479 5036
9965 1996
3987 6284
7019 1965
2901 9973
7090 3543
3623 1649
7881 6328
8953 8076
7543 3066
5094 3449
8048 2763
3790 6330
329 5502
4521 9970
4145 27
4628 5607
413 3996
8646 6701
7760 1303
4046 6125
7627 5744
9412 8518
1774 1952
8981 2090
4608 469
5536 1504
2125 5427
7347 4979
9934 8924
3313 8069
7662 6827
6487 1718
1716 6168
4382 8988
3810 3366
8412 8545
9573 7144
807 4997
2246 7264
6203 5606
2739 4457
1695 4035
5410 7944
726 9232
3054 3651
5634 2813
2206 2200
9914 3173
151 502
3515 5863
6028 2470
2801 7745
1489 4614
8901 5301
2994 9734
7511 9665
7406 9073
3558 9510
3917 6125
5090 1997
910 1564
1065 9247
5773 5847
9469 2115
6540 7406
5255 7902
1250 6898
9110 9433
3947 9066
1496 9833
57 2005
9243 4502
6941 810
5484 2739
15 5176
6814 5305
228 8025
6997 3392
7774 405
4729 5684
2811 7290
2491 9858
9076 9298
5069 5694
9954 9198
9592 9184
6434 9274
6101 3956
8025 645
1013 9530
5859 7696
4036 5561
4135 9369
2753 3108
107 3537
7615 8807
3702 3176
1918 6273
1462 4770
2068 6334
3580 8697
7948 8284
8696 5812
5094 9417
2254 8438
4358 312
2578 9733
5095 5786
8312 2500
8050 8228
1636 5040
2888 1937
6828 385
7246 9015
9999 1324
8722 3579
1681 2562
7967 7789
293 8392
6056 9472
5210 9569
8408 2225
9358 5397
9463 3592
5990 6908
1836 2599
9309 8140
3922 5936
6545 9012
8203 6742
5413 6730
6613 703
2901 8983
8248 8390
1934 9053
6301 7925
83 6394
2878 9354
2222 4035
5892 3516
4632 9998
2723 9668
1384 6762
3229 1126
1421 8001
6612 7119
1579 3855
8247 6612
1644 10
4647 2461
9241 971
3392 1654
4176 4175
558 9913
634 6654
4044 3323
7605 8659
6451 876
9479 2325
175 1592
8618 8052
4352 2898
1848 2000
7840 3474
5086 461
1306 3365
8739 2897
6813 12
9604 2067
663 264
4480 6648
7853 3114
2272 7454
1040 7805
5931 8591
3366 7257
6629 11
8906 9070
7675 6215
1597 1651
2316 6766
718 7716
3176 9712
481 4243
3411 8236
4562 3338
8604 6368
6620 3996
4095 2524
4331 2527
8975 4518
9439 6984
7965 9796
4027 4584
3569 1035
3463 6117
7406 1784
489 4756
2487 5953
9830 7015
8085 2829
8671 8715
6563 7844
1675 966
6291 7867
1562 9230
7085 4029
9177 4
7977 6384
7661 4317
6808 6677
2858 6780
3983 2299
1729 4563
5389 2272
2709 6221
6057 7024
1259 9521
7235 2801
1634 6428
1225 1697
7421 8369
3477 2602
4803 7266
9297 9008
5679 7109
4395 7169
1135 2120
2117 9569
2160 7447
4334 2931
4752 950
9538 6330
6809 4203
3023 6070
1845 1272
3984 8104
3807 380
7953 6918
2186 537
5718 1945
5037 6847
1305 7547
1634 945
6110 1522
4061 5764
9294 2168
2677 6126
9712 9586
4683 9383
8426 5705
6694 5756
1069 630
4224 6307
501 7809
1128 8457
9802 5251
5296 3210
7826 4963
3355 2136
3503 2570
9380 697
6228 6644
8065 1445
3687 4286
3049 8722
7999 7342
9732 4665
2609 7894
4673 3720
8994 5222
9858 946
2471 1698
4481 3012
9778 8835
9326 1166
5982 4152
9626 6404
3403 5986
3336 2533
599 7805
3027 3864
9047 1137
6692 9595
8410 1868
5609 8507
3100 1362
7362 3664
1498 7217
7121 8325
4807 5202
7262 5245
8696 6107
5907 4257
8812 2993
8334 8254
5518 3374
3049 2364
1560 3194
139 3598
6148 401
3478 2147
2298 7954
6194 4446
6698 6617
5834 9680
2469 9862
3545 796
693 9805
6172 4470
4604 6927
5009 1356
128 7905
7941 3508
6370 8992
4721 4007
3079 83
2082 7684
887 8740
9584 3745
8726 544
7106 8153
2152 8532
8473 1372
5185 3703
9695 8449
2335 322
8162 4010
7496 8190
9482 9662
3088 7175
6395 282
6319 1093
3737 6849
477 66
7565 4343
603 2871
7936 106
4544 3765
6985 2979
2765 2531
2549 7382
3199 7818
26 8893
5038 1532
8369 4782
4942 8748
6798 7185
938 9256
2574 7114
902 4983
3877 7378
3979 3146
8118 148
8686 8376
6395 2000
6809 7476
9566 5683
6288 9553
3278 2737
8851 9811
6744 8000
1985 2144
1364 2106
5048 5839
3888 1778
4590 1133
8138 6582
8250 3550
230 7500
4448 5745
6021 8853
6743 752
3434 7733
7622 79
7235 3669
5577 3688
4324 1863
6148 5668
8230 1928
2536 3195
1949 8720
3897 1198
8830 9950
1109 1843
7249 6921
9985 4869
1495 3305
1564 1121
5317 164
5973 5235
7594 7902
8957 7229
2969 1497
8790 8117
2772 62
3360 7333
3396 9499
2107 3374
8111 2243
3880 7833
6786 8298
9203 9502
339 8378
1996 5755
2318 8721
7636 4504
2699 5510
3530 5335
2317 53
5058 3385
7436 4787
4733 552
9233 8468
7494 1182
1392 2959
4019 6020
3864 2990
7203 3025
6865 2042
2764 3182
7784 208
7211 7903
6538 2051
1318 3447
6579 27
8894 2233
7699 6709
1343 1055
2930 2644
1616 8737
7557 8506
7624 3926
505 6061
2256 5780
8912 1823
4678 5720
6938 4010
2290 8353
6104 1385
7384 8877
8071 7198
3201 1479
7586 8626
2112 5126
9307 3793
6230 7814
4298 4669
7551 1435
5039 7658
2898 9473
4287 1737
3151 7508
4824 7084
4207 3354
7473 3599
6111 7134
7876 2737
5046 236
1838 6987
9532 2722
4070 5591
6745 4322
2012 5088
7886 7589
4451 6696
630 4254
7510 2500
8236 3211
162 1144
3579 3130
5653 6173
9765 6318
9029 9131
4034 2858
2724 416
8691 8334
2755 2705
7415 8686
8459 6560
335 8794
6620 754
4001 6758
2040 4129
1821 23
8770 9396
5652 5455
557 6818
7932 3986
787 9493
6211 2867
1327 9284
4107 1883
9463 9520
9962 3367
3152 3958
8150 5377
4798 6860
9189 932
4789 9550
6212 5410
8813 586
7869 4113
925 9888
5895 6412
874 7898
753 1061
4265 9381
9315 5837
1490 8265
7530 2770
9099 9227
8331 2831
9399 8084
7258 517
8965 2770
482 2835
5272 83
458 8191
5982 9841
4808 7175
1517 5486
9603 1289
1762 2205
8410 7739
3422 2947
6001 1616
2378 5228
8852 8925
3611 5365
4306 2016
5216 9414
5871 3981
3409 1374
4559 305
576 1952
7245 4022
4057 3074
6251 940
3325 5482
3836 7001
9773 6404
9420 7840
1181 4694
1830 6332
3766 3409
1385 3896
4890 1418
1490 9017
5206 7251
7836 4090
4294 5828
289 882
9928 2256
9877 6270
736 2207
6745 4655
2037 7474
568 80
4702 4257
4018 7790
5631 6959
7675 540
759 2849
1895 2739
2787 302
2668 2702
7032 5676
642 7864
5037 2506
5152 8676
555 6555
6029 4864
7337 1015
2514 9356
1423 7883
8689 8295
477 1679
1440 1064
1130 7649
3290 7114
765 5242
1891 8835
9848 7354
6936 2533
6821 2736
8500 8322
2311 3223
3983 9432
716 2959
788 1342
9647 6826
1460 1700
2653 4270
2688 6149
7916 8901
9609 7997
5058 8121
7493 4422
7128 1788
7808 3649
7948 5699
2939 6864
3398 2872
6965 8884
9950 8571
8994 9266
8095 7818
9060 2799
3243 7371
4882 8228
5158 2611
2032 2229
9729 1956
3070 58
6605 3784
8522 6502
7656 6048
7764 660
1915 1906
3252 4435
2044 3401
7470 6813
7518 1632
8328 1276
1471 1321
3769 4205
4786 6887
9858 4735
497 6849
7749 8724
4320 7841
1566 4858
4267 9224
6442 4979
5521 2169
723 1553
8270 3014
9635 6440
1720 1856
782 9911
5550 5458
6573 6810
6560 8568
8687 8478
4355 1696
4796 9879
5202 4557
8903 62
5537 5220
8943 1584
8113 37
7858 8624
427 2106
4965 5322
52 5556
8658 1885
2688 1722
8078 6795
6081 6287
4545 2784
7027 8540
7987 1856
8694 7617
877 5446
9129 4360
9020 5787
7120 3105
7944 6310
3991 4899
2394 8396
6120 7776
4874 2452
5360 6572
5309 2235
8733 3554
8086 9478
4177 4368
698 9142
2048 7717
4882 3840
9060 6036
1489 1266
9908 1883
2870 5457
4362 578
2751 9171
9272 1392
7609 4291
5048 2859
7058 106
3890 1737
9341 1609
1248 5843
745 8360
6055 4714
4428 2586
2882 7998
9250 3563
7361 7933
9765 8164
4689 318
4027 3533
5990 6353
4027 5067
5776 6892
1728 2675
661 8665
1962 9465
7012 7262
438 1372
6469 3701
9218 5263
5596 7248
4066 5162
2362 8429
1198 8155
313 3746
2900 606
8727 8725
9924 44
4826 6761
7873 2173
2171 7686
8011 9578
3985 9545
4004 4225
9020 4625
8837 7108
4904 726
4820 9609
2359 2664
4740 1052
2548 1586
8741 582
6083 7652
6391 482
6205 564
8156 9497
6339 188
2008 2414
301 5048
8323 9810
9826 6471
535 4302
1736 3913
1800 6421
7162 8383
1871 4278
6161 2833
5315 8696
9932 6947
8929 6811
3172 2186
1531 5866
1484 655
4536 7400
5156 1357
6616 3372
3724 5837
9849 9978
8170 8552
8288 3791
2024 2960
3540 1742
794 7160
7223 6332
4294 2040
7978 1295
3956 7436
5361 2495
8884 689
5744 7939
3418 9370
5481 8194
972 5423
2151 5260
520 7814
8722 9759
5546 3691
6139 7141
8764 1215
7969 9025
7313 8305
2065 8603
6400 4795
5043 1915
8606 1040
8980 7633
4507 2640
6770 3217
5218 5803
8834 7310
860 6173
9160 958
3402 1190
9433 7046
7239 5355
3177 3239
561 7878
1793 961
9824 4817
8461 8681
5600 1807
9785 2467
2358 6883
7089 8522
7900 5399
4963 2403
3526 7983
3513 2427
283 8838
4593 7117
2046 8760
6817 1254
1396 8659
8406 9994
1476 5569
4811 7693
7928 1177
9358 8185
2211 9001
313 6309
6246 2947
6473 8755
4592 6047
3201 3524
8550 8140
8523 3881
2521 3539
9067 8918
6466 7854
9041 127
7435 6025
210 3479
5464 4874
3316 7295
8955 3068
1253 5621
6353 7948
6519 1438
4828 3353
3668 4695
2739 1609
2804 8965
6309 6814
330 1504
8495 738
8089 6366
7203 6273
244 676
5409 4424
6045 836
5604 4604
6160 1276
3433 7034
3565 2071
5260 2104
5002 8431
1595 8482
3231 5999
75 2982
9040 7957
4383 6862
6979 5186
6741 9873
3256 1811
5302 5517
9218 5559
9507 2978
3958 7695
1932 3531
8851 6939
5601 3776
8718 3428
7737 1360
8311 9534
5092 1947
376 3825
6589 3189
7588 3523
9102 5967
6024 6233
15 7211
1830 6800
6820 4949
6428 6434
1110 5198
2023 9363
1703 2690
9926 8753
1420 5083
7082 6810
1383 6210
5376 5460
6100 7480
527 1778
5832 11
5225 810
9395 7912
8711 4049
2380 5219
6935 195
3833 895
9972 6350
7203 8603
1049 9233
8323 9467
9372 371
6822 6380
3041 9417
7750 2589
1534 3160
4872 5107
823 5942
5008 1982
5092 4284
2829 6001
3461 1545
7237 3842
7646 6952
536 6165
1047 5986
4292 1951
2168 4046
3087 5747
7219 4618
2903 7695
8476 2679
6620 8120
280 9757
6877 8769
4094 36
3490 6200
7750 6303
3410 6148
2863 3519
7146 8571
1535 1791
6819 9270
7824 5474
1120 6290
1518 22
133 5194
7949 5798
2724 2570
2257 464
5173 2143
7392 8669
8794 108
6705 3214
9693 7524
4222 1151
6555 1587
1031 9310
1867 7059
5108 1585
2639 8960
1547 8784
1516 3094
5745 8594
4469 3922
2485 5478
6801 9504
7877 7837
4578 2203
4493 3669
7065 786
5012 4891
2581 4300
2480 1106
2161 4254
395 7994
664 2110
2216 686
5938 2264
776 1024
4570 4210
3476 6836
4809 8731
7078 2814
2394 3465
2110 4816
2758 4388
1363 2476
3695 752
4001 6163
6392 1673
6670 4350
9201 6663
9872 146
7070 6536
9661 3453
9579 2924
7727 6091
163 2038
7318 3883
8165 5030
6596 7008
6529 167
5293 845
4920 9701
4313 1147
2519 6501
7496 6515
4286 1107
8317 2742
6245 4818
2498 9261
8532 7267
3173 4661
2064 7285
1578 8800
8930 7452
7733 6620
7707 6464
3316 4440
7004 3890
5414 2211
8630 9794
9796 258
7344 7482
9349 2294
1984 4647
2944 9012
400 7152
4256 8460
3898 2803
6578 1750
1749 7035
5215 5740
850 5758
8900 3380
1373 7085
7824 3309
1485 9484
8287 8655
3128 5991
7865 2035
5483 328
8337 9608
9125 4499
8437 7010
7903 635
6587 2501
4683 9450
1659 1946
289 432
8773 6661
5582 5182
8411 857
2393 2466
78 8058
9639 777
7534 22
8580 8668
2720 1404
6250 4613
705 3088
5877 7356
9302 1695
5783 1148
8109 161
1801 4935
3562 7224
8219 1793
8494 5109
6235 5218
5794 5560
7795 9314
2855 5708
3021 2896
5738 4688
1672 1580
8931 901
6295 7504
2080 8483
8412 5887
1867 1628
7915 8361
2035 8571
8540 9858
4977 709
6858 1307
4610 1622
4361 9249
4956 1580
9755 1565
7496 7587
4835 6041
4634 3065
4877 2746
1491 7043
9503 6144
9617 3075
3573 9791
7889 2898
4260 4410
5578 5937
5337 9390
975 7687
3518 327
591 9874
5545 6975
8212 8025
3947 5827
6 7113
3539 9376
6791 8055
3598 2688
3607 1979
2784 1933
2259 4006
6803 8161
3488 8939
4852 7219
9876 124
7434 3707
4507 9688
9994 9363
5850 6476
5880 5599
5471 1893
1635 9205
7286 3688
5434 1905
2532 1918
6532 8025
8151 9246
4969 5613
466 2844
6878 3255
8092 8667
8476 4366
3891 7035
2738 4177
459 1043
8955 8420
3068 3189
8516 3993
7763 5296
7058 565
2453 416
3677 302
1749 907
9386 2748
3483 8490
5232 1042
9250 1982
9226 8566
9224 8725
7565 955
1138 819
367 9563
72 8159
9910 6365
4944 8802
4849 5439
906 4307
267 1075
369 4300
3268 9557
2426 1369
5731 6192
7884 9186
6458 6762
5392 1340
8734 2167
2379 4567
3765 2236
7274 6341
672 6838
3152 204
6782 2835
4600 9242
92 645
4864 682
6757 1058
8842 7657
4863 9209
2187 5293
5206 7141
1361 632
9662 489
2419 5182
4298 9343
484 468
2085 1317
4733 1919
3294 4619
5407 3485
8487 5515
5917 7127
6555 1068
2051 1888
4623 6119
8573 8671
8169 1550
6137 7153
1517 8571
8973 7172
909 5512
6807 4835
5831 278
7422 7663
2663 1263
5527 6843
3174 5823
395 3965
1257 7756
7059 3582
2893 1937
7652 9445
5027 4358
2595 3946
5460 3064
2306 6340
1434 8912
9861 4415
245 6528
6411 425
3284 8261
1210 2837
4599 3780
7536 9155
7998 8132
6015 7466
4126 6540
7345 3644
3770 7566
1959 2206
4983 6519
1417 4382
7173 9569
3085 691
2351 9347
3288 955
1325 3259
8892 4125
9881 9014
5250 4877
7729 8284
4489 1261
4951 379
4395 2253
2147 5819
3704 3623
7663 8311
5734 3294
2871 3711
4068 3523
9059 1485
5376 8626
7164 8562
136 4556
6664 780
138 6445
7245 782
3817 2238
105 7584
398 7155
7302 6964
7044 479
927 903
4822 5143
9750 7801
490 3979
9646 6206
1304 8497
2470 8124
3810 961
844 3826
6812 119
1246 9675
7148 9518
7049 3303
6613 9358
4755 723
4004 3192
4250 9720
6518 2234
7688 2657
7389 4031
6835 761
2782 5424
2200 8866
1529 1069
4859 8243
9611 8284
268 765
2300 8394
7014 110
2334 4223
6031 3998
5566 741
2916 6405
3933 8469
6122 1788
1488 3535
7687 2751
1988 267
9148 1217
5520 5335
6225 5743
7952 9998
7677 8648
2509 8002
8190 8013
2103 3374
9610 8676
9980 7154
7304 1167
6265 7194
8157 1868
4107 4198
5167 9813
894 5666
6632 4636
5763 5325
9370 6853
229 7152
596 7803
4484 4961
656 8850
161 7657
3496 8458
3307 5887
2122 1429
1289 7997
7181 9347
3513 5972
1690 2699
5657 4208
7212 2739
4231 4033
4016 7082
8786 8633
8438 299
4644 640
4258 7059
5769 6496
2369 6253
5302 8185
3238 6261
1574 7488
2165 4870
8472 1728
7312 9123
5539 3530
1679 7059
632 237
3741 2135
9092 9158
9318 1052
1348 7846
9977 6841
3768 9672
565 5313
6681 1848
9315 6993
4093 8491
2737 6117
8256 742
2086 1415
2605 6335
1265 6359
5875 5115
6648 9907
8107 2196
1481 1748
8350 7680
5278 6856
5221 6301
6421 700
8220 35
7559 3233
3484 8355
4796 3439
1143 9255
1320 2023
4042 7314
6161 713
9357 3203
6128 4561
2455 4102
8423 5307
8556 3413
8267 4243
6843 2115
7147 2145
3360 6805
6182 5958
3775 6385
2479 4852
4494 6332
7143 6954
4192 1714
9513 4830
5058 4977
1133 4326
302 9897
2638 5584
3337 2073
399 628
4272 4917
1956 7835
9223 1499
1175 9906
9596 1099
8757 100
4861 3885
1437 7163
2131 6413
3109 8286
906 6244
9593 107
1872 5263
5361 4119
8767 2714
4764 782
3907 3485
8029 401
9320 3133
929 2213
4887 7015
1895 7874
4501 6247
125 8262
4832 870
569 5820
4812 405
892 90
8141 8469
4517 7806
1431 9484
1479 4343
2374 8777
8807 9918
7964 7890
9870 1239
5361 1834
7177 7867
2878 2588
9088 8579
584 3041
2090 2830
2757 1460
4030 8415
4026 4904
7840 5981
9621 5061
6709 3168
5731 3293
5106 8128
9095 7714
8690 1025
9874 2145
811 972
8987 3405
9299 7835
6995 4835
4332 7376
701 9454
3465 3093
480 4165
3637 6044
9410 469
5697 8163
9092 6292
3631 7773
3492 5650
3461 3970
1454 8949
9099 521
9358 2607
7206 5712
3207 1748
5871 7099
7141 230
6002 3278
2638 5342
1696 4391
1330 6710
3710 9620
1957 8706
4285 5042
5342 1103
3740 359
1654 7057
4741 4320
6194 3374
4163 9251
3826 5650
359 849
9297 4696
5533 4665
3108 9022
5131 1443
7851 2080
3731 4574
6263 486
2829 114
6841 2277
474 9202
1447 6139
8276 2755
6420 6549
8678 4647
762 2159
7412 7314
270 2257
7460 9086
9738 6151
912 3402
9537 149
9113 2374
238 1524
6389 8923
6704 4607
6681 3033
225 5147
370 5152
3190 4317
7672 3
5615 6658
8777 4870
8602 3592
1866 7918
5946 6191
772 3933
1801 3445
2421 523
56 9460
1258 8321
1203 2759
248 780
7924 6391
2423 5380
5126 6738
6022 4258
8990 4132
8951 950
7991 7315
7684 2973
4196 2939
8148 4767
9757 9041
9586 1958
3836 4648
2122 9060
9346 8134
8209 721
9572 6442
3233 9523
9903 109
4648 2964
2921 2210
1919 6551
214 1246
3922 1388
786 1817
2625 6666
18 7076
8802 6832
5871 3601
2070 8862
4435 9128
4895 7768
6063 1778
9372 6686
9852 1109
968 2628
3486 8361
4750 2381
2106 1747
5687 2476
7760 3338
8583 7985
2673 3542
6348 5192
724 8021
4199 3745
8011 1634
6432 2851
2438 9012
9635 2668
4268 958
1154 1371
9611 5410
4620 6457
294 9379
9568 1035
5698 1814
5984 709
5225 9706
1624 586
4471 5079
4997 9039
3311 3854
146 2635
6096 7347
8278 4918
4636 1168
8529 4275
5523 4173
4741 313
6308 1685
5022 2202
3951 7743
1317 9110
7607 3171
2564 4554
7146 7229
9365 5614
8868 9928
4846 2711
1451 9895
8328 6962
3942 8477
5348 245
8740 7163
6235 3752
330 74
7554 1153
8688 203
7085 4659
7853 7134
5470 5391
8993 2674
4333 3402
4789 141
3897 5286
4723 2491
9871 4663
6998 3674
7669 4652
3904 4032
6032 5020
6245 9589
6394 8909
8660 1309
9629 3193
5787 2381
8963 1835
4065 5683
5529 939
7868 1578
599 2610
9271 6159
5637 8504
1827 5982
3005 7766
8522 4714
2620 4573
5508 1948
4202 9424
963 4076
9017 6357
2836 9861
8718 9825
1036 3472
986 2627
5103 9998
1006 3453
5083 7441
8788 1024
1531 1350
3916 4511
2412 4546
7530 5710
9559 3815
5530 5038
3806 9394
3494 8220
9281 2072
5341 1354
8752 8053
9125 8178
3550 3225
7384 6491
8612 4126
3718 5202
8640 4205
615 2712
6163 4533
8791 5555
2702 2839
2533 9400
4467 6857
7532 8120
1901 2252
4067 7195
8819 6225
3795 2114
6007 24
4898 7768
1940 315
4775 3053
3077 3503
1676 6432
3896 9250
7434 7589
7665 2763
4238 8143
2473 9232
5705 6617
9871 2528
7715 8804
6997 9201
5346 3175
7445 514
8824 3030
9647 9470
3449 3249
3090 6374
8110 7081
2477 946
4767 3631
1296 7396
8166 6211
3959 5721
117 5493
4622 8199
1814 2521
8064 7463
8938 7624
5449 8327
2924 2030
3723 8366
7327 8155
3545 560
2973 7328
6244 1044
2978 5726
6264 3103
6061 1664
211 5170
6344 4866
1179 5241
3611 612
825 8884
5068 8024
4695 168
2789 701
9608 9127
8211 6745
612 1213
7214 7648
3191 3677
8567 1810
5158 8964
6694 1308
943 87
4082 4121
7661 650
4927 7167
5871 830
5670 1686
7694 3508
4307 4575
425 3459
7590 5934
4783 4967
8298 6706
3164 6227
9157 9172
8330 7982
6387 4948
3787 2266
800 9348
5652 6340
4194 6961
8043 8462
1708 4691
9337 7079
4359 4402
3180 8083
9770 8590
5913 7066
4764 8366
3860 3660
5823 858
2939 6343
6841 776
4562 8225
2255 3643
927 4908
9545 1018
3259 751
5002 7610
7647 975
1251 1252
2815 4316
569 3363
2328 9393
8795 9560
2777 5639
7780 345
7477 9717
7495 3717
9524 5949
7095 3
9942 5967
70 8272
7830 9527
5818 5908
2333 2588
6319 2516
8621 1373
6699 2752
9764 1725
991 5797
8338 3547
7057 7163
4127 3907
4050 8785
3426 3748
6465 2385
631 9852
4640 7494
9213 8147
3085 4670
7654 7538
3055 2114
2925 3096
7528 3592
6081 3366
3360 3994
9939 7283
4568 3196
5663 3368
2625 1645
3668 8058
7248 7426
3077 1100
1533 4933
7901 2500
4805 7014
3783 1336
1245 5370
5962 3499
6070 4003
1991 5453
4476 7247
9595 5339
1328 7721
6830 3962
3795 168
1653 9652
7473 455
6519 2153
4744 5664
1631 5777
3112 4362
30 737
2908 595
2664 1882
2549 6167
9940 410
5601 2560
6904 4683
6585 4807
1414 5908
5404 9344
1209 3310
5510 6132
1569 8437
7282 9278
3423 9618
5635 512
8209 3399
8467 994
640 5934
9994 2351
2934 6424
126 665
5432 5367
3405 8736
3855 7603
9513 6062
7996 5252
2464 4025
8865 1111
5042 125
4605 7250
3373 9771
4712 8615
9516 2187
4442 4472
6237 3850
610 886
5671 9167
1735 9102
3534 6272
7616 3852
4079 7551
4312 7281
3255 2629
9725 1409
8294 721
9712 100
985 5128
7517 6842
6335 1517
7846 2086
5873 4782
8922 5298
3978 7082
8835 3550
2053 6213
4378 1068
730 8918
4623 6033
8726 9744
7981 4084
5545 28
2346 9613
5518 9829
5011 6285
3137 3946
4778 1639
4167 5203
8950 5206
8607 7968
2658 4857
5642 2432
8245 37
7944 4212
1876 1833
6559 6245
3769 9287
4375 5448
7067 9854
2140 9476
4435 6954
7435 3767
1523 2481
5992 6582
3555 6680
4062 9766
9229 871
6704 2019
6050 1184
6167 1401
8887 57
5165 3525
2253 9100
1844 4684
691 6727
9393 44
6815 7240
6479 2502
9367 7165
7132 7884
6707 2302
1395 8529
2409 3325
1412 9014
2568 4554
4040 3046
1464 4804
6368 6204
2551 7974
1534 7544
7699 1254
973 7607
5773 7990
8138 4435
3897 6217
3091 7222
233 8187
5794 7902
7601 5345
857 5399
4936 447
2064 5526
3923 5542
7178 2493
3606 951
7949 805
3271 1358
5067 1661
1662 3658
971 2250
1142 9108
4480 5618
7394 712
5015 859
3914 9999
9562 9139
9656 5669
858 8183
4695 171
8966 5728
9965 6698
4130 8864
2158 6941
1271 5796
18 7615
3483 1326
5137 7653
1512 7562
8067 911
4840 2618
9675 3354
9034 5740
7435 4952
9858 3861
368 8412
4424 2233
7473 4260
6371 2360
6906 4232
565 7775
3565 3167
3030 1298
2038 6693
574 6355
41 7749
4937 9726
8062 7295
685 647
8429 6693
8403 167
6592 6388
8850 6643
8649 5106
7922 3221
2534 3232
432 3983
8735 8516
3848 8599
7591 1312
9246 7051
4003 6273
4353 6809
3287 3352
910 3840
5811 4152
3800 9658
7145 20
6303 1144
4217 8817
5881 1244
9809 6933
1858 686
5479 3021
7350 9407
7655 8999
9182 7965
8608 2478
501 2032
9476 6783
4594 9456
5931 2519
1732 890
5402 9381
8378 2384
9190 3310
3990 4129
7379 4452
5661 4852
3077 1413
7376 979
6046 2859
5046 6805
2135 3850
3279 8593
5431 1090
937 9049
2666 152
674 6310
9498 4847
3928 7907
2462 4494
1237 5237
607 1461
7066 2295
2355 3724
8025 1376
2635 474
6592 644
8055 4565
337 1177
1726 5601
2472 3707
8379 224
1844 6472
6620 8030
561 6478
7184 6402
7162 6870
9085 3109
3633 8641
1773 3872
1825 9508
8442 9804
1172 3604
648 8832
2570 2814
1514 5118
1760 8141
2803 5962
5613 4326
362 8141
2613 3882
9552 1775
7378 8663
3398 5133
4133 9343
9572 3468
7046 1417
1996 9798
2949 6833
8072 8869
6934 9753
464 481
6938 8616
6533 4290
4672 5892
2547 4077
8596 6159
8902 4763
8091 6643
7554 5282
7808 8352
5373 8483
762 3560
3929 715
5308 1421
295 6995
6289 4454
3443 999
583 8458
9786 1015
8954 7421
6226 411
4809 1238
5872 378
7605 7314
8054 5187
7410 8848
6734 5165
2879 5007
289 5203
3028 4461
5358 8700
8750 3690
5930 7146
3227 8761
2368 1779
1627 1292
8341 6411
3280 2316
5574 3563
359 5965
9583 2855
5051 635
3251 6425
1245 4802
1035 1347
4944 8219
157 118
8417 2289
85 8714
1716 9646
8265 8901
1127 1859
2747 8272
3376 6684
2840 8150
5924 7422
2361 6840
4839 3251
5913 7524
9266 1037
4560 2032
1409 4824
5095 4147
424 7596
1079 2672
5786 4636
863 2460
6427 6393
4470 4742
9579 1994
8213 5713
9888 4080
4228 4893
3941 9868
4327 1681
3280 2594
6569 8832
1089 7749
2299 7997
6716 1969
3504 6503
6561 497
5133 5487
520 4301
7900 6038
1655 6792
540 5498
7168 358
2475 478
1674 4094
7103 6449
8403 8544
9537 7900
7525 2372
3548 4927
316 9141
4656 5406
6554 9730
2618 2097
3556 2389
8910 1160
545 6744
6374 7453
6137 2262
3366 5118
85 6864
1640 9179
8793 9723
924 7740
1284 4356
6200 2070
5338 2795
3830 9702
3989 535
5737 6657
1373 8585
886 6051
3698 1211
4675 7748
6808 4471
7477 6327
4558 8483
4132 8422
5701 3322
1864 6683
8284 6458
8674 2357
5741 1738
1930 7922
7729 582
5557 2688
8468 5440
9992 5830
4354 3556
5067 8204
245 7718
4238 2827
6259 5929
8076 1909
8570 7962
1977 1564
2126 4520
8495 2579
3656 6182
2569 9674
1450 5709
9502 9854
3970 9798
6744 245
1776 9201
8371 57
2766 8750
6762 3063
1997 6535
7801 6186
6770 8606
2473 1830
3675 8933
864 2312
8589 5111
7796 3661
7308 7800
8469 5120
3992 2553
6115 7208
118 9955
2885 7796
3019 9139
6494 2451
8436 8343
6647 8859
9907 1995
8514 7298
3983 3785
7702 6213
3736 3534
183 6684
3544 8464
8462 4986
3018 9113
5038 7244
1205 4460
264 8468
2265 1040
919 3300
6184 4242
3943 4490
4386 339
1816 7036
1253 6738
803 5566
3233 7439
194 9104
9074 5530
4499 8575
1434 7153
4845 3196
4772 4333
2814 6029
9688 2742
181 4586
8091 1866
46 7461
8559 7687
4922 4154
2845 3781
6276 8511
5576 2894
2892 7350
25 6683
7344 3851
5286 8410
7598 626
6595 9504
3099 728
2281 2207
1154 1902
7559 6531
6927 38
348 8618
608 7991
6509 9691
2031 9114
6301 474
2372 7921
8277 9400
19 4248
9806 2318
4889 9872
7923 6938
9437 6730
2472 7071
2668 7962
1704 9782
9986 5888
3010 2004
360 5672
6734 1323
326 7777
6107 2470
9821 4258
2606 6959
1627 9257
3171 2970
9 5668
521 9676
9804 1031
2036 259
3445 4839
4402 8772
5385 766
1909 6178
3448 1797
4524 2629
3154 8054
9663 1621
8271 9965
5943 7092
1233 6883
2131 7356
3488 1455
1490 9345
7616 5766
7351 5866
5865 5919
3215 8021
4059 6486
8741 2689
2246 6732
3879 6721
1375 4765
5147 2280
2950 8877
8142 6007
5182 8201
250 8472
7395 8473
3831 1182
7565 7163
6382 1825
2155 8127
7752 5891
8610 6064
9680 191
4998 3221
1896 4879
9712 3042
1308 7479
2185 4902
1196 9820
9301 5174
1470 2905
1936 488
2410 8629
1312 1370
6547 28
5520 8016
8112 8887
1055 1602
3870 3609
8053 8957
3531 4574
1615 8817
9993 5738
9000 8348
6863 2541
7245 2157
6017 3807
6686 6762
4834 1290
9879 4328
7724 7115
3246 7522
394 376
7624 6276
8303 4375
8494 3902
4805 870
5225 5037
3187 6735
4520 3344
5787 2026
4414 7933
6917 5946
3702 5415
5168 5958
718 4771
8908 8945
4723 9855
3122 7973
4750 5953
3610 1824
9689 5395
5068 5833
7805 79
2889 2954
9907 8886
5037 5761
5151 6829
8502 7420
3352 85
9791 850
8169 2910
4921 9125
6843 6394
1734 2038
1572 9346
4429 138
7592 4972
5591 3197
5174 2598
4520 4269
5882 2449
1482 8769
2396 5165
7325 163
8065 7308
6036 5289
5039 9603
177 7085
9354 2931
9007 7143
5777 4452
4000 519
1906 1612
1750 1777
1962 8679
8683 8237
7267 1708
985 1824
6879 6223
1332 5591
2578 131
7913 6637
570 1397
5888 4858
7540 5547
3571 5648
5278 1504
85 1891
1652 9581
9680 6596
7960 6223
7897 3887
8986 1082
4637 5822
9270 2416
244 7948
8545 4652
1464 8579
3677 7159
3722 7751
440 5461
7175 1209
5339 8552
6675 756
2285 7839
3124 1513
3112 372
2692 2884
5935 3379
6370 5994
1854 224
4793 1121
6494 8610
8010 4641
3281 238
4300 976
1623 2802
4856 8709
6651 6704
5745 5662
931 91
3798 1884
7119 9466
9237 3115
4562 2799
8730 4482
5189 6690
8664 7128
3021 8410
783 1169
4899 4323
4144 728
2760 6923
8083 7403
9481 4082
5297 7460
6521 3284
7614 170
9883 9828
2798 7854
4905 9510
6160 449
8899 7226
5121 1346
6710 3029
4692 9356
9519 5855
2221 9953
4155 8660
1592 1964
5174 1122
6841 6167
5111 9351
9993 7221
1336 3966
6321 3063
7422 9829
3627 5872
3136 7998
7327 8025
3187 36
69 1317
5165 6071
8274 9734
6541 8509
4829 5704
1624 490
1184 7407
612 5719
9869 5544
1850 6297
4230 7539
4708 9722
163 6998
9297 3354
1176 3064
7132 8384
8122 9123
2886 1324
2837 8222
3752 4663
2866 9926
2822 3220
6770 9323
9112 4827
1759 1078
7853 6754
2642 2581
4709 9608
4995 3837
4800 3113
795 8012
4719 5763
9453 3999
7645 8283
5707 8735
3599 5460
5111 279
8301 6674
7769 1977
8680 9106
7249 4816
2553 3286
5376 1834
4885 8628
4581 2726
9438 6018
293 4325
5038 4931
2462 8160
8827 8635
662 8189
1212 6447
7035 9020
8698 9803
812 2137
3434 5031
1258 4128
687 1225
1651 4278
1595 2458
7433 8860
7586 7906
9090 6805
93 9085
237 9883
32 8726
6950 4772
1150 3593
9794 5788
8137 265
7455 5283
4753 2999
2113 1187
6062 4630
3124 3262
5488 4729
1407 1592
2924 8948
3538 9911
3259 3278
2292 3562
9031 6140
9610 8376
2276 2251
4304 7256
116 4904
4460 4907
9617 9193
274 2424
7607 7339
4990 3019
2475 3550
3373 1962
6100 9085
9703 2827
9114 8372
6965 1385
2530 341
1387 6970
1304 975
7769 161
9921 7775
2583 5520
315 7837
4296 8501
1156 5959
6533 6010
8152 6891
6674 8529
9998 1866
7080 3727
1574 4606
910 3599
3376 4684
3875 2816
5280 2627
4637 4388
4536 5843
7904 8440
8792 2920
8715 7556
1429 8814
5308 3012
3968 3326
9743 5710
5724 3977
7647 6274
5737 1132
6377 8360
5159 6909
1015 9372
4121 9127
8636 6032
6561 8156
2193 6546
8637 6883
280 9909
4727 6344
8956 1085
6484 9347
7884 901
6399 1954
5924 8325
2986 788
1345 1450
1491 2060
2835 2789
7041 1828
826 2642
411 1973
4728 9330
2285 2867
101 7384
9106 9950
6862 8224
840 1022
1484 6681
1346 8962
2743 5880
288 4242
3943 3691
7255 4127
7796 839
9844 5295
5125 4698
9393 7242
6690 7415
5918 4796
6323 8014
5459 2619
191 544
942 2733
3290 681
9290 5514
6907 1634
7777 7619
8656 4828
8730 5380
4088 7800
8385 8883
7560 9896
3036 5922
1782 4395
9666 6221
868 2721
9399 9784
5805 7401
5524 337
7218 9746
6185 1011
1282 5134
1654 9790
2204 2801
7805 1244
7025 164
5605 771
8728 8345
1852 8819
5354 5077
2269 8918
2673 2487
4256 9504
2499 724
6236 2271
6416 978
1210 4111
8070 7321
3997 1904
3965 3924
8004 1393
1371 8689
8562 3712
311 5862
3573 2665
6236 7555
2863 2170
6295 978
5814 5072
708 3298
568 8967
7477 408
5785 6696
142 4639
3249 6140
4693 4894
7818 3424
3387 7090
2841 8430
3953 6011
7148 8854
4249 7073
8505 6102
7051 5004
9803 8734
5819 711
3961 6785
7736 1577
2978 1835
7526 236
115 4283
4740 8202
8472 67
8139 859
2021 8986
7141 1878
1613 2372
9603 1982
2368 4553
9489 2783
2397 2354
2747 1185
7984 4828
4418 991
4717 1934
5082 9373
6440 5415
3773 9776
8337 8813
7217 2745
1966 5725
6800 8155
3036 1941
6785 8360
4030 8668
7235 440
2553 9419
687 6167
1001 802
7784 8426
1762 2755
6903 9828
175 7954
9483 9786
3460 1990
371 2006
7284 8705
5618 7843
4861 9791
3563 1926
6230 3164
7515 9048
8774 3624
4471 3301
7211 5824
1964 602
9813 5941
4940 7534
4591 2579
9276 2954
8151 7647
6911 1464
9654 8508
6748 3346
7988 8768
3787 3856
1182 2544
7367 8311
8704 4484
8750 9066
1622 3315
6789 9812
8491 8503
4721 1102
3281 4013
5343 7562
2572 9993
6966 7910
5226 8969
2087 8379
3466 659
617 3999
6054 2682
3931 1035
6662 2230
3091 5729
1040 2816
8330 5181
9128 9373
9257 9861
8599 574
1783 1850
2105 7719
4686 2901
6693 2149
3684 3301
7144 7845
5124 161
9529 4490
1978 2006
7383 6808
6248 1380
1555 3320
579 1085
5184 8695
9931 4191
4861 926
7062 6400
7271 6417
1385 4297
3693 2546
2052 6358
1513 9338
4662 4629
3076 7811
3006 9456
2394 3468
3867 5888
4104 1109
3363 4131
8473 7302
7191 5506
8252 5145
6837 8448
6742 7871
9198 5195
5741 9178
7815 529
6152 9557
8496 4680
133 9386
5347 6558
6014 9471
9048 4018
8202 5847
1755 6633
478 634
7915 1197
9465 6104
5347 9626
1020 5625
7290 2489
8387 6839
2703 4339
8695 9208
5140 4986
8242 4971
9438 5218
3243 1348
5188 8503
5010 2361
5411 1196
6833 5340
2514 5845
3240 1344
2159 299
8019 2446
5694 7618
8750 1008
1344 3946
4263 3245
8861 6713
6366 4188
7823 6558
4739 4649
7172 6081
6121 8745
3118 7279
9374 8359
8924 1568
9480 3682
1801 8296
7930 8644
5649 8824
8156 1095
2988 9922
1604 2834
7985 4106
4043 4055
1552 1375
3683 4930
3763 6725
7310 9774
3545 4903
8839 4702
9227 7635
9157 446
4592 6145
2184 9523
1384 1161
7489 7753
8436 7164
3171 6567
1026 8675
4125 5893
6678 4916
4641 8859
4102 1122
3635 1468
9302 9544
3495 5936
2477 8179
7219 7347
3761 8931
4024 8322
6658 3837
9239 1971
7016 2311
4151 988
3832 9517
1724 772
2941 4434
7069 4763
8715 4948
415 7421
1400 3318
9205 7462
1132 4815
6585 1047
7524 1089
794 2440
7034 4030
9627 2772
1555 3371
6183 7404
2873 1220
495 3548
9785 5661
2871 7722
6898 9442
4784 8198
1397 2810
1786 9153
1877 6755
296 8478
3989 2938
9661 1996
4884 2226
5463 3737
5518 5517
7342 6926
7110 4083
7628 917
9657 2078
8268 6212
7161 7915
5037 6633
2134 2086
2526 2116
1769 4726
6647 4899
1407 6154
6914 1032
1864 9167
7263 2505
4749 4683
2334 8543
1889 9047
875 827
3682 9276
8356 9279
5845 3511
7874 5407
3953 1338
3222 3709
5251 817
2123 8273
4689 5859
2096 3001
4496 5119
8176 8436
3945 8926
6106 7020
8610 1083
3917 62
9610 23
325 915
2917 2438
423 8886
338 6870
8322 1539
8209 8461
7670 7889
2339 8304
3028 1408
6464 2819
7941 5445
8557 1745
3481 8559
8338 8410
2258 3797
4934 6465
6864 7608
8557 2817
457 9274
1383 8417
466 9234
1197 2564
6540 1877
3249 1355
955 5406
2733 2722
278 8358
776 622
8914 7439
9103 4621
1709 3224
4082 4439
1772 5023
2931 8885
9907 8785
9432 2502
5727 8686
4362 5460
514 9797
6089 6592
6992 3468
5689 6918
5523 2328
4731 1192
9037 2716
8810 8601
6941 273
9837 8343
2449 2435
8450 6240
8698 272
305 8375
8513 395
8250 1535
4509 2366
1038 5770
6444 4254
1796 7746
2015 4023
8468 2489
9786 8168
1607 2681
6826 3575
670 6629
1832 901
4695 4604
3171 3086
369 3438
2578 9951
4063 5850
7233 9781
5800 3106
1873 1563
4119 8721
9819 6657
6081 2333
6023 7146
4078 7921
4066 8592
8199 104
848 147
2246 8366
9173 4398
2068 2477
7612 7025
6185 3616
1505 7271
5100 6526
7983 4110
3964 5553
7816 5449
54 8699
71 5268
19 324
7381 9533
9053 7956
1785 861
2231 2871
2725 3463
6326 4517
249 7399
2663 977
1013 4573
5221 2119
5307 4456
3786 7970
9873 4775
3504 2665
7219 2066
3157 9852
2004 8936
1954 6825
7850 4708
6108 4584
1420 842
8260 3476
2545 2451
7851 6224
619 8504
3875 8462
5365 325
3122 5520
1755 31
1205 1609
6253 898
297 1644
3446 2932
1328 9644
5959 5597
4424 1991
6045 3060
8419 7977
6427 1329
8305 7630
5380 3193
1584 8702
1399 1396
1040 1937
8056 4079
9309 7887
4115 4315
6939 9543
3587 270
7794 756
4642 2246
7685 2011
7587 5996
6540 1911
6759 8936
7056 5194
6849 7744
3188 288
1476 8276
9084 1722
3340 796
7471 3903
908 6038
9641 2626
393 3967
7314 1446
8567 8453
5668 4761
6044 4059
7378 3388
9348 8202
6880 8414
455 9002
2342 6955
358 8219
781 4604
3955 3431
5177 218
9973 2438
4126 2662
6599 3644
9751 9729
4791 9158
950 7196
5612 9712
3889 116
523 9128
5169 1283
3641 9201
9493 5216
9648 3983
9516 8226
7597 4910
8553 3923
2211 1688
8930 3532
4305 8172
343 8539
8926 7340
3455 9356
9269 3590
7267 9211
3895 2307
9036 7307
8890 5455
1008 9912
8125 3673
7592 1287
786 6056
4420 8934
7918 8163
9909 9191
7640 6495
1844 9076
9925 9392
9227 919
7203 8425
36 7347
7819 5725
5172 1098
4154 3893
4808 467
8421 1419
2294 2570
3417 4963
6689 4521
8085 5308
359 8049
4957 3453
2276 307
5644 9782
914 8877
2897 3494
2043 4064
8067 4081
6569 6676
49 1525
3148 6629
1625 5771
424 7384
2480 4943
6000 852
8511 6036
5974 8230
6713 9098
7061 1937
2957 5035
8486 8672
9000 9091
9906 4027
8852 1426
445 8246
5023 2593
8612 7776
978 2014
1497 7404
1929 9195
5828 6220
3445 6335
2318 6296
9526 8800
5658 1758
8600 7367
6391 859
4358 96
6055 3577
8904 37
6341 7404
1541 5706
5001 2791
8717 3783
2758 3217
4288 2038
6104 8459
6957 7054
6014 3573
148 5829
2125 1804
1000 1281
2815 1605
8796 1270
1649 7550
8743 3577
8899 9550
1199 9062
7941 8445
3127 2142
4943 1889
6562 8257
6804 6585
1582 8523
1262 985
5254 3988
8598 2356
4956 673
5925 1874
7325 2560
6964 5392
5693 3505
8974 1205
155 9217
6860 8986
8051 5428
133 7346
8082 8928
6364 185
5531 8413
5373 4060
2697 9669
3735 4941
24 2529
5987 7530
9740 8452
2956 8873
3705 2896
4908 7477
6649 1071
4278 6798
8739 8383
2535 818
8107 2247
5256 3304
8703 4793
9553 7719
1279 6133
5125 6929
2836 3392
1536 1534
7051 4587
6604 6579
5046 3961
186 3731
9838 5466
5537 666
875 5732
4503 2141
8010 1605
3704 2233
9755 2885
2283 1478
2446 8563
9258 508
7734 3013
7154 6478
2011 7973
5882 6336
9826 9559
9006 8860
152 3562
1090 5336
5228 9205
9814 5351
7740 5905
1811 4210
2463 5344
1297 4448
4366 3943
9812 7982
6988 6635
2474 762
9946 4379
6253 6451
8616 931
8640 8880
1765 3489
4426 2962
7675 4062
8622 302
5147 3401
5665 461
3342 5790
4480 8392
834 5561
5460 1281
1057 7873
6033 3683
2977 3067
2574 8135
5290 2858
834 6311
6579 7748
5025 1917
3352 1724
8083 690
7003 4195
2437 8781
8114 9339
544 6080
9009 2048
8905 8321
4987 9767
8722 376
3598 2683
7562 6332
6145 2603
2321 4020
1380 9552
546 332
5504 9321
1760 3812
7925 7
8569 6887
7758 3503
2833 7825
9170 9933
59 2659
6043 9460
7129 2291
6816 6129
8986 2574
741 6441
7801 2530
2475 9114
1003 708
8214 625
4913 9039
2573 4360
7589 6648
7377 5183
2213 9708
535 4709
2760 6718
3982 5648
795 5524
4613 2820
2522 4651
2930 1596
5010 8642
9683 2801
8935 166
7678 8578
4168 1804
4089 7506
7637 2208
7306 8110
8882 9858
5727 6915
2458 2996
8278 4235
1087 4946
5039 2197
1388 9116
2655 5505
7050 3154
9662 163
505 6902
5466 4041
3408 1057
9547 7381
259 7343
7810 5686
3524 7312
7912 3791
382 2067
3080 7677
834 9742
9178 343
8641 5014
4383 6650
124 280
2245 8890
9927 9188
1774 8567
723 4588
1363 9847
972 5040
7820 599
1270 701
7337 8483
7480 2654
4807 7546
2724 9242
2223 8677
5926 6821
6734 8271
8488 6735
8509 2644
4954 6664
2148 1815
2638 5619
7521 3539
3300 8392
9030 4316
5602 1007
8912 5108
5265 6858
5082 3469
8801 8618
2568 1968
6379 4753
1887 3395
7530 518
6583 7712
7178 3565
6295 604
176 2409
6102 1932
8521 1239
8008 6532
8461 9335
210 5773
3124 3659
4501 6405
5962 1921
8079 7912
9773 1315
4516 8366
6534 3959
9444 3688
9650 9886
7466 5367
7385 3228
6942 2928
8643 732
7188 8461
7087 1154
6540 9105
7115 2627
6234 9903
2305 7617
4671 6915
7977 5670
7088 8101
4988 1649
8441 9574
8772 9918
9595 9412
9843 6699
2092 7599
517 5657
7837 3877
2276 4883
7336 7205
6855 791
2138 9258
1696 2571
2014 9165
7013 5179
1488 7061
247 7189
8928 6847
3132 9591
8696 5635
9307 2131
7299 605
8872 1590
4906 2806
7000 922
4417 897
2143 4003
6747 3314
9504 6169
1464 8548
6136 8659
1200 2399
3552 2079
5801 161
737 2471
1570 7472
1634 5389
6166 8243
6705 3345
3291 1010
5662 8443
713 2823
5122 8495
9999 492
9249 944
9263 3890
4286 7134
5343 9049
597 978
7975 7326
7927 9688
7216 5289
5789 4525
4761 3442
123 3598
4251 6589
6668 7165
2534 8225
1949 8352
8398 9124
523 7011
9327 5475
4136 4862
9414 4817
9253 9339
1191 3071
1601 2445
7587 5771
499 264
1857 9434
6362 9245
3066 7265
6150 3041
6590 1521
8731 5065
282 1343
812 6572
9983 1133
1258 8272
3563 7193
67 6813
653 8323
8832 6211
226 7913
7900 2984
125 2614
2585 4855
4374 8314
1335 6753
2094 3082
4892 6369
701 797
1845 7292
3219 9472
5899 2217
5819 1260
2136 2443
7047 6061
4642 8470
1022 4102
9890 5236
4435 1674
9597 7672
5643 8099
7072 9152
7832 6292
3713 4209
8221 3818
4394 8226
7317 9121
1036 1148
6984 766
6255 214
9160 5509
8653 857
5470 6130
5399 4714
2564 100
8692 6755
1902 452
6115 1712
6080 3620
9130 8845
1646 4780
5728 992
4330 5067
9634 7167
8465 4858
6931 7047
4928 2909
3945 2016
9147 1437
7728 7227
2925 5357
1802 3483
1663 4816
6707 9158
2668 3474
4148 4357
3012 5357
6988 7422
403 3318
2419 3391
4954 9736
6260 7477
2490 2775
6946 4502
2336 477
6689 3186
6226 8177
1695 5504
2866 918
2384 3011
7362 6451
1315 9437
523 2500
8137 4412
3029 1167
1799 899
2734 1239
4592 412
9817 231
835 1073
2894 3556
8199 7097
9437 8440
5144 560
8246 5064
1068 3963
3108 6095
4942 4797
3644 2330
9695 5727
9364 3905
8967 6242
2910 3950
8118 5787
1603 2425
5824 9316
9520 5594
4206 8473
4590 9082
6306 802
2786 7722
6545 6843
9022 34
2221 9950
8901 6247
2895 6337
6266 4506
7500 1407
3064 7367
51 315
537 1108
6820 6248
4735 3231
4216 6372
5128 7398
6673 8761
2794 3834
5111 1064
3887 6519
2654 5156
8940 6125
9321 2915
2020 4723
7291 4457
7801 2215
6143 3603
5172 4226
237 4404
9520 3224
1421 8146
1441 8416
4141 5123
89 1533
4293 5016
4386 8670
5238 3103
2350 8353
8573 7449
988 9656
6655 4175
7999 1115
923 4127
5763 9013
2737 4131
7637 5729
7320 1074
1963 7372
8615 5438
4565 1565
686 2118
5624 8836
4678 5139
221 443
8453 2785
477 4243
1 2114
4369 6014
1225 6994
2709 6687
1660 2959
6307 6069
8328 5415
394 4265
6141 6887
2794 3626
2780 2006
4508 4993
2731 1370
4554 3311
2694 9553
5523 5949
6151 3154
5152 5457
1756 993
5874 6364
3118 1085
4876 2042
6821 1623
9763 8751
7357 7600
3409 1558
3251 8554
9762 713
3148 8009
216 6726
9909 8630
2052 6957
3932 3351
7710 1184
8839 4833
1504 9372
694 8149
2091 2693
3904 3857
8634 87
5833 458
5723 891
7587 1121
6366 2165
1171 2267
5804 7744
1894 4312
3019 7718
3761 6731
3305 3234
5151 6024
1028 8211
5306 6908
7952 3398
9192 7858
9998 8467
4506 569
4430 6845
3359 4274
5607 3695
9539 3776
4083 7844
6399 2525
2688 3183
4253 6464
9057 9452
8554 8876
576 9867
3750 3195
8995 2730
5824 7216
2956 9941
3584 8580
9800 5038
6556 9301
957 2466
3517 6943
2865 1929
5807 6744
5082 3648
8882 4217
373 9043
435 9288
748 9372
1895 3929
4879 9753
9129 3429
6124 5342
5539 5826
4998 9300
8970 9672
2123 9035
4361 1216
4366 6938
4420 946
1511 627
4021 9816
2045 2626
2849 6771
1034 9927
2878 2405
9458 2578
4268 1662
1325 396
4211 2471
5693 6602
6474 9593
2062 7304
5659 8696
5438 5217
1253 818
7323 7887
8338 4684
8415 8964
2710 1285
9768 4566
3774 5006
8763 7483
3756 5105
4014 9582
8587 6957
5145 3390
1910 9503
6590 7699
860 7419
4123 895
2786 1941
2416 3261
9237 4515
171 9587
4534 626
7703 3618
3002 8402
3815 9671
8242 1562
1170 3213
6395 5234
7355 2871
3487 6628
6594 2522
1556 5841
8518 2991
3735 8768
5963 964
7995 8577
9667 8538
5851 6
787 8584
6548 1256
7835 3791
3592 974
8717 5178
2200 6683
7228 7345
5826 7285
1371 3331
9838 5852
3823 3016
8646 5847
1351 3210
8095 5221
214 2013
7722 1633
6935 695
5016 4310
7261 1367
1904 1745
5908 616
5501 3160
1550 2826
9176 4047
3632 1125
3294 5908
1573 1908
2382 3849
9703 8665
7012 7888
7817 8597
722 3718
8064 8181
7678 9557
5249 4794
5784 3268
6121 9888
8071 1781
8856 4471
2897 8257
423 4136
4230 8765
6201 2534
9430 7881
75 1844
3884 7250
8232 1564
5149 87
3761 7390
229 62
9108 8419
9716 8333
1513 9751
5135 3881
4917 7566
4371 2838
487 6219
7403 9924
8624 4882
4977 850
9064 8149
4367 1164
5168 3750
3400 1156
8232 338
8687 7168
2791 1420
268 8954
319 8748
9884 1059
6545 4482
1858 1092
658 1039
8044 2152
4423 6131
5174 8136
7075 6944
2621 5943
5885 1364
4820 7710
4643 9934
5691 1329
5872 2334
3246 4875
9 1022
9168 3099
8921 2596
2226 7056
4423 2957
2786 2789
6956 6558
1077 6437
1181 1548
6707 6980
3852 1920
5496 1213
7576 128
1760 3011
8103 6085
4019 1980
8670 8329
9773 2093
1050 8773
574 4651
808 312
2091 9637
357 6148
4526 2577
9354 9568
6822 5383
6230 6791
5664 2389
8157 5512
6966 8703
4626 8559
5637 8980
69 4991
8927 477
5967 3416
9556 5313
3509 3998
9524 1379
3657 8316
8073 5931
4157 9235
1527 3431
3522 825
9683 1433
3375 8464
6360 8512
4633 1747
746 1529
5281 7331
7535 4229
6392 1193
4407 6397
9234 2381
5 4805
114 5086
7825 6423
6577 722
2515 552
853 2572
9110 7318
7328 1540
9933 5052
3227 2844
4796 8522
5584 6051
1458 9641
9806 2194
2337 6933
906 455
9551 5026
3470 135
23 3986
6831 4229
6636 3267
759 4902
7039 3340
8269 5041
2455 2888
5734 3083
8558 2076
924 7897
9195 753
290 2196
648 1864
5106 9261
2896 8855
4394 5379
9261 5462
9828 5783
8758 6477
3324 6802
6436 3609
8160 1342
6975 4728
7288 3989
4516 5283
2178 7679
4769 8192
4814 4078
5100 1446
4094 7629
4225 5947
9459 3970
5980 8934
875 8444
2614 5064
2038 4400
8075 9386
3477 6693
9578 1075
7386 5492
7621 6717
8057 9853
5822 1573
5391 393
847 8962
5260 611
1844 4940
7150 31
8059 1944
8899 2093
5709 8012
3348 2682
1385 9630
8969 8803
3005 494
8406 464
73 5521
4963 7503
7159 8101
9770 2601
3845 7049
6662 2003
8222 6207
3345 4089
12 7186
8953 6051
7766 8478
257 4560
2721 3831
2368 6727
109 4547
7041 9120
1312 1663
8949 3279
2031 563
756 869
4004 3729
1308 8448
8958 5863
4883 5997
6133 2806
6352 8662
9779 3981
5277 3430
6938 4727
7741 538
7469 1042
2212 6461
6050 6261
4885 4916
1963 3040
9153 2471
8153 7438
3616 6768
1577 4692
1210 8459
7845 6207
2167 6435
7375 3823
8799 5847
1886 4283
7419 4128
9176 2469
2285 6269
3023 9191
2852 9096
8129 1407
2929 5485
4041 605
3982 8107
9865 6669
467 7705
4117 9338
8686 2275
3145 505
6883 6423
4226 7752
1005 4272
9834 4927
3928 4500
6340 835
5201 5540
6576 4872
4224 67
3439 8021
7019 2285
8505 549
1807 5039
9791 4646
9806 434
7383 2794
9149 9909
1748 3599
8473 8217
6062 291
1420 9608
3970 381
9062 6131
2605 9843
2229 7794
3156 6928
5823 2242
5732 2050
9042 8973
1053 1930
5322 9578
500 6559
6907 9042
4930 6219
2157 7363
4611 9362
1397 4734
1019 1406
6327 5216
5658 4194
1233 3538
5861 6230
199 4453
6011 7504
6984 3963
3766 8167
6971 6166
1678 6269
2403 4953
2916 3498
3814 5971
2906 9013
1000 4854
9544 7214
4066 4942
3081 1569
5018 6291
8282 8513
6799 3934
6738 2523
5424 7195
5335 1794
2083 9702
9313 5066
8837 7326
3506 5976
5063 7308
4816 7948
8517 6547
797 2984
66 9115
5137 2556
2010 8097
4799 9126
8939 6541
6683 1330
3405 9533
749 9207
5707 163
2925 1941
2971 7853
3400 9670
537 7986
4713 8728
9119 1948
9286 8382
3680 3732
4744 4798
1924 812
4619 1727
3845 7303
5104 5064
5799 5046
1972 2198
5706 4058
7939 5234
2741 8836
1652 605
7609 314
1124 9469
443 3326
516 6674
1830 1339
6241 8144
3118 315
282 1455
4264 9547
947 9629
4470 896
6802 1251
6446 3356
3512 4029
8712 5735
5271 9255
606 657
5014 1931
1997 1274
8012 5822
4588 4769
8375 6082
879 5153
6197 1096
2882 9284
3995 9590
8017 7375
7996 8823
4491 6174
8000 8185
521 7285
6884 7871
2362 9302
9796 1913
5097 5957
836 7204
1149 3653
8895 3021
9021 5776
4734 7688
9779 4248
8063 2994
3695 5012
4280 8823
9154 4081
6165 7586
4270 9109
6478 5503
4141 8903
2164 9768
5623 8323
7371 5085
8590 3061
6184 407
8306 2473
9688 2613
5334 4544
1734 9407
6350 1179
7689 3822
8724 4969
3255 9522
784 1570
9898 5090
5179 5990
5877 3539
8991 1812
67 5342
4295 9699
1971 1813
6573 2841
6885 2516
1600 2667
1407 468
1854 102
1928 791
9351 6438
5019 3279
7664 625
9636 7857
3456 5118
9816 3864
8292 7732
3132 5797
324 6977
1520 2013
4781 4773
6345 5912
4999 5634
2448 5659
5186 9171
4110 597
6400 5463
5711 7592
6252 2355
7214 3100
1952 3178
4962 1571
8164 5093
9254 4125
507 6923
7866 9397
9016 4834
302 8830
6263 8208
8943 2520
5908 7317
6512 6820
5347 1729
6679 714
5375 1375
1324 6171
6522 6745
2523 7515
590 8584
5222 4446
7214 7681
1245 290
7309 9851
3009 1209
6597 4140
3505 2405
464 6274
6985 6129
5600 1207
4890 1439
8788 8708
8899 638
5338 9778
7670 9404
7279 5921
6655 8159
1666 4429
8780 2894
6372 8715
1988 9102
1179 7663
6400 7917
9417 2472
336 877
1954 9352
4183 5226
6976 2831
5067 4708
8343 8011
4709 6764
3201 6485
9664 7547
4464 2412
6889 1841
3551 5901
6825 3504
387 5391
7212 9686
4357 6250
7911 9675
2659 914
6962 8001
7524 7329
8725 5259
3271 2084
8322 6933
1167 3639
2570 810
8296 9023
7173 6332
3884 7014
6342 2378
9477 130
3897 7583
1581 5786
2480 9008
6572 7909
9881 6843
7148 5732
3602 8994
6089 3803
1609 7760
5186 8051
7291 1221
8943 6198
6359 4891
4877 143
6614 9217
4231 9246
3977 3239
5996 7542
5448 3879
4430 8708
8823 6399
3317 1886
3199 8614
4934 8751
4869 7572
6380 2268
5633 7862
9772 115
8297 6367
2387 7528
3743 526
9158 8006
4996 2624
8479 6639
9223 7077
1599 8107
1815 4281
5118 5314
6839 8469
