562 9276
6244 1236
1532 7764
1994 9222
1864 3372
9198 5699
4834 6102
2380 8880
3875 440
3510 2289
6302 6859
9558 3641
4416 2408
2034 9918
7451 3819
9157 8236
5532 3840
7199 3176
9886 5721
4495 504
4692 8586
7573 154
9336 2385
4797 8083
5673 4246
3869 9015
6267 7909
7735 17
7949 2137
766 1792
4466 3904
6827 6468
3806 2663
7634 288
5050 6795
5765 9229
1377 3751
5753 8419
2124 6286
7895 8280
1097 743
5781 1427
5244 1159
2701 6512
3536 924
8258 781
7271 7339
714 3505
6941 5228
6758 1021
5892 4941
3917 3721
9190 8263
9652 263
3373 3492
5379 9461
1416 7747
8720 5515
3241 3899
528 8497
7409 6156
5307 4740
7280 95
7487 9843
1232 5670
8366 853
1617 1715
8302 5056
3551 6194
2217 7774
5089 7711
8804 5694
4361 5845
3347 8200
1507 8063
9789 3135
6685 7279
3856 9048
4998 4335
2409 4931
3301 7594
4029 783
4531 3051
1708 771
8833 3902
1866 9279
1745 8604
9275 9102
8779 8248
3481 8106
6850 333
1915 3897
5354 3675
1953 8429
8993 6980
1402 9438
3499 2252
8991 1385
2866 8414
7497 3038
679 623
6458 8790
2710 4291
3545 2752
3521 6340
7092 654
1297 3960
1188 7860
4271 8140
6657 4464
7421 7079
9317 394
995 9349
9749 3139
8158 6305
3092 7079
4552 7518
6245 9254
8304 7711
2422 1505
6034 757
850 1037
1988 9925
6033 9602
4588 8261
7248 5212
5878 7456
2386 3540
1112 4369
1628 7986
7812 9512
7434 1206
8548 6375
7937 6434
1836 8978
1535 579
8797 8072
4276 3776
8274 516
3421 7567
4291 9688
1373 4112
8366 4218
9469 1536
9754 1049
1051 7900
9467 9201
6745 2622
8020 5016
7341 3972
1582 3162
1817 6235
5257 9516
5198 1685
6852 2343
1599 7885
3914 8108
53 1501
4853 371
7539 4343
5360 9586
2224 2824
1975 5009
4193 3216
6862 7968
5903 1452
7584 8097
8364 6871
4048 5762
6820 3955
241 3354
6254 2158
1898 7341
978 5622
8095 2973
2309 5883
7466 6656
7848 8588
8705 5410
8853 4720
5935 5871
9901 2544
6409 6576
6953 5537
7412 9353
6807 8267
1801 588
777 3625
2401 3254
1364 4675
7302 3935
5978 7850
2009 8529
4697 144
4210 5620
3092 2540
5221 3122
5315 1975
5042 7334
5912 3574
3772 7363
2739 4878
691 1831
886 8780
5284 2257
8327 9228
4785 1756
3867 3156
2472 8244
9575 1754
1488 8720
4813 5383
7259 4429
8138 8801
869 8651
3194 7405
8939 6402
1613 9419
7930 5223
7857 9897
4951 8593
3928 2874
1787 3849
5370 9811
1402 667
9678 1904
9681 1833
510 529
8647 6746
6022 5219
6479 4395
4651 4129
6834 1301
7340 254
9588 7231
2161 5808
3153 1038
3921 9575
6733 3381
7382 9882
8877 6759
2959 1451
376 2623
300 4886
9041 2966
719 3322
6011 9728
7663 1493
3098 3899
6399 4984
802 3387
4481 5745
4415 7137
7334 474
2712 304
1566 4603
5747 285
4527 1951
8323 8005
7036 5621
5028 6822
6964 1224
8065 1585
2655 8245
848 2212
2909 9280
2240 8109
5265 7890
9581 3698
6677 938
7025 4917
4504 931
590 9280
9264 1601
5854 187
7998 3604
9379 8656
3830 9985
1351 4584
280 3503
3898 7019
9955 9999
6255 9673
859 6482
9227 5325
5055 8582
5823 1524
6140 8163
8613 9631
1423 4426
4276 4611
6099 8978
1481 6612
2085 4007
997 874
6861 1876
1000 7198
9380 4207
2053 397
4837 2354
4809 7398
8774 5679
2921 2828
1456 3916
4525 8581
1311 5734
9937 988
2638 8613
5621 4819
3862 6850
6392 1828
8935 4658
319 9649
9548 8323
812 3457
8912 5593
3504 3117
408 3962
3470 8773
2732 7879
8516 8611
2044 1208
7194 9273
7397 2636
676 5367
4090 582
2580 1057
1632 5603
1344 378
2246 9717
9955 973
1229 2412
9500 6739
5008 580
2728 6549
2772 7857
3019 3045
3621 6634
288 6351
9475 123
8682 4074
9195 378
3336 9546
6965 1868
5124 4832
483 9558
9585 8329
4768 9036
614 7687
3780 992
838 7747
2641 6039
8720 7942
6787 9784
5482 8596
5062 9727
6651 2885
9597 8683
9994 9529
2239 8472
8744 7738
2134 3652
704 4794
5702 1230
3167 1874
4147 9598
2576 5162
924 5506
7172 5832
3283 5947
1618 3072
3843 2045
2127 635
2814 9025
3522 7906
6870 99
7113 907
6069 6845
7165 5610
8025 662
4633 767
8446 6692
7492 2333
9451 5704
7330 4890
6584 7183
5850 9717
1598 8993
6477 6285
1376 9270
4215 2051
8636 551
2791 3330
8399 8105
9101 8903
9078 7550
9404 8638
8844 9674
3063 3755
4844 9339
8345 5812
2870 1821
4275 7909
8342 2289
3480 9507
5393 6926
6471 3729
1886 5730
3227 1423
9827 3469
2373 2585
8901 3996
6981 5632
1146 7993
9252 1480
3715 3787
5585 423
7755 9289
2232 307
4977 5255
1138 8883
996 6153
2285 1097
5525 4243
9971 255
6326 2545
929 9932
7981 1531
2469 9842
6020 527
2527 4089
9644 3336
6487 7158
9747 1497
863 9317
9494 4010
8284 3826
2991 2335
7033 4771
6431 267
6919 833
6779 9084
5581 9698
6341 6149
1891 785
8805 1494
6339 6776
2202 1554
6171 1422
8053 9997
1142 837
3268 8740
7864 5407
2853 8035
1483 5789
6061 7181
6433 7818
9710 5307
9450 3761
5173 7638
9267 4348
7655 2109
3267 6829
767 7172
1582 4932
4893 2585
5309 3829
6815 7117
9759 5643
7923 4410
4776 5528
8602 4170
92 2779
7095 9443
3878 2097
2460 7670
9180 5610
9924 5491
3605 6217
5887 2751
460 7699
7906 4558
9413 4711
2871 2190
299 8500
5126 8184
4335 2064
3356 4657
9917 8983
2774 4860
7448 7776
1489 3099
7849 4008
8334 72
4982 9815
7199 3612
9712 403
7930 3880
9404 2755
2155 5133
2037 4195
693 4026
5856 2525
2075 7115
6778 6853
9140 1745
9044 3644
431 3461
7291 2530
6701 3696
5676 8888
3501 1648
8453 7672
7556 4866
1844 7042
1892 3842
8391 7294
9604 3599
4041 8329
7662 7813
6895 8893
509 2666
6349 7698
4998 5696
3021 2857
8576 9554
2135 4630
2481 6646
7539 1425
9339 5088
3357 7355
4930 5477
5483 1365
1239 8323
8503 6271
4090 6800
9447 1490
7262 6843
7932 2202
3377 612
2860 6911
6437 5150
4251 9588
6250 2516
4345 1796
5792 8816
8463 9580
8451 3356
3382 7363
1759 8562
9293 7307
8547 6831
5673 4953
6280 5356
9924 7966
6389 1739
7955 9964
927 8641
4465 9397
6197 2906
7948 560
7533 1925
2821 1774
8054 7286
828 5264
7986 518
5805 6104
6164 967
13 741
3127 8327
592 9105
951 2117
6463 6941
6698 777
5966 9195
7365 7241
5552 9314
9136 5643
9211 1654
8463 5615
389 8468
3800 909
8438 4796
3206 4468
7941 6736
1194 7153
9048 1223
2659 9405
935 8889
7080 4810
8562 6329
5542 9787
6759 4413
6217 5878
5579 5199
1828 8119
8843 8701
3830 1009
7293 9255
9711 4855
4805 6269
4607 1886
8452 6456
2001 2663
5639 5674
3164 5398
9423 6968
2992 8869
5456 2754
5367 197
8015 4974
389 7386
3463 2978
6599 6835
975 4234
4803 9719
8074 321
1372 1203
1697 8678
5126 4413
1532 3419
3904 4540
8065 8285
2322 4558
391 2897
9542 9630
9940 7593
5490 9765
4124 237
6449 9559
3422 7002
2015 4029
3588 6670
8677 9824
6461 7257
7847 1775
5941 7688
4759 6416
1752 1301
5499 4523
3038 6696
9112 6563
2009 5924
1455 7596
107 7433
5494 3280
4793 7340
3405 4959
3873 8182
1453 7812
6710 2395
925 2389
7843 3074
7933 7429
9735 8896
8104 9900
3727 4055
4063 414
2305 8962
5470 9257
352 4144
5161 8707
2631 1772
1306 9007
907 2626
2089 5096
9170 4914
1297 1676
3937 8400
4525 3385
610 2738
3733 584
9748 5022
123 9672
5223 5945
8923 3109
8797 7252
3814 3979
4553 6670
7640 5950
2929 4740
4042 6687
8749 3591
1998 8914
9659 8926
9852 3225
5740 5496
3252 5932
4191 3911
471 8599
5222 7387
9613 2025
3460 7509
7055 5102
3285 1607
2968 4098
1200 8593
3105 9117
6506 1088
3462 3045
6709 6711
1909 2362
1800 967
7827 553
1035 3760
8831 4025
5561 3462
458 5685
5596 7824
5666 8266
5168 5596
6864 463
2072 4740
7341 4616
135 286
9777 3976
6091 9344
5865 7425
5421 8566
7845 707
6031 726
4837 6955
7531 2887
8068 79
1521 6744
8666 7230
287 1101
3734 9972
1378 164
2694 4761
25 5832
8336 971
3950 7259
5762 7129
5876 6740
5202 348
9631 6549
8878 6106
2207 2764
8656 8284
5472 9931
4175 8921
220 6587
543 6490
8664 9666
2341 4914
988 3439
5517 7240
7113 8589
3756 5717
7145 1020
2617 2201
6086 9530
7720 2254
8847 8784
3498 7926
1161 9733
3136 5179
7053 8460
6439 6130
7280 3735
722 3446
2245 925
520 4924
1533 7325
1758 673
6082 9373
8328 5872
2914 7081
9122 2915
503 1849
6310 9119
7956 4431
9127 5203
2512 9177
7076 8523
4270 9950
7598 5877
146 6922
7707 7799
8853 3982
8439 1700
1622 9745
1329 895
5019 4125
9718 1831
3925 2658
9006 8842
800 2359
2000 2988
1289 8929
180 2648
2004 420
9466 3323
7250 5538
9145 9324
343 8711
7590 3361
4845 2275
8329 3483
2809 6067
2798 6758
4501 7050
8294 8525
7803 5438
8466 4674
8576 833
5015 2212
2646 3588
4253 3853
4674 1711
2103 238
5069 8722
5980 7262
8676 2901
1083 3112
4677 3398
1876 4815
2666 6790
3280 1097
9898 7320
9043 805
7052 9665
1352 707
6872 3854
8156 8605
8381 6760
7119 7396
8475 1983
4333 129
4277 6509
3184 2369
6140 9518
2852 6668
4512 1975
5343 7552
9908 4400
2882 2628
1146 5268
3131 1005
89 1522
3772 7020
7210 5050
353 1037
9442 6925
903 8570
5583 9020
8773 1375
3374 5945
62 64
69 8245
868 8856
6597 8858
9867 8274
9029 1538
4671 6858
6677 9300
1438 65
4953 1855
6855 620
6983 9199
8604 7959
1027 9778
5798 7271
3776 1594
1930 270
3530 6870
7302 3862
6889 1619
8640 4834
7946 3652
1919 1862
1547 839
8873 5719
5988 8745
9300 9493
6600 773
8579 2534
4139 2065
5925 2132
7994 254
3891 5877
7389 769
9736 4042
9217 6379
836 363
682 7387
5361 1779
6363 4032
3842 871
5039 4438
5292 7480
5140 9542
9865 4109
3638 7319
7593 2429
3954 396
482 1592
8586 9400
2425 6875
6421 5079
6770 4512
5285 5307
4063 7227
9849 6760
2754 9294
5536 9789
9825 6682
9911 3324
3844 49
7790 9871
1810 9767
6233 6489
9077 7723
6299 1998
6008 2471
181 8721
9734 6286
1960 9502
641 2160
5293 2778
4542 7335
4129 3613
5590 2541
3872 1489
8337 7746
6398 6922
7200 9339
2465 9909
1769 1377
7368 7037
9508 9489
4850 5781
9193 257
5559 7720
6972 5068
6428 4461
6742 2676
3498 8364
4796 7191
5966 4447
3471 5518
7703 7930
1713 7250
4791 4370
6920 9810
3239 2347
3843 789
9461 6416
5318 6571
1104 9376
8558 87
8457 5603
5517 86
9054 5455
431 5807
5538 1884
8327 1543
1186 2538
3734 9346
3670 3732
4886 3052
4307 8026
9795 1391
2857 3338
8527 4167
7579 7865
9893 1780
4754 5273
844 234
8277 1527
6760 8894
696 2646
9339 3071
997 4461
7340 1684
9303 4439
2058 1018
9998 9675
2360 5967
2872 5886
4899 5248
5917 6712
4383 663
7608 4586
6282 4754
8333 8679
8505 6402
2888 471
9083 3984
9015 9043
8449 5022
6985 1185
8917 8521
623 5206
6289 314
8702 6406
7210 9791
9177 9979
9420 4079
1001 6993
2762 9298
6886 2009
1635 9085
4279 843
2921 2296
8238 9312
2611 274
9675 8142
6851 3994
3400 9025
3606 2956
1284 1906
4153 4520
7801 2046
4120 4696
2528 6675
2954 6804
4254 9181
5214 8378
8752 7242
103 8246
4646 6515
6022 4137
8248 7249
3302 3892
1649 4820
8973 5681
5450 1577
6225 3820
7048 4287
7003 6420
5885 3739
5862 2709
6778 1721
1104 406
7142 8911
8026 4941
5840 7957
5581 4417
9781 9391
6078 9322
9901 2986
3037 4090
5802 3518
3500 214
2799 4313
7799 4061
6787 7281
5566 4873
3722 53
1654 4554
9315 1097
9696 6867
2511 1814
7663 7136
4868 710
4561 8552
1744 1819
9926 1651
3241 9485
8671 1255
625 8135
3762 1735
9163 9157
8018 9425
1450 7012
8936 7426
2770 6524
5241 7561
6252 4733
4123 2150
218 7823
2990 2944
4414 9700
7919 8570
5035 8711
9717 692
5396 358
9873 3883
2286 6050
2876 8548
7014 874
4704 1158
330 7451
357 9866
9337 6683
278 9812
418 2737
332 7169
885 6857
62 9159
6794 6038
5214 6539
9315 8781
776 4863
4481 6332
6547 4565
2787 9993
5542 6598
7301 8787
4156 3757
8199 8407
9509 6540
148 7886
3612 7675
6111 8354
3574 9791
1248 4083
7893 2527
7160 8668
6453 2729
8203 4643
1824 1409
8955 1312
2291 9101
3914 2936
3222 5823
494 8452
6398 9202
6543 9968
223 4630
1685 113
471 142
8913 7232
1856 1914
3371 6319
6555 5190
4577 7156
703 6582
4525 2040
3842 7114
7343 2348
5262 4977
9117 5981
7055 7156
1783 7364
2232 1476
9067 9645
2096 4455
215 9979
198 7868
862 8955
2770 4900
6445 856
2653 3333
2741 4789
8707 5689
7486 3780
3530 9199
3396 707
3807 6672
8941 2955
1976 9959
7389 8530
4864 9408
3132 3017
1933 1736
4382 6080
4405 8059
952 7
9739 7330
8093 3750
8369 8726
9450 3353
341 8869
8249 4256
6183 3819
3280 7373
1421 5413
7739 6468
9021 3723
4326 9591
880 2397
7354 6835
596 8875
1897 506
8408 1015
6387 5548
6985 6068
3763 8907
8015 4266
8219 9126
7200 5673
7571 2506
7768 5682
508 4595
2526 1530
171 5491
4406 6377
8117 3671
8445 6622
5705 666
3611 8301
5416 4458
9377 1632
6743 1889
6365 1558
1442 7083
1903 9901
3467 1921
4108 3538
1128 4563
9192 6596
5691 149
104 7550
4901 5079
2513 436
7111 117
2933 7034
3399 9069
5707 5639
1660 4139
1319 5632
4067 1335
9106 2258
3001 6664
2389 7577
5745 1447
2342 7895
8094 523
7012 8698
1079 5486
638 3609
3 3379
2859 7887
6826 880
4859 3808
3356 6426
4075 7059
7790 1220
6515 759
1091 9224
3686 6568
4678 1008
8796 7214
4971 4449
4987 9451
1371 1307
1292 7096
1975 2838
4338 609
1219 2067
7475 7662
1748 109
1503 3116
5416 2496
9443 3994
5893 5357
4090 688
2447 22
69 6858
1047 1586
2525 705
9288 9673
2986 3555
1074 9974
6465 3638
2107 1785
7289 5308
7168 4153
3545 7352
1513 2140
3679 4522
3597 9529
6387 8783
5590 463
5439 5038
3093 1482
9343 4552
4955 540
7624 8639
4905 4598
9190 4065
6822 4043
8989 5721
3934 2720
6168 6291
5423 3271
2963 9114
2926 9123
5558 2853
6925 8990
1622 8827
8556 6176
5603 2029
6826 9966
1204 9398
2065 8678
6251 7249
4983 9382
5491 2924
367 9304
2901 8145
5235 263
4023 6729
9950 7855
7834 9781
1056 9805
6347 3050
5121 8713
5971 9006
2567 3273
5213 8986
3051 3717
922 8938
2992 1458
4444 4272
8503 8946
8680 1468
3915 1657
5782 2108
3995 7592
372 3381
2140 1383
7816 7143
3202 1224
4946 1160
8480 9087
5156 9764
3078 3340
1828 5199
2944 1594
925 2330
8336 1596
6867 5002
4973 3220
1691 1715
2387 8762
3894 5894
487 1888
9716 6453
9110 1030
1706 4682
2357 3341
1637 9752
7511 9615
2549 4516
1040 9467
9150 2613
4322 973
1795 1999
8284 196
9544 3274
9587 4286
3833 5010
1991 3860
7437 6814
7212 9462
8062 5113
8119 6243
6563 1239
6926 3212
841 3351
6524 3182
6239 7598
4003 4969
5552 3593
9842 3342
8308 1700
6229 1837
3904 756
9383 2186
4070 6887
5887 5270
2760 3365
3613 2984
1319 5584
8105 4646
5157 4108
3945 1094
1736 3408
1344 3339
1919 72
2953 9122
7676 9465
9829 418
6085 3472
223 8721
6308 1004
1994 3592
1347 8920
1884 3439
6511 711
5084 9722
7013 715
4254 9344
5748 4191
9849 2609
1662 2649
4404 441
4661 7208
1336 4228
9635 7607
2608 1736
5165 9351
5629 9889
7586 6696
3393 3783
3877 3073
1529 5752
3909 4688
3851 5458
7892 9853
9329 2925
3556 1124
1024 7047
4128 6354
2754 5776
8302 3273
7178 6024
8834 9806
9064 4159
2007 5571
4505 2189
9365 177
711 51
447 4745
9143 262
8808 3375
8474 5281
5920 2113
9318 7604
4952 7130
5355 1553
6206 5362
6703 9163
5145 824
8839 6064
5759 8720
7323 9941
4905 725
1325 8691
9233 1072
7685 5674
1865 6843
1423 1063
7208 6455
6269 9739
7177 2035
5873 5640
9755 4034
5411 5593
2412 6311
8916 5301
3647 6869
7430 6879
5959 1736
1384 8898
3634 3634
1909 2601
1155 9533
3884 8089
9216 1029
9952 143
7346 5589
7284 8210
4474 5189
9659 9722
7725 4530
706 9249
738 3692
7696 9744
3060 5150
5200 9264
9856 1592
4382 6339
7400 1720
5125 38
5830 2915
9643 6656
7991 559
1435 8967
5006 106
2578 1203
6288 7534
3148 7673
279 9398
2384 725
591 4356
7995 8955
7284 7841
4498 4543
498 1221
2227 1518
156 7807
6901 2676
9504 8991
3709 3149
8958 7534
8908 4817
563 7325
7206 9041
7745 35
9812 4230
4575 3138
6093 5625
4997 7108
6180 6479
2923 5715
134 6359
552 5123
8603 1801
3743 5601
6175 8302
1093 21
7073 9644
1045 7703
4601 957
2214 2905
710 2139
3567 3626
3273 2312
7194 8251
5743 7171
1665 7442
2865 3665
4269 3430
9930 7215
9806 8475
2100 7033
4669 1324
8432 6372
6729 9311
4287 9274
399 494
6706 4587
1810 9648
3235 4205
316 3983
5934 8583
9584 1550
7506 9900
7965 3956
7166 2065
3178 6429
7821 8172
2316 5101
5561 8817
2471 6235
1003 4574
6532 4032
6038 1914
5967 9406
5549 5130
7720 9284
9821 5356
5863 1025
8393 4741
2371 5417
5033 9476
7108 5133
2649 844
7590 4649
5578 9896
7005 970
9403 9881
5084 6812
8114 8805
8543 349
6007 1059
5597 2106
8906 8180
8464 9782
6448 229
6026 5893
3485 4566
1412 5087
2143 61
1338 6270
8385 5753
1433 6362
9382 8416
4726 9940
3815 9384
6679 4723
2362 5449
578 7617
2853 3482
7815 642
7186 1174
9917 4230
3409 4679
9850 835
5073 8372
6907 8111
4794 6335
390 7564
8615 4607
31 8153
7953 7635
3485 7885
1796 3453
1362 9521
4735 9714
5892 4212
7536 2925
6666 9016
1545 4146
3212 7118
9991 5353
3408 7281
5577 4971
1067 579
5898 9044
4331 9731
2280 7669
6409 8563
6051 271
8471 4935
4969 6894
1047 843
650 9508
957 5438
8982 4340
5045 3371
5056 5721
2418 8236
9490 727
6709 4462
9563 3109
1753 6814
9490 8671
7606 8704
635 950
4766 4912
9268 8194
7609 2212
2898 8885
6658 5128
875 6714
5976 9586
6347 522
7169 6334
9837 3403
299 6383
6899 3505
8116 7310
9951 1605
9403 2741
5983 9877
7782 489
8831 7605
376 9366
9204 2634
7212 5511
4902 4758
1993 5693
8668 4467
6769 9901
8719 4938
1757 5149
7486 1497
6811 413
3935 6632
1113 1633
436 4143
2709 7421
5599 9695
115 7325
7861 7991
3830 7838
4580 3551
6781 7189
8343 6877
317 1733
3339 8536
874 9193
9320 8495
7229 9879
2410 4144
1204 854
7592 8125
2339 9277
5785 4111
216 1637
3684 1568
6617 308
6052 8840
2278 7486
6417 3920
3897 375
274 8065
5924 2195
549 3182
2499 6862
2369 3531
5524 6389
1894 8884
6510 2977
2180 5438
6882 149
6010 6685
1507 1713
9846 7661
853 7373
5551 2917
7826 313
9124 4624
1623 1072
9512 1567
2049 6923
404 9968
8156 1541
609 5675
375 9124
8940 9651
2330 5734
2724 2631
673 2966
7353 6648
6068 5807
2302 5689
5179 4401
6683 4918
6519 7728
8081 2520
2495 4001
5324 5602
5137 1203
1068 8046
5070 8252
2879 9910
746 7526
1193 2430
8613 3142
4505 5398
8615 6475
1382 5227
3524 5698
8036 8501
5478 7583
7822 2357
6875 3862
4325 3427
9954 9276
4494 8349
7968 1058
4365 2016
788 7006
9854 5345
1201 4570
7235 6140
8662 4258
9300 6826
7461 5281
4789 5542
6026 5039
1791 2805
9277 7509
526 1789
7952 4006
9759 3250
6495 8618
3000 3929
4078 5515
3261 3414
6337 5072
9885 4798
9755 5204
5189 8980
3232 9334
5448 9572
2769 8791
913 1718
423 108
5850 6675
2814 5235
8558 5970
6803 9797
9032 9976
3790 9726
7382 4670
4656 584
5386 4380
1610 3523
2587 2578
2303 4445
8897 6390
3910 8178
25 824
739 1576
7938 1193
3751 6335
6163 1560
2294 4174
2793 4720
5829 7073
5348 5491
8999 9432
6147 9945
5358 5310
6793 1369
2589 8295
6782 2634
9898 5310
7764 1226
1116 2744
9979 8831
9051 3675
239 3681
4657 6624
5210 7862
1425 2196
8342 1405
1404 8812
4725 9601
8645 1842
1112 2497
10000 3244
4376 8606
1771 3051
403 8998
8718 7631
6762 593
7067 6486
3612 6536
182 47
2627 1046
3523 9552
5395 7871
2293 1484
3144 7441
4104 1223
6740 3211
8636 2793
5349 702
3542 3138
7847 2008
3811 8352
9301 8164
6299 9856
5321 1267
8858 1122
4 6624
2533 9739
3674 3219
7296 4625
4010 6764
3710 3165
8242 6041
9893 3881
1211 8623
6690 3017
8160 7132
773 2332
6872 418
4878 247
8839 7255
428 4601
9263 9488
9025 6166
6327 8001
8824 2571
4389 7794
5814 9486
4591 9775
8606 6175
2316 4502
1480 1606
3513 6851
3622 3778
6425 5411
3834 5715
223 6435
3044 6414
8781 9281
4503 9309
9730 5978
1177 5708
4893 329
509 4632
1883 8228
1446 5508
8396 9678
6612 1734
1678 5708
1531 9403
2156 7522
1080 4077
5762 3457
8592 108
3056 1522
2099 3887
7025 9869
8544 4199
2016 3789
7315 505
6693 1727
2720 4819
1172 7913
694 2166
8124 4876
7414 4897
904 9760
2315 9036
3990 3433
6383 5926
3494 9179
1500 9270
9530 6851
4909 4304
8883 4203
4029 1299
6387 4182
6001 842
8647 2969
1734 6128
3587 6048
37 9746
3127 5890
4440 8453
4231 2726
4221 5844
3493 3763
2803 3011
6281 5765
9399 8164
3534 6852
5012 1125
6986 4763
7784 4650
4350 8004
8948 1567
2722 4038
6730 6314
4787 7105
4971 1578
1558 4436
2867 4350
4726 5548
7564 2355
9158 1836
2169 8899
1639 5762
6931 3394
1599 2051
970 3919
9475 5739
170 5388
7454 7758
5285 2288
3468 8592
827 6664
5817 8477
6640 1654
5306 344
8161 1047
7564 8201
1693 8342
8611 8738
6024 2004
1216 9003
3714 5443
895 6746
9741 9470
4812 5077
5357 5985
537 2068
7263 6018
9410 2005
6007 8629
9043 3747
9549 4990
2342 3023
1243 6785
4028 3811
4134 5113
4427 5927
678 4761
3352 7025
172 2991
5013 205
8899 6757
5695 9778
2570 3760
3914 9248
4748 6321
4699 7794
7950 6011
7707 5576
2510 756
1224 2446
8035 2047
3856 9010
23 1014
4317 8967
9736 7961
3139 951
9827 7696
714 7929
7389 9973
369 7994
7454 2502
2206 6398
8463 8785
6699 9540
4629 6139
7034 8776
1690 6453
3783 3542
8542 9739
3672 7533
4223 8521
9686 4404
2956 322
7831 938
1694 5395
1570 2416
5996 2051
9076 4924
510 5905
5346 5523
8530 3938
9364 2105
7388 7587
3720 8092
7303 8119
4951 2205
1849 4777
4956 5895
737 8903
4759 9090
9154 6309
8087 6043
8163 9770
5095 6878
5321 9373
1140 4788
304 5770
9320 5547
7408 7518
191 9165
8644 2692
7331 4012
6335 676
7175 1008
7649 1237
935 2467
3772 4061
6830 9779
396 1484
1495 6335
9160 1325
2533 582
3502 557
8997 9020
1179 9610
8384 3064
8525 5676
7131 1450
9780 9328
3284 7952
5592 4178
6175 4234
2693 8311
1403 5841
8615 3446
3423 9158
4651 9054
1820 9749
6471 2661
5625 4797
2490 7127
5085 3777
2523 7483
6182 7528
8588 7569
7174 2521
7037 7295
4790 2695
6399 1268
7527 6745
8421 4757
6470 9788
8862 6224
4417 6263
9586 9259
5962 5452
316 8549
1517 1056
2638 4020
2720 7758
6050 9894
7357 5620
660 4417
6199 4600
6800 1817
2185 196
390 8014
4546 532
3762 2409
1218 2875
490 1288
6731 868
4406 8948
5212 2290
2411 7630
4955 9694
4466 8603
3696 5281
9636 3479
6577 9649
5330 8878
9964 4618
5870 2067
7611 9566
211 253
5334 4931
3593 4139
593 2319
9354 1050
6335 9535
5117 5924
5568 9738
8430 9972
8790 7693
4371 9485
5973 9679
3535 7740
4546 186
2557 4021
5859 218
8358 7191
1549 2759
3213 960
6376 6355
127 2110
2298 3367
124 2461
9033 3579
426 2524
9414 7810
5756 3530
1551 1048
4213 1222
1141 8462
2134 77
8628 760
7357 4156
4249 4497
5775 3163
4504 4047
5366 7283
4350 7452
7848 2059
9234 22
8045 5354
9872 4375
2600 5490
4001 7225
1198 5649
9526 1233
6210 8223
3951 954
2271 2074
6708 8850
1635 4108
836 8595
2831 1647
5460 1823
9440 1399
7017 6949
1845 6824
15 2798
2665 188
5595 3615
1181 1141
3701 341
8558 7864
8396 2548
5616 7298
7922 7033
8662 8277
1242 8515
5111 1085
3973 4292
5604 2366
3209 9453
880 2885
8529 1253
2130 7965
1697 5966
6924 7640
6929 1624
480 5781
6062 6539
9090 403
3887 4214
200 5675
7246 4167
4774 3405
1141 837
389 2454
9347 9846
4068 9620
6128 9506
7074 1267
6654 730
8694 8402
5993 8613
639 7857
6617 5181
7148 3331
9781 1651
3710 780
9529 8787
2428 8070
2895 65
9353 6683
1814 2256
5614 9479
1377 9038
9753 2654
5292 4748
6007 1912
247 1726
837 3999
7677 4837
1179 5733
7138 9205
208 7502
9218 3501
2116 7418
4802 9782
1737 2548
4726 647
8773 5573
8381 6196
6087 4192
1174 8090
6796 4614
7102 4456
6852 3022
396 6976
9009 4531
2750 2620
2069 6945
3489 9055
9768 8337
2477 8990
8980 689
6492 8540
6285 3809
9727 3643
1123 8618
1811 173
2254 4840
5397 2548
2256 4511
9794 5534
5596 7798
7663 398
2767 3686
4340 1436
6692 6071
2274 5141
7648 7474
3980 1289
1373 7089
8709 2864
9891 9269
542 2558
8874 3304
6320 2910
7107 3617
3816 8941
2264 4506
6036 5159
9725 2687
7343 3970
1365 820
9908 2629
6205 3054
6521 9456
4937 7581
9790 256
2334 539
2703 19
8324 2492
1514 2616
7944 2551
4787 7571
5967 7560
6512 3269
719 6516
157 9491
3080 7308
5203 2532
9591 2397
5120 5988
3125 3460
9061 2903
7686 2702
7487 497
6707 2264
8119 9205
5529 8785
9051 2609
134 7119
5478 8337
931 4223
2382 2352
1625 336
1034 4460
5283 2025
2968 496
4299 9519
6354 2630
1885 6281
8644 9791
6885 6404
3583 4636
4472 1825
211 8863
6185 6027
1042 5247
7280 7949
8714 5001
8534 8161
629 2983
7266 5653
8807 8291
7398 3233
2347 7593
7782 2078
7845 7054
5574 2157
4526 7412
6428 9767
7051 5753
6834 1194
8919 4600
7757 8526
7299 3659
8495 9436
6082 4960
3825 1402
4574 7250
9784 8489
8797 7282
4259 1388
794 4609
5586 7037
9638 2441
5346 7252
414 7944
4288 6102
1422 562
4191 3161
1482 4827
362 7661
164 3349
2745 1880
6732 1889
3698 8945
2654 3134
3995 285
7318 2512
4194 6757
3827 4986
7187 5100
6218 1366
6301 926
6834 3426
909 7325
2325 2456
5679 4878
1285 7765
530 3171
3946 2438
9022 2384
2065 9619
675 8503
669 8453
9394 8238
5718 7553
7548 7680
2216 7842
6981 7302
3589 9102
2327 7319
7387 7973
7772 8024
4697 4754
6133 7109
1804 5089
9514 5401
5875 3389
5379 2525
3920 7481
1406 8959
8093 8327
5355 749
8658 3144
4077 7525
3127 3568
6865 1971
3901 3859
1026 823
2040 6435
6221 4295
463 1385
742 4470
1142 4900
3267 4209
16 6031
970 6290
6929 8801
6891 3427
8826 9604
6703 2778
4478 7929
4685 5119
5328 8126
3211 2207
68 7936
876 4964
6128 9707
3340 9069
3430 2934
1636 5339
8654 6546
1744 2571
9610 743
9936 6666
5035 2355
3006 6213
3623 8971
3258 5931
839 7135
8277 6457
838 5946
7856 7974
646 9253
8139 4391
9997 3363
2412 6797
2459 526
9375 2643
3478 877
3214 2093
3069 2236
1489 7619
5627 9023
766 8479
835 9036
5230 8911
71 8867
9797 2618
3249 7096
1288 7398
8274 7098
2572 7483
5708 9393
6192 4047
2255 8344
9554 4432
9084 2807
1931 2747
7468 9674
697 7606
3321 5409
5641 9181
1974 5692
3996 2320
9970 8239
1284 4515
776 6694
7051 569
8221 8749
5011 642
607 2308
3879 130
446 9776
1283 2210
7980 5843
5482 4929
2523 9997
3083 6962
4992 422
5084 937
5114 6428
6160 1800
424 3100
5773 5373
7480 4840
4809 759
3983 6804
5091 2986
2048 2722
6420 5995
9236 936
9697 1195
535 4682
7629 6785
6453 5316
2709 3152
2819 9326
9508 2502
6643 5316
284 6847
188 7085
5101 3579
6508 8342
7826 7181
5147 5803
2908 8942
9103 5371
88 5655
9734 470
9222 375
8175 7080
923 3814
983 2406
2409 5935
4795 5769
6188 8434
3659 5836
3172 7852
4305 1129
7286 6816
532 6573
1637 1098
4888 4353
7299 1409
5401 1416
3014 8812
5161 6596
7484 7339
3271 9619
1376 2021
9437 8297
9216 6110
4578 70
3660 4144
8442 2125
1636 3165
7935 2111
3997 8384
703 3474
8724 971
5707 3273
1052 9540
8598 3578
4132 6541
7715 8466
7886 3569
3071 7629
8545 4449
5838 237
3414 5134
2823 9431
9700 4724
7195 8658
8184 2159
8280 2962
6783 1375
4535 7676
3086 6947
5896 4939
1867 8467
2696 8300
6848 6293
1991 2265
8495 3166
3647 126
7288 9165
7530 4627
7711 7670
6007 3605
1828 8093
668 3003
7857 2559
6013 4306
2207 3808
7909 2839
9748 92
3077 7393
1983 2975
2786 6534
7627 992
3764 9602
277 3979
7536 9177
6173 2314
8338 2448
3282 1266
2746 5678
3323 6466
7942 6117
7503 2261
2571 3591
9346 336
3350 1512
5598 6171
6072 3174
4150 254
3752 615
3064 1336
765 9844
3878 2852
2682 8840
5760 3819
7448 295
2084 9690
6210 6835
6375 8589
8367 5057
6460 5524
6320 6012
62 5206
6061 1054
9665 7578
1251 964
5986 9720
2801 7796
3419 4121
2818 444
7479 87
9625 8376
8965 5965
9534 3621
1738 1896
4202 9242
9803 7621
6600 4941
9299 6423
3655 6531
2320 3306
7614 4767
6847 4583
3195 7269
2844 6027
4801 2110
6146 7807
5169 4976
1594 338
1467 8296
8057 8012
2460 5367
5964 8818
7420 8105
4515 3134
5677 4302
9189 1302
1773 6901
4333 3884
4516 8495
3289 5438
6198 1171
6111 6943
3274 4069
8560 9425
5441 9537
1487 2759
3390 9596
9479 8642
9913 450
2166 636
5718 6396
573 395
7686 4541
87 7820
1368 4625
8438 5941
1869 4198
5069 9714
3307 5882
4332 1037
5355 6782
7935 6147
2193 7524
1796 5810
4177 2098
7464 1803
9133 3596
4313 3124
4018 1713
1896 7050
9404 4607
7072 2073
8146 3291
7506 9661
3756 2301
288 5385
8672 8401
5929 9416
7402 9746
5867 1550
7500 4132
8514 5561
3361 167
3968 1949
2364 1469
2544 139
2093 7231
8048 6610
7507 1493
2309 1799
3998 1302
2947 1959
8457 7961
6811 1411
932 9058
855 6102
5479 5839
7547 6377
1024 1777
4007 314
578 6623
7016 5951
836 3936
6407 1829
938 4487
3917 8815
3124 7021
124 6346
3337 8921
2686 5752
8843 6260
2773 4156
3463 8664
1916 8463
6095 302
3220 2261
5249 9564
2042 8473
8772 4773
4485 520
4037 4867
7246 2914
4944 1667
7599 2520
774 528
3890 9197
8105 4250
4445 2385
7399 4831
7313 1839
1299 4112
6955 410
5880 8066
64 5375
7512 3669
1755 3336
8605 5491
8282 4574
3905 7372
5257 5130
7600 2949
5693 6957
6393 2037
702 2025
4680 556
4638 3525
7855 9381
135 9146
4561 1054
138 6938
440 5834
2444 5075
9155 7643
6508 2865
5129 6940
1394 8900
467 453
1343 5311
99 5253
4649 9800
6986 7482
8949 7889
6280 5181
171 3528
6003 3548
6016 4858
6952 3666
9169 9891
9253 5522
2439 7561
488 7404
8607 3752
1304 2460
2393 1382
4124 9981
100 1312
6824 5545
7676 1140
7210 5764
991 6311
4523 5163
6454 7135
7502 9278
6707 4293
7241 9806
7159 3338
8285 7946
5890 5932
7195 4361
2389 1765
1638 2407
6626 4042
2882 4170
3357 5974
361 3838
5733 6120
9287 9142
935 3923
9072 5388
4842 7045
5898 3168
699 2444
6341 8064
6300 4650
9099 3941
497 635
938 4387
4938 1965
555 7953
4045 3646
9354 5059
2247 7506
4860 1671
1207 4789
2708 2904
769 9706
1773 6120
1290 9263
3879 4916
6054 9264
4091 6793
6603 5082
5669 4564
687 1513
7331 9188
5170 2933
4983 4338
9891 9632
3317 8438
8642 4839
714 5942
9225 4744
1371 7645
7107 8974
963 9599
8894 6363
7802 7055
8648 3169
3543 711
901 3378
626 1650
3100 2303
3573 2822
4922 9279
4285 469
7961 3261
8863 4012
5333 3033
8050 7270
693 7893
2548 7340
2103 7860
6666 4105
4239 1343
1210 317
6260 6826
6542 4787
4329 3557
3117 290
1099 3440
4838 1530
6560 3839
1732 2124
9951 2555
500 9238
9049 7819
5874 9404
9911 2048
8986 2561
2580 7391
7119 6519
9708 5409
5018 7005
9998 6481
4941 6503
8065 7254
8255 5489
2163 3024
1717 5163
3396 541
6412 9
9148 2674
6550 3748
13 5452
6312 1613
102 2453
6019 968
8101 699
1279 4727
2083 6547
3042 843
6977 5368
8154 9362
836 3460
1407 1652
428 5152
6039 1331
1481 9335
3036 8207
7980 5292
4785 6864
1155 3585
5360 2838
7203 1810
2311 6317
7349 1602
5013 7742
3868 796
4473 3626
7434 3791
8067 153
6426 6685
1220 739
831 2078
2692 2061
7003 427
1395 8050
6467 8631
5679 8096
9922 5652
5959 721
1014 259
1045 1293
324 2651
1699 887
6770 7528
8711 4976
4011 964
1569 4145
7742 7741
8494 3088
6143 232
3455 704
1140 5428
7622 9739
3131 1527
8891 7687
178 7494
1236 8834
903 8106
868 4732
3020 5494
2968 7259
4317 2926
2310 8602
8907 1738
3279 9636
6763 5129
9261 4249
3886 5330
7695 1080
7944 6437
9263 9009
7378 5295
5277 782
6634 2556
400 5646
9218 8580
6476 4664
4667 6270
8166 4266
7400 8487
1928 4453
1437 1266
9825 3509
2165 5642
1529 2060
7156 8412
4202 7174
2432 4285
7162 8085
6829 8962
6887 6013
4243 7291
83 6123
607 8947
3375 4434
7107 8853
3351 6407
6325 2897
2690 4444
790 2932
6530 9839
2160 1359
5195 1593
4785 1023
3510 5981
8716 3895
8107 3465
909 5033
5402 1967
2489 2643
1972 8181
9679 7757
2173 8525
5924 3668
8340 4300
725 3934
8207 557
1079 7140
2883 3282
5200 1524
6953 4625
9845 8385
3376 4867
5312 2035
4290 6871
2922 9219
8004 1252
7302 7442
3765 5688
4815 4366
4610 7193
6438 7324
9670 83
3955 686
8682 4180
632 9332
7507 5345
7606 7475
7804 1191
437 9378
1970 3280
2883 4548
187 5768
2324 3537
3058 418
4634 6231
3511 4906
8592 4621
5446 6518
3441 3527
4443 4310
8947 2659
9284 5365
3223 5481
8441 9324
7581 2124
7679 2193
947 6967
3582 3364
1247 9074
5862 3666
2402 277
5045 8859
892 4392
8977 7758
7281 4628
1971 9188
840 5333
8927 5097
4696 9154
9244 4487
9381 2419
2637 5697
3577 4261
8664 2297
6219 3405
9872 1472
5686 6805
7405 1417
4820 5907
6204 3575
5001 813
8711 8190
5003 9103
8123 7296
5783 202
5732 5629
4459 2252
1472 9437
4726 2716
9735 4851
900 1266
8625 2962
3457 7708
1633 5919
1632 2730
8858 974
4640 3283
4534 8619
9521 4572
2869 955
5916 1575
4348 1592
5576 4224
523 3048
3205 7840
1641 6272
2707 9372
7791 9166
6437 6532
8840 4359
4877 7053
474 558
7411 7302
3631 8485
7117 8572
7625 9952
8696 5389
2894 9545
3778 2736
2136 2943
2124 3578
7555 8154
9008 7890
5080 3997
4950 3744
3543 23
5271 1485
8554 6245
1369 2934
4461 7011
533 5179
607 7496
4268 8472
7999 1527
9599 5616
5249 1487
5560 7933
8086 3774
747 2848
4008 4893
5841 6340
3483 2182
3015 6922
9334 8631
4995 8404
6185 4634
3290 6712
9301 3323
576 5087
6823 315
714 7184
3296 8404
1834 2831
6011 5880
5609 6048
7612 2495
5234 3573
323 6716
9242 1723
7945 9453
4311 2438
3132 7049
3655 6889
5798 2597
1105 4900
4193 8702
4140 7251
1930 122
649 4324
2124 3983
8251 6956
8899 1000
3892 2315
6528 8467
8951 6908
373 7296
9348 7522
715 1308
2484 7333
9379 51
2683 1022
4840 2802
1712 514
2921 5859
3052 9808
4735 1382
1164 3115
1096 2943
2154 9186
2921 9116
6543 1863
8057 5446
1663 7909
6792 8785
7585 4923
9722 4874
5329 3888
5145 5776
7093 7515
2034 4283
1266 5003
5972 6405
3024 1934
9416 936
7889 4860
4913 9772
4050 2
1072 7864
2 7899
3942 8393
209 4960
1469 1289
913 4399
3308 8012
7102 8846
8397 8992
9835 6235
8271 4612
5190 5309
1327 2269
3118 4968
3240 2017
2488 3387
9119 2703
2129 2558
9421 8829
5559 5675
8527 2011
2969 7583
9318 5660
4754 8646
2638 4098
3518 7686
3124 8309
1864 4627
8169 7084
334 1343
1483 2550
3771 9701
2796 247
2972 9181
4140 1081
5825 6144
3246 3473
7344 9318
4942 8110
3551 3397
3921 2764
4047 8974
3041 8052
8671 8592
5603 5272
6334 2374
3446 9142
3935 7888
613 9487
7552 227
3137 8613
8721 5629
9387 8664
8014 8261
1294 2741
121 15
3402 6359
7052 4330
578 4992
3909 5292
1900 4509
6351 6752
9781 8650
3716 4723
552 9941
5084 1404
2260 3144
2721 8896
9230 4152
834 763
9874 1583
3792 673
7962 3607
2187 2247
4171 4073
4138 1354
2568 6422
4715 9236
7934 2377
9039 8233
9487 8839
8532 86
7843 5284
4269 5670
6017 7356
6284 8143
1330 6172
644 1195
4356 5244
7684 4448
6549 8767
1259 8753
5632 8505
4347 2592
4517 7327
5419 374
8901 4802
557 5953
2313 1802
1709 2876
2483 9114
50 8223
5190 206
3480 4105
3111 6395
8344 4934
8288 7333
3394 6750
755 4672
8188 6434
1891 1540
2056 1447
9212 600
8878 120
7144 1763
3945 2898
1417 2977
1891 7502
6738 9989
2372 8366
2391 6492
5924 2417
2273 137
2040 6290
5470 6207
7214 1559
6241 4763
321 803
364 1702
5242 3780
4230 5785
5760 1917
9200 2341
6658 8751
8224 274
2694 4925
6292 4061
1019 4371
3945 7138
1742 8565
807 2678
3866 3772
2738 9942
8787 6312
4153 15
5974 1774
9675 8737
8310 8531
3290 348
4771 4291
6940 8197
1085 2665
6241 5083
809 3184
7440 3964
8798 7666
7342 7690
6303 675
4077 6310
9009 1841
7214 1345
572 6230
8787 273
720 9477
4325 1881
5348 9310
3483 8837
6681 5219
3426 9388
9406 9168
518 7021
5835 8731
8588 2457
1044 8614
4601 7629
9060 291
7321 13
7195 9365
4312 6060
1851 9278
6045 7580
1640 2747
6896 3094
6056 7325
9191 7907
2754 2525
138 5637
3490 3500
4558 2906
413 208
7340 1680
104 7764
8728 3471
2361 7300
7907 7364
7827 2071
5446 1273
2241 6097
7110 9190
6910 4888
113 9316
209 8497
2599 4427
3203 9327
8005 9131
9456 8244
4152 790
3916 9315
3757 1971
474 1773
4539 7101
1139 724
3027 6377
5725 1359
2420 3804
5801 4864
3226 8658
4700 1356
3089 8908
5209 1210
7886 8293
2763 9959
4232 890
7824 5760
4694 1245
4545 8374
9329 4819
6022 88
2043 8882
2415 2043
2156 2129
9011 409
4804 3861
5242 569
5959 4555
5323 6880
7116 1152
1648 679
6929 891
5971 4771
817 531
6017 3491
5056 5344
902 6186
3453 2578
9165 5187
4941 1926
9059 8316
2717 1170
6982 9724
7308 5984
3936 4393
7134 2417
7787 5912
8329 8754
1854 9129
8200 2623
1458 5013
5723 8545
7966 1703
2737 4792
5773 6357
1119 6739
3799 9681
6075 4495
6660 7450
2214 5977
6169 7199
3208 6209
1086 3698
1338 2764
990 1486
804 1055
2814 5667
7007 6869
8167 2194
374 7776
6502 9414
253 4881
6312 9521
9489 8487
7742 4665
6608 830
5277 4569
7947 4252
2798 5055
4851 4195
7657 8427
2834 7778
2407 5928
3069 6146
9459 2520
8175 8519
7473 4852
7745 1104
3958 3053
2488 6546
8780 8982
6646 6947
4862 2919
515 3826
1722 290
6549 6954
1103 5299
8007 4541
1765 624
1168 7240
5364 9567
4919 8686
7479 626
3373 1709
3765 6398
305 2647
6292 2107
2105 8763
4006 237
939 8647
1292 3773
8673 7537
7106 9871
7804 3074
6729 3638
4285 2246
2868 9846
2712 2804
201 470
5071 547
2065 1380
2291 5032
5500 6042
7856 9119
6473 1437
2926 1835
7857 3503
6002 3027
321 8056
6497 2568
7147 4650
5864 1071
6284 4059
1499 6015
2717 1122
9724 4369
8445 3496
4931 2349
2365 3886
8021 9146
8765 4286
1268 1368
5013 3892
2147 7843
6139 5508
9701 2326
4774 3814
437 3122
4196 4898
2517 483
5464 7994
4523 9342
5964 1641
9202 7432
6165 5919
7963 7103
8121 8714
9234 4888
6473 1251
2965 7168
6361 9209
5889 5038
3488 1844
8237 962
5919 796
5058 1167
5429 546
7231 8481
8990 4057
29 8060
5575 1617
3279 9877
6915 7352
9840 3259
7501 3786
3660 5689
9105 9502
5930 9318
2301 8369
9378 3678
8844 770
2792 3338
309 6919
6216 2081
9636 9558
8738 2036
1509 3243
455 6715
3214 9115
2395 5855
6368 6938
9018 1442
9301 8221
3311 6897
5961 1738
6934 8258
7021 1626
5096 3647
8014 2142
8751 1242
8170 4372
8122 425
7404 4434
1205 5539
7501 7348
5533 2055
793 1896
2172 7339
9016 5017
9685 379
3201 3879
6867 8676
1131 5922
6968 2089
5769 4059
3140 8150
8716 8026
878 5707
9179 5559
1187 6602
3230 19
8804 9735
8731 769
754 6217
6259 2640
29 4448
7686 5077
7738 3600
109 9329
9414 9931
7136 8421
8921 4264
5190 4731
8533 5794
9850 5398
5156 9502
9723 2997
4929 981
5305 9510
8486 114
3598 817
457 1588
8731 6180
9985 2267
8242 6892
3274 1503
4268 6864
4635 6389
3621 8909
1776 6510
2795 4882
5313 6025
7257 2389
1825 9101
5774 1987
5913 3992
4615 3918
4059 1852
3360 2233
9208 1385
7418 3010
7560 1130
1176 5730
9606 8023
5795 3570
2848 8268
1140 9618
9148 9061
1339 2699
2753 1800
4313 5099
278 6396
6731 6210
2483 2988
684 7621
9050 7487
7375 8800
3532 8990
7436 3423
420 2471
1933 215
4459 5473
1780 6932
8648 71
2510 6277
7404 6114
1069 1194
3814 9933
7558 8563
6988 9552
6584 2683
5672 7859
1120 4730
8181 5064
1450 1833
101 2906
2852 7966
391 740
5036 9519
1826 7393
1403 9297
2211 2660
4350 4655
297 7934
1143 7486
8218 7623
3527 4245
3991 4492
2058 88
6575 7418
9024 5240
3374 6957
8144 8879
4630 4348
3471 6963
4851 1610
7931 7545
5154 3672
1242 2495
344 801
6713 9491
4499 3817
2009 9475
4640 6546
2345 1672
6680 3657
3458 7848
9009 5794
4360 8116
1748 5373
3433 2391
4795 1686
8486 8669
4774 1157
4486 1209
7124 7309
6998 7560
6318 8569
6266 7435
4780 8470
4238 7190
4818 1503
280 3131
4106 1005
3521 2176
5402 629
7426 8469
221 2638
7934 2637
3646 9667
9499 5707
7127 7304
8772 4602
1967 5268
7811 7164
9782 4736
3000 7452
4652 7754
6498 1589
2606 5774
4162 2880
4018 3553
1775 6756
1575 5036
8757 8545
1185 8214
9486 3403
6468 7308
6852 1468
7957 9474
7033 9153
527 1874
2862 1525
5583 7069
6439 4127
7804 413
5453 5990
6847 994
4053 2404
7701 7194
1565 3587
550 7782
9988 2550
7928 4570
3653 782
2835 6898
86 6856
6685 6320
5467 1193
7406 4742
946 7515
4092 8344
7515 4939
1646 889
2097 913
7138 9499
2106 9868
3605 609
5423 6305
6982 2734
3609 1203
1865 529
7584 5265
5834 7670
7442 4497
987 9491
4043 2272
3301 1989
5469 9733
7747 3951
773 8284
6783 490
1180 450
3254 6591
2124 8464
2771 3355
397 1297
9129 7675
6537 8060
9650 3799
23 5238
5579 7259
8880 227
635 6727
780 9828
9253 364
9615 4053
2003 2161
4965 1801
7107 1446
8007 7365
6981 990
5464 9989
2395 4802
3811 2716
3298 5232
8737 5227
2493 1599
9620 3600
7030 8656
5611 1747
40 2392
788 2781
7247 3677
1884 7798
1286 9921
3053 5949
9674 1710
9343 848
1419 8858
1796 4699
5199 2051
9100 9537
840 148
3121 6542
6571 8285
6068 2734
9477 9330
1704 5594
1148 8662
965 5971
1529 6788
8974 6608
2188 271
226 9885
9882 5071
9795 3402
7255 4946
4989 6792
2599 1191
4680 9367
1850 7642
4339 9179
6714 8785
4403 4956
9647 2480
6143 7117
2683 7464
1432 7197
7311 2573
5339 9907
5691 6742
1416 6364
8836 7342
8653 3859
7428 933
3154 3335
218 160
899 6251
1555 9095
3871 1623
4155 256
407 4826
4937 7469
3968 2228
6312 1608
8133 5619
4570 4432
9732 3595
7463 8511
9262 4556
2194 6429
5207 2893
5933 2798
5315 9595
9297 320
198 7748
6353 9551
6123 5581
7017 1142
5922 9814
8905 7121
328 5409
8553 8212
4348 5852
2229 7946
2645 6714
2835 9803
5550 4187
8945 4531
2232 7247
587 5777
6868 6721
9046 1738
3718 2168
6953 9176
6852 3799
6993 9869
9621 8886
8925 3404
2140 475
6300 3940
2885 740
7026 31
1527 5417
6358 5685
4660 8707
3340 127
8112 4684
3261 9218
8241 424
2767 3252
9537 4652
9327 2263
7102 4238
95 5591
2932 1270
6577 3787
7568 5171
2716 829
9893 8021
3435 7343
4486 2440
1488 7357
5508 7893
4021 4546
7791 1736
4570 5502
8563 7024
5875 4197
1679 6395
8110 4193
4600 8356
6620 9225
3503 4723
6897 8697
970 4542
8676 5630
7496 824
8370 3943
4624 985
5780 7182
2819 1795
9866 8906
7959 4008
7568 6219
3749 1961
1179 3141
1839 389
5247 2882
3228 6806
8383 2441
4112 653
8590 2489
519 2751
2132 2612
7116 7564
8786 7483
2277 215
4863 7367
4155 1194
4014 8973
6117 7783
469 8856
3607 4921
1297 2350
5708 8428
3778 8651
6267 881
1760 1918
1462 9698
6405 2091
9568 3589
9904 795
9361 9767
4130 6970
6454 8520
6379 7752
4760 8987
7171 9181
2780 5678
5884 2138
2702 6692
2923 3711
2494 6526
2217 4592
6942 8546
6079 762
5482 4344
4263 9889
576 9091
5027 7398
7985 4463
9217 9625
6611 3963
6993 4506
597 4030
3715 3899
1807 1488
9983 4505
6566 7034
3808 4671
6506 918
5846 2084
5407 2297
2088 8923
6482 4647
6741 2157
4122 7056
1621 3205
3541 8823
8140 772
9461 6810
1200 8351
5559 8929
7627 3589
8887 7224
3757 2346
5045 3898
6888 2267
6340 6952
7361 5588
2311 5421
415 993
2008 5946
7416 2588
2936 9910
5752 9913
5152 526
508 2373
6947 5219
3916 5638
3431 1360
8885 1943
7656 1905
6554 2130
114 9367
1535 4669
6892 7799
7711 9677
1934 3342
2908 7816
5479 913
7959 9602
166 4537
6311 5187
3483 1046
5048 6820
7728 7308
8266 6336
9824 7366
1374 6844
7241 4862
2341 8252
2248 2677
2811 9861
4713 7066
3283 7478
1338 6577
3667 1186
8504 8379
8215 5634
1354 9811
3368 3462
299 1361
3046 5461
5729 1884
530 2737
5189 3485
569 3558
7059 3306
3704 6056
150 6093
5831 7113
1242 2225
8592 4158
8902 1675
5528 1811
4648 1258
3186 9337
2170 878
9890 9017
6059 1009
9545 1026
9543 8047
1541 7947
8714 3909
8269 4264
5089 6560
4226 3268
8989 4622
2957 5156
1795 4356
2925 6594
2573 586
6642 3445
6975 7542
6366 1619
5652 5577
2768 249
1346 4907
7381 6541
9495 1196
4727 3132
3169 4937
5498 1968
3839 2754
9707 8093
9569 3208
9898 4121
5758 8685
3697 3130
7866 5009
4130 8260
9443 1338
7974 9561
4156 991
4661 8322
1278 6097
4145 8182
294 6964
2440 610
2557 5092
9356 7572
1249 3753
6786 6450
9917 3256
6070 6100
9508 5390
5704 1004
9755 2824
5108 2009
9561 2705
580 4815
9476 2752
5878 9692
9154 638
923 6194
6003 7785
4762 1749
4511 365
8085 9081
6129 5578
5789 3141
6922 4700
378 5214
3464 8483
5123 6642
21 5511
8355 6879
5413 5637
4988 2209
6937 572
6706 4400
1528 866
2050 2604
3614 4801
9562 8004
7448 2576
3374 6099
1508 2916
4036 8154
93 6800
6641 3314
5624 5048
37 3296
8395 390
7313 4338
1920 1957
3030 6437
1827 9326
5160 7346
8657 3508
7 3375
1721 4350
2246 6024
8345 945
9743 8136
7150 579
5126 9603
4121 1135
8049 9925
9205 6054
9368 1920
3903 8935
8072 4060
2030 2226
331 7355
8596 9720
5227 2982
943 8768
3053 3582
6988 2385
7593 4119
1217 2916
7920 1025
6510 2662
2332 5453
3967 9574
4746 103
1464 9494
5035 5218
6805 6226
1577 3950
5933 7878
5276 800
9764 586
1277 9768
535 2771
8601 5848
4434 6103
9633 3721
6776 4091
1034 8824
4332 617
7707 5103
901 1689
8138 2095
8529 699
4947 9965
4707 1366
9352 2203
9558 9024
3193 4746
2192 8121
3299 8129
6645 5680
367 9592
6022 4672
3146 892
3374 8608
5593 2499
7931 980
4023 2363
5892 8373
501 2150
5262 910
5544 4516
6553 3035
5537 8115
9353 2207
5007 6402
6635 41
2821 9514
1255 7806
6906 2077
5646 6791
5121 9238
739 4631
9388 3582
6419 9016
7893 3032
734 5645
2158 659
8355 260
2262 7436
5297 2628
8917 1515
5615 8846
3778 5867
9658 9065
7883 1797
120 7924
7681 7392
335 3828
4228 393
150 1305
745 533
8062 541
3638 8018
5644 6193
2517 7024
1014 4992
9609 5192
45 6947
3452 1190
7289 5434
4248 4956
5137 6520
3042 2435
7638 8167
2027 6497
9794 2242
3563 8525
7107 8576
6371 2411
3310 5485
3979 7527
9920 3913
3918 4538
4640 9243
8170 4227
1193 4815
3836 3844
4357 6033
3610 6303
7116 9324
2530 5285
550 1522
6389 4375
3903 1244
1361 9815
4364 1838
2418 5772
2654 2079
5788 5159
1570 4040
1984 7287
6732 8284
105 8799
7536 1534
2248 5180
6497 5998
4178 3535
2831 364
2355 8512
3585 9231
9390 6571
4449 1462
1757 2687
4237 3992
7362 3240
5981 4106
2337 6266
6015 4060
9201 4732
7204 4933
7815 1887
9096 5383
3790 9544
5854 244
196 64
3479 8737
5728 4169
2400 5827
4109 6957
5151 7223
3198 8287
858 8561
4495 6540
3557 6175
260 5726
1531 7624
2680 1580
5242 260
7735 5930
747 2692
2038 5377
8768 4925
6137 5993
5860 8838
104 1998
9830 122
259 8774
8762 3597
7450 8611
8199 3919
1775 1737
8897 8925
3816 8432
1492 6108
841 2290
4013 7018
3145 1275
9664 1902
4426 1703
2804 7163
2601 6577
5149 5911
4525 6339
6007 1356
7539 5696
8671 8566
5129 5444
5156 5570
5864 4759
3737 1636
427 3928
6846 6190
6582 6786
6379 8394
8829 1875
4350 6622
3674 5080
5859 8569
1815 6406
3565 914
7326 1176
2993 319
320 5368
9090 935
9599 1302
7242 2898
2882 1695
4217 2308
4365 7312
7664 8159
4731 8600
4698 646
457 4233
9464 4868
8521 4450
4940 722
55 6853
8693 2614
9494 202
3719 2267
3521 3786
119 9221
3504 93
8587 2177
9317 9589
1405 9410
3776 6148
455 1893
6540 9481
2787 7775
9003 5212
9469 3434
4173 5664
4022 6525
28 9169
228 356
1266 4584
3394 7113
9916 1338
2541 4271
443 8896
8895 9358
7985 3434
7773 1513
8643 6210
6316 350
9910 5581
8043 3809
918 2380
378 1785
6281 378
3040 7033
9578 6097
7508 3623
9276 8697
1994 3507
678 1608
4445 9922
6887 589
4388 7570
5097 1763
6011 6949
2724 8470
2084 9670
3012 843
1927 3822
5306 9790
8184 5437
445 5329
2739 6705
5891 1141
8131 2459
3840 3821
8560 6869
882 1635
2998 9878
2277 1474
1239 2566
9101 6087
5256 8993
2784 8133
1217 4967
2810 3424
635 5665
4081 6021
675 3907
6548 762
3918 21
3552 5711
5250 5433
7053 7852
7314 5217
592 6089
83 7265
5269 8269
5522 1435
2670 338
8067 9894
8470 6152
2190 3472
2846 2291
3990 7564
6842 5309
5420 321
7177 9951
6786 4617
6006 2128
9103 5241
5088 6464
9915 755
1946 3388
4053 3189
407 2732
2764 3985
4668 424
5013 6985
6876 6881
9751 4866
6887 7517
6484 6895
9347 3301
5617 1523
2280 3189
4610 1955
5107 5964
2271 5698
1688 4668
4567 3855
4671 3760
3968 6248
8919 3293
283 9830
1246 1671
8826 7901
5306 4086
5898 9180
8599 5516
6162 1500
6982 1304
6691 5018
4388 4740
2277 5298
1100 5504
4502 1930
6335 4653
7211 6321
5089 6279
8924 4705
2685 7998
4523 8187
6909 9436
9903 2149
8037 6506
846 5122
8215 3636
315 6386
2170 5045
9698 7530
8204 6928
7175 8437
4171 1812
862 711
2634 1203
9223 6061
725 3309
7746 5711
319 3103
6466 5583
6438 6008
4508 652
9605 840
5579 1107
5616 3757
6343 1333
2691 6314
7250 2833
1065 4244
5359 5861
7134 3558
2958 629
1024 5554
1335 5893
5111 6538
9781 4127
6302 871
2581 464
7514 2968
7292 6341
9058 2884
509 4112
829 6585
828 1604
6376 5825
1934 7176
968 9174
2820 6068
9310 953
6687 932
7876 2820
7701 3194
3180 5426
3694 4056
9102 9356
9941 6499
8000 6855
8844 9364
9820 4506
3144 6858
7709 80
8951 3234
2404 5414
5879 9657
4073 9088
8984 5665
480 8337
6255 5593
6351 536
4808 1361
1296 9103
6432 4481
6979 9888
8586 9798
8138 4026
1028 9789
3834 8782
6331 6784
6513 3374
3430 8390
7391 6976
6115 3828
5368 1122
3138 7188
9049 2705
8520 5867
2796 2740
2125 5703
3304 9519
6213 824
567 9834
2191 1206
9815 2550
1082 5577
1935 6934
3131 6166
9170 7519
3188 2422
2316 6832
1410 2706
4971 9829
9041 9214
6085 6975
6992 7464
839 1915
7298 4761
6614 788
7808 920
4771 3931
8403 3542
6525 6220
1946 6812
3760 69
5205 4195
7604 5963
7744 248
2939 6853
405 4164
4521 5428
4404 7133
9093 5982
2698 2003
7295 6488
3775 8214
7728 3205
8465 8140
5370 4644
1433 1517
8789 6715
3381 9058
7486 9280
1185 1668
9259 4298
2991 583
2623 127
3773 276
3155 7128
2879 631
8122 3073
9721 2557
5941 9746
819 1687
7772 7738
3192 9716
4340 6307
9360 1475
631 1981
4970 8678
6629 406
714 1417
864 380
46 860
3912 6226
3527 2
5199 8931
5327 5972
8550 314
8313 7972
5583 6810
39 1348
5295 7413
996 5152
6306 8906
5850 4805
8998 5649
577 8666
7375 6369
4346 9302
4111 2326
2303 9394
3887 3998
9982 50
5148 2440
6278 9206
9022 8671
8065 665
9482 9766
1289 2143
7032 5296
9866 2812
12 9409
3407 8822
8689 2521
745 7615
7223 2959
3431 6850
1459 7454
2237 983
3510 2862
4266 8666
3790 9511
2819 5028
944 4539
193 9729
1042 9376
9889 738
5677 6012
4232 9326
6828 1267
5012 8505
6345 4845
8282 9690
70 9249
7012 5928
1923 8488
1567 4194
2283 1219
710 6096
8444 444
9207 9690
7132 5246
4627 7720
7830 2490
4645 8856
9791 168
7345 7344
9342 6829
2515 9339
4729 3856
5906 9287
9395 6330
3069 7994
5818 410
7677 9858
8294 544
322 1584
9906 9680
6050 2087
9161 9092
3714 6622
7567 6044
2860 5921
382 4972
9299 5633
5320 3248
6497 3763
7812 4926
4868 5460
6390 4464
4853 9865
374 6463
8144 3697
7408 1353
6799 9011
5637 3644
2427 9894
7228 2785
2226 5868
7318 2920
2190 7855
6046 8428
2017 331
8858 5267
4358 8861
6517 2651
6983 6999
1295 5146
5444 4278
9755 3685
5195 7604
343 1174
9715 1614
8462 2052
767 8940
7287 7816
5322 5067
2663 4405
2783 1976
8763 6016
1724 2746
6936 9451
6408 7113
3299 9676
1548 3926
8486 4983
1860 9082
7934 403
7795 6059
4115 5071
2180 1988
7129 595
6363 7001
8214 5891
7977 5175
27 6455
1205 3754
6022 6799
7173 8698
6623 3570
428 261
6486 887
3837 7569
3074 6987
2062 1086
5802 1891
2111 4810
4343 1058
8730 2868
7517 1049
3950 5746
1155 3479
7437 5803
2492 3467
1803 64
5564 9014
1897 4505
7277 1174
2099 3626
7429 2188
3867 5753
4800 9109
1865 2573
865 185
7190 1536
32 4983
4983 7874
7790 3140
2292 3605
6151 2945
3471 6400
4986 3700
2029 6903
5451 8692
8529 3272
32 1047
5714 2813
4385 9809
2751 622
9938 3065
3256 5221
4081 7933
4287 3423
3306 9430
7268 6602
6611 2223
4745 8022
9460 9346
7682 8108
3307 3858
9952 367
5188 9923
9936 6065
9952 8329
8319 6556
2073 4952
2123 4719
6587 350
4046 4912
7295 478
906 245
662 4224
3554 8512
5673 5827
7574 2253
9313 3614
6249 2620
7108 866
8922 4449
8243 8354
3303 6616
6686 530
8176 3122
9885 8708
4522 2821
4176 9774
2148 8578
4336 2338
4851 1703
5051 243
9189 7599
7171 2027
6969 4778
5295 8495
5537 505
8725 8011
3461 2369
8062 4267
1111 4925
2034 576
9155 9519
8323 2615
9157 5554
8440 7266
5847 7041
2966 5540
5507 5089
1695 3032
370 8916
5142 3240
6485 5854
2110 2377
8738 6553
1455 8747
706 7916
3059 498
935 5785
2373 5170
4995 4662
5190 6688
64 3070
9571 3976
5773 8966
6338 6225
9386 7367
4455 7762
6365 5973
8803 8113
1728 3078
3043 7709
1349 6401
1387 8994
2888 1078
9133 6580
8995 5317
9715 370
4213 6863
9293 1877
5900 1183
5495 5267
9518 279
7464 394
5588 8101
5001 8549
3790 8279
2744 6553
8639 2359
5 4444
4097 719
2071 7984
2151 735
6496 5130
9116 1017
9191 329
294 7118
9743 1766
6519 9012
7649 4765
4656 4204
7607 3666
7534 3082
6631 314
9160 5597
1685 7317
2067 2387
4788 7693
3023 8282
9414 7620
4836 3993
8698 3834
1652 9947
1019 1577
7424 2216
8558 355
4087 4019
1444 236
8947 1599
5156 3143
9376 6642
2724 2693
8065 9011
5875 4741
3408 3118
8299 4810
2152 732
6870 3729
9390 4796
5716 1311
501 5230
407 6427
675 3581
710 4370
592 7023
9575 5626
686 681
7796 312
6139 9146
1706 8084
5621 2938
9877 4890
8218 8605
8427 9394
7393 6691
5507 2243
9585 3457
7182 2026
7065 2333
103 3205
3393 3245
1049 6231
9690 9109
5168 5299
5907 4159
385 733
6227 1588
3047 6913
779 4914
6195 3162
6602 7211
2982 2135
5374 8512
1058 500
9366 110
8266 776
6081 2039
2292 7455
4101 6926
2118 8090
6801 4342
1698 8295
3379 2397
8194 630
1141 3532
2563 8822
9663 9859
7480 8669
4964 4903
5434 2504
7888 7618
6698 7584
7277 2233
3204 327
9978 7625
3421 4980
215 8042
9287 8019
1841 6983
32 959
9852 4376
9430 1622
3614 2501
2720 9256
1108 3677
9009 3205
9081 3118
2891 1687
7285 5424
7197 4518
9658 8711
8301 7891
2757 1487
4291 6115
8484 4005
5869 6753
4660 6749
6676 7648
2208 8577
6376 5187
8123 6951
7606 7702
8453 9007
7548 2552
3168 5691
7146 1211
9676 3386
3903 2176
2651 5377
7501 3599
8780 2522
3230 7775
1890 8641
4011 7963
2588 7916
7734 8055
8265 1505
3606 7691
5216 3073
9167 6906
3410 5050
6336 2896
8196 1497
8152 3508
3358 1776
443 3606
8034 2277
8079 1253
7374 1337
2737 3734
2447 1688
4784 3476
1156 3815
7066 1158
5559 6875
3045 6182
2592 5232
5713 4321
4520 4052
8298 868
904 2558
5679 2844
8665 796
4426 9418
6139 2911
3318 3027
9750 1462
802 144
5994 8853
2933 2973
9945 1133
6653 5617
7202 8721
7739 1068
7006 7695
1428 9028
1280 1111
6678 3726
8723 2040
9000 4389
4435 7070
4272 3850
2652 5421
9620 2322
9146 1033
7163 90
5567 4862
3959 5531
7627 4125
1179 5099
9924 1543
9259 7163
969 8265
5878 5178
2053 7522
2877 5087
4863 3053
7428 9106
3121 3469
1509 1444
7071 7821
9379 8866
6197 1566
1457 7696
1726 4147
1341 3006
5136 5872
2216 617
9199 6721
520 2457
3422 2259
1437 8837
8376 2801
9659 2374
1553 2391
3577 9551
7493 346
2365 7570
6038 3818
4665 3663
2173 9278
8289 3384
3122 1559
280 8539
2132 2143
5851 7723
4862 1159
9668 8468
4524 6100
1819 8331
4349 99
2601 5356
262 7823
9302 3085
2218 6095
4299 1487
7841 7626
159 1513
8975 7038
1197 6210
153 6503
6979 6510
6561 15
4901 3114
1116 591
8629 7800
4210 2287
3143 3093
6158 2492
7885 4767
7077 9541
7174 6336
3513 5449
7165 1841
6572 227
6965 3497
4755 9416
9777 3867
8632 2794
9320 5094
2647 5603
714 425
9098 9239
3904 3581
7358 8525
7686 4991
8961 3146
8777 4493
3451 9560
2464 5031
5994 8069
4700 7844
6595 2880
5903 7440
3709 2948
9863 5217
9 670
57 6452
4753 3901
335 6324
6890 6196
2529 22
748 2886
30 1683
2708 4378
5495 1474
1155 3959
7438 3059
588 5274
5555 5187
559 4058
1659 8084
3641 2813
9059 6515
6326 4760
6413 8215
85 7215
2040 4984
4521 7245
2735 5973
876 6772
98 2125
3658 4919
1941 9738
3001 4001
9557 9710
4078 6774
8611 4971
4679 9579
3928 3029
1713 4717
3845 8107
3378 644
8616 319
6414 9259
5225 8556
8400 8104
3143 9946
9321 8379
7902 2221
7087 1430
7357 8587
7013 1218
4218 5588
1675 9421
9834 8570
862 2796
4209 8556
9658 1954
1889 4921
4899 7952
3490 6969
23 5233
6287 3781
4302 9894
9581 686
4675 6863
1448 2611
3691 4889
8289 3079
4937 957
2009 2725
9780 1959
586 677
6401 6107
8305 5645
9114 6073
8161 8186
2472 7024
3707 2394
512 8826
9872 1806
8588 373
5688 9979
2696 6742
6034 6134
7927 2429
621 6540
6392 7503
7953 3733
5535 8768
9742 7169
6541 6514
193 5701
1949 7460
4179 8328
4695 9715
8989 1066
4851 2277
5381 8879
9504 8132
3666 3287
2590 362
9412 6786
5995 9165
9212 440
8687 7716
6892 2789
329 2400
3247 3352
2728 9706
3021 4785
7405 9010
7080 7647
6754 2710
2661 8281
2862 5109
2199 1437
5526 4218
8070 2397
7413 4344
3024 4808
8442 8318
5396 2795
1865 4205
3647 3745
7388 5104
4961 5015
4076 1176
2930 7148
2274 2158
4241 4545
1400 1807
995 6354
4929 2829
3108 6203
5824 3554
2620 424
1454 5496
3462 8817
4661 954
645 3783
7677 4045
8842 7852
8271 7105
2840 7507
7715 2509
7249 6696
4164 8094
5712 8961
4406 6052
435 2548
4791 3776
849 750
8427 5934
652 2946
5355 7669
5254 9352
9674 4114
9572 3095
3038 8447
5563 3165
1966 4102
5797 9443
6187 5364
7504 9016
4487 299
7624 7850
5617 4442
6261 4932
2864 8145
9798 9558
8222 196
651 8274
9924 9749
4308 6444
8609 6162
5206 8940
7580 9880
8983 6061
2501 5986
9658 8447
5344 9827
7727 4173
8850 2545
9647 6488
6064 1590
3024 8928
8356 8904
9859 4423
8989 2136
1012 6445
686 6596
4350 5183
5766 8778
7731 3161
5599 3948
4755 5993
8468 1990
3531 2725
9932 6544
8983 272
4097 5683
1921 7027
6474 6778
7642 3510
8581 1188
9436 5601
4074 5994
6453 3237
936 4379
3279 7349
8970 3180
6833 9040
5273 2791
9939 4972
3354 5956
8737 4644
2287 7326
3568 8248
4933 5683
8240 8890
6568 609
5188 1051
8796 2110
4490 4303
1449 182
6929 3518
5052 3312
6924 371
8450 648
4526 2104
6663 8067
2168 4344
6352 8423
3800 8799
252 5614
799 5231
1485 2872
763 2903
695 1735
7504 2031
4914 3060
1225 330
2364 7267
794 3103
5732 1557
4587 4874
5367 1338
756 798
2683 1766
1565 8740
4385 450
8047 2500
5416 2624
1796 3210
2104 1135
7424 1190
6586 8883
2847 6975
5401 593
4831 6887
8252 5750
5372 7758
4380 5931
9148 2832
8075 6832
4169 7653
384 1229
9843 3282
8287 5864
6668 1979
8679 9992
4226 7565
8881 1599
3041 4072
3135 2270
454 5317
9969 2187
5822 251
709 5863
1238 4904
5498 185
8016 1353
5008 740
3447 5365
7512 827
4318 4391
9948 174
4109 6053
3639 9579
8982 1546
9050 7172
2470 8330
1838 6217
9971 1909
6464 9988
9050 1320
7632 3645
6124 7858
671 5393
4089 6719
9182 4474
7504 6620
2646 125
2907 8730
1296 4300
378 2691
453 2365
3881 8367
4126 3545
6497 6910
771 4177
5825 815
8663 4680
4793 2688
3144 1260
5735 4721
5949 1810
2850 115
7343 5693
1384 4076
8063 2741
2930 4518
985 4157
5599 4185
8984 6696
8895 8418
9452 276
5749 2700
9302 3105
7789 3117
2664 6879
3787 3618
303 2224
1046 5886
6224 1967
6517 1919
5825 8910
4509 8188
860 8286
2165 3266
1350 7951
214 1200
8147 143
4286 5216
4562 4197
6818 2894
4324 1377
991 2290
2756 9927
6522 5463
2130 6329
9538 1644
6617 7217
9525 8857
5224 243
2200 9506
9715 8418
8401 9308
9929 8349
9807 5215
6193 8571
4421 9111
4712 4950
6720 4559
6136 9161
909 5648
7264 5285
1137 217
4469 4138
1824 2646
1357 2053
4154 1675
7177 6429
9009 2729
4688 7191
2952 54
9434 2311
2746 1425
1029 8735
9335 7862
8810 5223
8669 6258
6040 3556
8617 5438
5137 3831
2024 4584
8803 5529
5591 1340
7645 9862
662 8564
2152 7570
9901 2309
134 3204
2886 2095
5048 2690
897 5616
3192 5515
7615 6824
4268 5758
4704 16
4914 9950
8080 6736
4836 3445
3678 1028
2398 846
3973 6972
9126 4634
7872 6863
3187 372
9426 824
2697 81
6697 8244
3210 3379
7280 5337
3815 9075
7602 841
1657 2937
7942 4400
1814 8404
858 4216
7546 1070
3808 5734
6497 7587
9586 7673
4522 7265
3974 8327
3893 4485
9960 8816
6505 2906
9940 373
3246 3312
7976 5985
9311 8060
9555 1451
1766 1193
7715 6161
4929 5247
8304 4255
3595 3705
8957 9656
8265 7300
2094 2511
6077 1059
145 5319
8828 8085
5289 2488
8541 7025
523 759
8892 8496
9221 6904
611 2617
828 4818
8143 6913
6923 7273
811 9355
3506 3251
5065 6390
8 6175
9777 8326
6717 3061
450 7984
1315 5171
7760 4256
1583 5208
3453 6728
5628 9628
7682 4448
6766 2784
9144 3017
6012 4892
54 5548
5751 4309
7123 1967
2224 4342
8216 5540
7939 4223
4770 1180
3185 8427
6521 118
6982 3376
9733 9258
6978 7923
377 2272
7075 5681
5281 3314
704 6568
3916 6648
2037 2305
4834 7697
4994 700
56 4981
7802 4279
6863 2647
4930 8861
8659 7646
9410 6448
9685 8667
7764 928
1230 5213
1439 8306
9202 8789
6640 2496
6727 2168
7808 2688
2930 6461
7076 3864
5275 9768
666 734
5609 2857
6644 4166
9723 6263
6996 9249
4421 8079
1775 5120
254 9558
2225 1060
4854 7397
4462 5509
5683 7635
2881 1288
5862 1458
5440 2789
1038 9473
6658 5543
8068 7351
8359 8110
3592 6325
6317 5004
4348 8113
8015 6399
222 8402
615 6144
3521 9657
961 2878
2432 4492
9055 1569
2989 3330
4116 4657
3056 8679
4095 2245
5682 4704
3809 5086
2311 8915
4413 3054
9670 226
5054 8887
3913 6682
9677 1414
8958 4018
8445 5036
1407 6736
4302 3304
161 4991
8144 3670
2654 7080
5372 9231
5774 2487
761 4900
1395 7429
3214 7700
6691 8850
135 2476
2874 2402
4128 1391
5406 3201
2326 7790
2938 34
4078 7567
4424 5051
1884 6708
1269 8228
3334 7382
2814 332
9754 7849
5188 1314
9283 5009
5673 1065
5978 5572
5912 465
1175 228
7974 8733
507 1894
7690 1000
7599 2768
4446 9
3736 112
5247 1587
3076 721
6112 4210
6113 2764
7492 450
6422 1056
7492 5100
5673 365
2707 3877
2457 8763
3976 8152
3821 8862
8829 5979
873 82
5320 8275
6362 542
8204 8466
8453 7580
1199 2925
3937 8798
1960 9337
1335 6478
4609 1726
4982 6615
9713 887
3567 7248
1016 6318
6100 4293
7155 2266
613 5737
5985 9811
8509 3100
9974 6874
8662 2089
5060 6300
9312 6138
8067 2825
5119 8690
888 5557
9350 8246
7285 9882
7898 3259
6639 5241
6176 9408
9234 1128
3575 8831
3631 4659
9394 3873
4599 41
2869 6016
8636 3923
6409 7599
1858 1312
3355 1995
7609 4981
4135 3970
2927 6064
3068 893
3590 1220
8873 6678
5196 9794
2314 9688
8670 8213
7808 7725
277 9484
4581 1124
3166 3645
4528 9445
4702 6996
5414 3570
3102 5323
4575 2814
7794 2464
5147 9977
954 3115
6112 5687
5472 6043
8313 2034
4553 9593
5939 5926
6591 6409
2909 1012
4971 627
6564 7739
8050 5613
1848 1629
822 907
1062 5395
7947 7491
4948 9386
1837 9360
9358 6737
8535 6516
8711 985
8006 7565
242 7077
4470 2682
5704 265
2445 8724
1044 4535
9303 4438
968 8335
3380 771
6507 4907
6158 4219
7616 1489
3174 939
3430 9152
7264 1904
5515 5327
4574 8106
7543 5437
3788 8633
2661 5434
6924 1077
2716 8912
1493 8509
601 5830
2511 7758
960 4018
2210 4921
8771 1284
3640 4568
1598 5630
960 9495
6243 5
8477 4335
3990 1489
9540 859
3702 9963
6946 597
955 2882
6981 4504
6962 5822
1311 4117
647 6741
1778 7735
5796 1313
9326 7142
6519 5187
1647 1477
3365 8884
5278 8950
6032 2909
9792 3160
935 7177
8099 9032
7041 763
449 6748
375 3548
6377 4397
2501 5437
4012 7189
3761 6903
7290 8709
1861 4540
969 2519
6519 8462
3886 6314
9189 2455
5857 8867
4714 9249
9915 3130
5306 5411
726 753
986 7875
9839 6194
1232 1441
5045 5157
8418 2162
220 6428
5253 1896
2043 1936
7264 2836
8479 4380
7634 7458
9670 7693
2707 617
1659 4343
3026 6892
8809 3764
3061 2212
6488 7326
3903 5736
8127 5598
980 7988
6280 8962
2771 3327
5826 4299
707 8937
933 1243
456 9076
3410 8434
9307 9318
1240 506
3314 3857
5058 3541
2451 7458
9088 2744
266 8334
178 1652
8894 4271
3938 279
6114 7135
8666 5939
3827 5290
3089 9963
5183 534
4356 6652
6957 9104
8260 211
5934 3270
4373 4200
4168 4934
3994 500
2049 560
6462 6234
3759 8050
1755 1576
2857 5709
5654 3077
5545 4533
6806 7724
5410 7047
8152 7737
2135 1238
8106 8096
4472 1345
8235 861
5289 1913
32 9197
8140 5249
8313 222
9224 6418
8189 8191
8097 8161
7615 82
8480 651
9365 9080
3864 3797
2919 461
7430 8095
1763 3891
2133 3726
5586 1092
5015 6923
8866 6993
8796 7051
8306 746
3580 6428
7748 9002
5202 9172
285 8845
2627 2367
1214 8492
6999 6454
1277 3826
6644 5902
1470 5613
4893 7374
7789 5058
4558 5865
8062 1736
5820 3830
8966 8073
9220 8654
3758 7937
8858 2957
4069 6576
2953 8303
6406 1892
8382 7201
3383 2830
6421 6952
43 1556
8536 1970
8105 4795
3703 2198
9757 8870
6097 7714
1742 5264
7657 9618
9180 2169
8733 1699
9518 7341
9271 3423
4380 1119
874 9247
5405 5465
1534 9078
4190 4030
2796 6519
1455 4613
459 171
3896 110
3540 6780
3803 293
1328 6856
681 8393
539 5958
7147 8405
894 8694
1706 3293
6878 1255
9726 2399
3984 7665
8576 9551
118 2096
5409 137
4415 1643
6261 170
3236 9798
5689 3333
3672 4622
256 8865
7608 7065
729 4918
8292 296
5292 2498
8889 1342
1779 874
5954 4991
5404 9618
5868 3578
6982 9923
159 5811
8364 3415
8012 3401
4926 4054
3464 8416
6422 619
5370 2573
8859 2223
5431 8652
5342 9980
9027 4598
4280 4377
3640 5275
3770 9661
3401 6450
4768 1269
4722 5971
7629 2603
1096 5438
6525 2025
5214 3111
6205 6914
7393 6859
3292 9487
4285 2437
2283 722
6033 3432
4426 6853
6872 1710
4416 1158
9918 2585
6161 8011
9136 266
4219 3819
3199 2677
2135 9318
9477 5489
9150 6403
3571 9689
9588 691
5564 6558
2465 6295
2725 9349
3712 4048
2269 7744
8968 4028
5968 17
3960 6898
2454 2412
7071 8735
4913 2082
5492 7034
2050 5759
9846 4800
1197 3845
7487 4814
3756 6094
1150 1973
8780 8463
1042 5935
7912 2419
8795 3552
8329 3581
5319 2161
9348 1302
4775 5369
3950 9349
2691 5581
5626 2516
1283 8743
5944 2754
761 3164
4750 9071
7446 9059
2176 7960
7931 2894
8544 6113
2589 1979
5976 1156
7701 4383
5575 7236
7845 1970
7130 1470
7206 6193
5232 9503
4981 3416
2140 1311
6484 9201
7361 3660
957 190
9830 4346
5811 3945
5753 3344
5136 5410
3734 7200
7154 1285
2377 9317
817 6629
9354 4251
9592 9715
1995 923
5164 6658
1190 3961
1013 7677
3242 1301
4731 9530
7985 3995
3414 5958
8914 8354
9559 4187
2083 9962
1790 4544
1002 9070
1816 1993
7903 6991
3121 2126
7476 5893
5114 6092
6330 6488
2477 2250
899 2187
4147 6564
8051 6594
2117 6579
3765 4747
4145 9033
9649 4267
8043 8571
8884 5664
9410 5347
4791 7259
2855 1948
2453 6411
1402 5040
1896 8865
5931 7895
3848 5954
1142 1798
8071 3357
397 9661
2216 3196
3447 1229
7324 9710
5079 720
2270 3352
8930 5495
2273 6163
9253 3464
4671 2925
6408 4402
9528 7718
7198 7015
92 2686
878 3782
2312 3103
5773 2277
7343 7936
9803 4884
2799 2076
2730 2922
2124 2350
7131 3075
9830 9311
7404 175
4414 4691
7386 2270
2534 7687
2793 3627
2936 9943
96 5061
6903 3889
8318 7034
9357 9439
909 6994
5099 7131
6078 931
3150 3077
299 6598
9500 9681
2949 4044
3731 2653
2219 1765
4382 9499
3529 3921
510 578
5275 5887
3179 232
9015 7228
1832 2866
7566 4270
5050 5244
2242 5192
1906 8596
7422 2707
8506 6542
8906 654
8813 5331
387 2648
8798 8880
1892 949
6637 1612
1376 9344
6928 9128
1023 6526
4655 4118
3759 9881
8062 2275
8144 1571
2637 6004
6580 3448
9289 1464
4678 4046
3675 4055
5230 7069
3416 7941
187 9341
6998 8036
5369 7146
5488 9318
3144 224
8684 4453
1614 9328
6263 7319
9871 9973
2077 7445
8510 7086
4452 1960
1394 3723
3780 9533
4141 8216
6033 9090
6577 9052
99 3190
3832 8597
107 180
5118 2504
5349 2646
1345 8284
7497 4891
5121 9303
3064 740
1929 8030
3185 9776
214 9429
409 6681
6278 5881
1731 4561
1646 9632
2749 2323
9361 492
9602 5327
9988 4612
6910 6390
564 8616
9298 366
9851 8397
8648 4962
6548 8535
3016 5720
3269 1252
1378 841
8491 6212
7732 5952
6899 5027
5928 6058
4131 7834
7584 4099
4681 8038
2972 5565
538 7862
5567 4090
8301 3200
8499 6598
8886 2217
8449 7729
234 1640
3114 8626
680 2839
9919 649
3958 171
7448 5782
7265 1875
1366 9904
1294 110
8346 8282
8842 3574
3308 4494
2759 7235
840 6891
6923 6935
1591 7900
1477 9349
8508 4912
8386 727
5305 6148
7350 1488
5088 3839
232 7978
601 2928
4878 9687
6107 5364
938 8611
9381 2874
8298 9016
2611 6189
6271 809
8823 298
4527 6859
3507 653
3248 9205
1490 3094
2455 8976
9744 7091
3022 6925
2313 3731
323 6210
3507 5105
7951 2238
6218 2303
5258 2665
9879 787
420 9340
4233 2767
924 4863
5969 588
8327 8341
9740 7656
8681 8862
5227 7481
6280 2213
3307 4865
6521 1762
4371 5835
3955 8406
4283 1933
5968 6504
6571 8066
6026 67
6162 5529
5226 9079
7232 8170
7930 6618
6684 3435
6908 4645
9438 6860
1114 8276
4688 401
9963 8269
6107 7380
9204 9862
1626 7006
2040 3477
6192 7617
1964 3933
8040 4577
1962 4714
2714 5787
6108 918
4972 3755
4051 5185
4046 365
4738 2903
8211 9925
1146 6052
9944 3611
4621 9308
6869 1126
2713 8002
8462 4461
1270 641
8278 7553
8581 6673
6769 9193
972 157
9631 7829
9154 312
3951 1892
7892 7359
7945 2366
1777 6174
1675 3864
5864 5920
3238 1767
5276 4579
3710 6510
8806 5828
7522 8593
1299 5956
1404 4023
2211 3598
5297 570
3494 9768
673 8957
319 3601
4814 6074
9557 2195
6927 7117
6427 2969
2615 8141
4011 8432
7653 9789
5899 6363
9638 7817
1983 6710
2432 9516
680 5943
14 427
1441 3582
5450 5769
9219 4196
8505 7690
1071 9446
4002 5479
9107 1287
8825 131
2271 2582
4712 8253
727 8611
2824 7389
3448 9166
1953 9104
5397 1052
5098 6153
1765 8835
6222 8046
3355 4102
4314 1635
8632 2156
8192 4534
6656 8863
1667 1615
6833 5068
7276 2764
4903 4159
4633 2041
5287 3727
2572 4604
4542 6248
2737 7725
9185 1119
8355 6991
8403 7193
8262 6337
5653 9295
4634 2465
3799 6117
7813 9709
5188 5624
5911 7575
8880 5203
3544 2086
1751 2225
4883 7458
1081 4779
2619 9380
718 5509
6338 4167
2565 7954
238 2778
5808 3207
5681 8876
8299 5831
5513 3697
6973 5261
8442 6760
3085 1645
945 2997
5459 6877
3723 3003
9987 8767
1428 3755
8142 8340
8546 5651
5979 5645
6983 785
5028 9909
3161 6443
574 6253
7760 2762
3056 4448
9372 7710
649 2100
1239 3973
2868 7009
4628 2620
5186 531
7013 8713
8343 416
8042 660
6011 8996
7184 1387
9529 4754
5662 6020
489 4200
342 8640
654 3445
6485 4834
5001 7855
186 6601
5179 1611
4062 7567
7791 9411
5588 4237
5045 7976
6282 1410
5240 1328
7014 8382
9182 2552
1082 9959
1848 5005
1735 7241
4511 7028
2367 9005
3301 6419
303 9604
5957 4279
6363 2580
2060 8501
4821 3237
4976 6184
357 6660
8247 2199
5090 175
3485 2171
693 9969
4440 8894
8350 3922
732 919
2532 5757
633 2280
8712 6762
8282 2458
5375 4016
9617 2624
1688 8676
8132 5114
1572 9378
4463 3531
6567 9265
1312 9438
9991 2461
6583 5740
2108 7661
9395 6136
5068 6889
8689 2409
4895 9141
1916 7292
3047 3419
7308 5488
851 2707
8787 767
3692 8276
4706 4859
3026 4294
91 7879
6272 2643
6907 6079
3481 4769
803 5914
595 8164
5480 69
1897 1475
1115 1152
1262 2966
7468 674
9953 579
6625 8641
3570 6483
783 2895
8391 8788
3167 390
6063 5169
8504 9960
6346 4368
7816 2676
4660 6167
7848 1656
6354 5488
3709 4009
8392 9214
3635 121
4436 4523
8759 7205
1420 4621
1478 2019
1338 6818
9696 3697
2046 1004
8302 6197
3384 3713
7163 3255
8891 6251
4435 1211
9822 1806
4936 4607
9849 688
7418 9168
3349 8282
7444 3996
623 9782
6251 757
202 4251
3742 9974
4731 6576
9817 2077
1474 893
4429 9845
9073 7787
6863 4649
8120 5719
3944 3315
2354 4890
4677 5626
5559 4085
8752 7981
8954 5178
2222 5705
2272 4554
1393 1447
5207 4492
9328 2277
6559 2845
3061 5323
5444 3292
7148 6335
1744 2550
6998 2137
653 5559
9325 2159
3823 6951
2044 5144
2935 3445
83 4754
1338 6101
2661 3344
9576 5097
9797 1015
2185 2412
6895 9677
8403 1590
7470 1938
5475 2523
3926 4771
1654 4095
279 5370
3505 2124
5221 5110
86 1342
8348 2504
2179 7242
6091 842
3800 4555
4853 1899
3721 8873
2890 5842
2417 822
3643 4206
7746 7164
5884 5228
2155 6311
7146 7042
5510 3228
9641 858
6882 6650
5971 872
3657 5084
1657 5289
8346 5018
5696 517
9882 2464
8971 290
379 6881
2875 9489
9228 6803
7898 5380
6609 7776
8387 6021
7643 2742
2826 4228
5021 2046
4296 6724
5748 1270
5477 6672
6842 5257
6550 8145
2942 9507
9533 8960
5815 2736
3266 7581
90 8781
9556 3914
4775 5645
7370 4177
9499 8010
2242 3515
7820 3592
2646 4837
1422 4557
2842 5165
9750 4735
2556 2563
2147 357
5550 2791
1157 9096
217 1966
3986 7980
6031 7287
7740 9898
1142 7709
6793 5610
8895 7264
6379 4021
6406 5907
4726 1847
7690 8012
5219 8417
1301 5825
6104 8639
9399 7262
3861 797
5258 2053
8442 5629
1211 8401
2165 4877
6103 9272
5037 8536
546 7339
5776 7540
2780 8477
8511 7763
7847 938
3212 8846
8779 2583
7134 3264
5729 6857
9591 9446
1546 3771
5298 4226
8207 6996
1330 6707
164 6731
2814 2764
8572 6771
3829 412
8624 5614
5955 3383
5191 3840
5098 170
9502 134
4251 3697
9287 2674
1193 448
462 159
8092 5061
3751 1997
5424 5851
9005 9013
2047 9152
7342 224
2328 7490
4252 3271
7931 3141
2196 8104
7926 6478
966 3321
132 9458
6320 6957
8305 7542
2601 506
6017 1422
4828 8067
2551 1490
8486 882
7566 6587
9799 8940
4984 7304
4961 3722
2192 9685
96 9721
462 9201
2600 3845
7028 5836
5426 7804
5309 4973
2757 2196
1229 4495
6671 6451
6943 8310
1928 7434
2988 8079
8825 9684
8778 9995
5753 7136
6735 5990
6446 8493
4220 3967
7452 9385
8735 5359
7713 5223
3858 2167
6671 674
5819 7605
169 2475
8416 5644
9760 3750
885 8458
5640 5255
4034 7452
3660 6419
9824 1039
2836 8636
1974 8043
5606 4635
971 6527
8928 6631
4581 3019
7670 6816
1821 3885
7673 1106
4412 8728
7729 9231
9732 2095
498 7840
7323 1802
8546 1726
1790 8890
3342 3199
823 9592
2953 5008
9728 8995
4449 7540
3026 4347
3484 6156
2476 9045
1682 833
4358 5627
4564 7893
9832 5883
4617 235
93 4634
6222 8427
9489 2179
5060 8563
4819 1429
7844 6722
7970 3407
1345 7314
1896 5817
4747 6405
8109 6134
7217 6832
5689 2651
8693 4874
8866 7249
519 3897
266 8157
659 5593
2496 1471
9436 748
9604 9219
129 6915
6738 1139
108 9016
3016 2577
6830 3486
3678 2231
7531 9622
3846 565
4128 7317
8639 9743
7687 5283
8922 9644
5198 547
236 930
6764 8041
7661 9887
909 6442
1622 9583
6389 6219
2752 2892
356 6195
4144 1382
9464 1682
3717 9945
3539 7604
4289 9137
7417 1451
3468 6861
9430 6919
4368 9458
2542 2755
5685 3506
4922 3237
4358 9469
5737 6721
8896 558
5244 5291
9529 4774
1284 1307
4788 5220
130 7643
1068 5525
9028 732
2345 6740
836 4770
9349 9120
2585 1830
5493 7200
3487 1267
231 3616
3113 8475
9407 8633
4068 9379
8910 3385
7088 1029
5484 4268
9296 8140
127 9411
3242 1637
8341 5172
7090 754
8397 101
2337 6023
5811 9341
8100 5491
3697 5448
5375 7933
8881 9335
5434 346
9636 1407
3414 9072
7498 9981
3520 8130
5272 8595
249 4415
6797 7532
8248 3350
7708 5856
797 6243
5533 1319
618 5754
172 8828
1479 8679
2144 3743
1183 4247
5348 4934
880 7489
4510 9695
2658 8755
4649 4731
7142 2676
1438 1981
4730 8627
88 361
3513 6124
9257 619
8430 68
3894 5841
6858 2835
3208 8188
8269 8282
7327 57
9685 755
5865 5194
2012 9501
9233 9550
1179 4109
2747 4750
621 7461
4793 1807
9250 5187
47 2978
8865 4475
1219 675
9316 9319
3012 3591
1553 9323
2771 8842
512 4574
6652 3479
1116 1919
3415 365
2234 5406
462 6258
266 8321
1991 2549
8616 3333
8717 458
3640 6725
3949 2382
9409 8646
2471 6022
2959 38
6929 9580
1061 900
9654 9457
3570 3701
3139 9100
8477 6210
1024 7142
3148 3467
956 8165
3266 3308
2245 7931
1880 7304
7951 3953
5549 124
1850 764
1638 616
8697 8954
2127 610
3874 6249
8517 9856
377 8596
8143 9747
2369 3383
3700 9812
2477 1794
6113 7002
8853 4114
9467 4969
7911 5393
7923 9425
8567 2540
2445 3984
9699 9543
2104 6054
8500 9496
7740 8473
4672 7708
7307 5158
9744 8954
8644 648
980 2345
9062 6117
9328 2929
2022 5746
4630 596
5079 2755
6555 3360
8182 4056
527 8839
947 8460
4446 3214
3438 5413
5285 7958
4084 9323
4506 4299
7094 1060
2122 1104
7199 2546
5139 9596
2078 4012
2630 953
9985 8826
7344 7378
7159 3140
5742 1622
9254 1286
2523 2487
1225 992
9321 428
1325 9560
5184 1258
9553 6469
5651 1863
4738 1397
7435 2107
5373 660
141 8291
7428 8310
2280 2336
2449 139
4607 9799
6208 8346
969 1293
2467 4862
3090 529
4476 857
8724 4398
7571 4366
982 6242
7396 2214
7564 2846
4676 2775
1000 2218
5342 5038
7178 3586
8144 4309
7337 9324
5596 267
6118 7061
1227 360
6004 8868
5138 1244
645 2457
9166 5454
512 4587
3313 3972
735 9246
5040 2268
3726 9571
6539 9095
8538 3819
2107 6578
3950 2362
4974 5732
6885 9514
9076 2286
7057 7579
3685 8730
5431 3066
6021 6700
7001 5269
6675 5371
8514 3461
3922 9346
9598 2093
6336 8576
8800 2215
334 9102
4707 8002
7618 8291
6145 9804
8094 537
5048 8958
8788 3455
7344 7125
8297 7996
3241 5806
327 3728
2586 6548
8098 5529
4636 1946
8386 6381
8730 7927
2875 9349
3330 1905
3830 548
5123 365
2938 535
2486 4840
8532 199
5648 5327
8074 2686
3815 1810
9021 6438
5889 7605
3899 9686
2621 2329
650 8370
7262 1363
9242 3925
363 3910
2945 1695
5695 6227
7326 4007
6260 7620
6179 7509
3090 7176
1490 427
982 9902
5045 7485
9747 6534
5532 5922
5388 8981
9433 3665
1036 4716
8048 3
9175 1992
829 1314
3918 2500
759 9324
1268 8672
7893 7326
6525 4213
3473 7391
2724 2506
3911 6462
2624 2480
3503 7909
1506 2347
6519 8192
6608 9965
7546 2203
4673 3222
1366 6541
781 9432
3800 389
157 564
7281 3473
9726 673
3690 1355
6720 3774
8737 4605
8499 8180
2856 7704
6037 1428
2714 4267
9157 3743
4654 7075
9795 4671
6663 9086
7815 7157
2652 1629
578 9631
4312 425
7682 8955
6771 1277
7862 942
411 5296
5396 340
4402 3621
9084 5593
9820 7273
3587 1875
1935 9239
2122 6051
4888 4150
5487 5298
1297 8575
803 4601
1583 2419
6719 8943
4314 4862
2082 6380
2174 1100
2965 6833
7743 3339
9548 847
8758 9210
8540 4568
7680 9255
2612 1018
2284 5967
6833 8892
5282 9830
1692 5847
820 1088
5036 6831
3817 1765
5886 3168
8795 1085
8371 3149
1295 9623
5245 1352
7306 8641
5106 8562
3499 8418
5915 5021
7052 8942
7012 6945
1589 9428
4475 8512
8414 6824
5858 6118
7468 7513
4832 6431
3782 2568
518 1256
4736 433
5899 4825
4088 2798
2727 8611
7060 4690
6186 8557
6976 1668
8202 7627
8561 7720
7811 1071
5652 9775
3470 9576
187 4962
8655 2349
2817 1021
2728 2214
176 8651
7435 9510
5212 5627
4613 2376
9045 8202
1726 3140
776 1598
2020 4100
6996 7950
9918 7979
2219 108
2781 6599
4356 5890
8698 8573
1850 3641
4975 9995
8874 379
1823 4161
148 989
7829 1883
6859 8624
4086 7797
396 4918
9969 1360
4860 9995
7509 9313
6880 5154
4270 7834
8845 5476
6835 7861
1214 8707
7811 7734
2974 4487
1453 236
1544 4076
8987 1389
869 8639
9053 5474
490 1590
903 9436
7639 9393
5483 8204
7032 2345
736 9695
8905 690
6517 2491
8277 2489
7121 1857
4356 2487
7177 5856
5183 1288
5178 6828
5401 4290
3084 4565
330 7658
8761 8372
7921 8227
1888 8409
5243 8784
403 5645
1610 6552
6120 8849
5019 6523
9940 3670
1396 4289
3502 6014
8782 5484
1516 6835
6445 6454
7635 9609
1352 8762
9048 8930
1227 6563
2203 1395
8992 9016
1180 6329
8797 4007
5568 3602
7388 6197
7369 118
2351 6937
7091 1695
4675 1232
5057 3477
7890 7887
2118 3160
952 3263
2849 8916
8430 3421
729 7614
4240 4093
1858 3780
6893 2808
8414 785
467 2085
5017 6798
6698 8292
224 5452
2017 7127
4610 8162
8676 1028
5781 5803
6053 9935
6166 4225
1331 1126
9480 7360
8226 9776
5732 1692
1616 820
1996 3007
1091 6083
879 307
4470 5587
7130 5611
2054 3492
1857 2188
7706 7555
247 9885
6403 632
7612 9635
3513 2596
9143 7771
6149 3299
1009 1790
7703 2574
854 8816
2564 6626
6448 2926
9787 7422
3510 3407
2025 1256
651 136
5164 7422
9476 3515
115 4879
1836 4808
3717 4976
7540 1606
3722 6323
3182 8703
1467 7012
3681 5894
1008 577
4501 8532
8561 1523
5618 7651
618 5245
4807 1472
1781 4992
8003 7781
494 3130
6267 5541
7335 6161
9705 5942
9586 7840
2179 4210
4577 4262
6999 6265
2550 1492
8028 4843
7140 2745
8641 9521
7719 6553
2981 4738
2301 8462
668 6418
2831 3862
2094 5084
5309 7720
7664 1172
3446 2027
8284 3348
2719 5979
3413 4414
4765 1709
6155 9693
5333 7048
6204 9483
7929 1228
6420 326
2493 6905
9923 9896
6129 8031
6519 5472
3539 7269
5902 1510
4004 5412
5815 551
1594 5471
3779 9588
3857 493
7834 7795
8811 456
4129 9380
6204 4190
7018 2193
5949 3733
9311 3425
1727 3241
9924 2823
7005 255
3714 2062
7257 2692
6740 9329
9361 334
6277 231
5084 6294
5805 8267
3601 3331
4045 8040
8400 3755
6464 7166
6710 9756
2847 112
5912 5056
1135 3363
1823 3968
6675 4279
6875 9180
9990 3284
4118 1452
5617 5381
155 674
6348 2278
485 5050
2982 5250
661 4326
8332 3569
7820 295
5622 6603
9628 5158
6026 5992
3641 8503
7425 7630
5645 3390
7011 5279
6150 9338
3222 45
2802 309
7031 4366
835 7688
324 4727
8391 7084
4780 956
1820 3303
3121 1918
5944 5607
9456 9168
7781 3939
4660 1647
5059 9366
7635 1660
4175 5702
1154 3180
3645 6803
2175 1070
7244 6045
3057 8143
4129 1582
5477 8226
4992 5720
6415 2359
9192 4932
6359 728
2011 5448
3691 7943
2369 6129
5659 3658
5978 5389
5452 7818
8036 1764
5793 9945
5178 6570
7261 8411
101 375
3447 964
3412 5964
2334 7197
2324 5994
6522 1758
3755 3138
1478 2817
8899 7836
5714 6735
2521 9713
4347 5519
2382 1004
2682 9020
1278 7288
1792 3033
484 7224
6960 6156
6428 8980
5339 1137
3863 3981
3897 3170
5099 5609
3393 4556
6041 6797
1405 6158
2422 7525
1381 7659
1882 4822
770 4609
7594 4779
2146 6767
4266 6704
915 2573
8913 3729
2436 1330
2284 9894
251 6267
4870 930
7411 4956
6804 9581
4180 2851
4079 5703
2854 3240
4995 8794
4964 28
5823 8856
4196 2386
9858 9545
1168 7844
8215 3144
4830 7076
7186 202
1080 667
2594 4454
6348 9978
6866 2814
8502 3065
5291 434
6984 489
1476 5172
5866 6154
9386 3364
7025 1670
8983 4915
763 1945
5276 6006
9582 9687
8397 9894
3914 8476
5168 4129
7008 1722
533 8600
6434 3906
2745 9208
6875 9153
3370 3667
6368 7871
4304 9913
3585 635
1678 3208
4880 8365
7737 6715
6150 8003
4896 4101
4696 7622
7493 8055
9162 534
1391 1083
9481 7743
1095 864
2831 3689
8912 7777
7171 1114
6125 7811
6513 5167
7216 7878
5965 6373
9704 9183
8093 966
9252 9215
3939 2623
5533 682
8657 2711
8631 6536
8971 1465
6207 2674
6230 7862
9726 1584
3382 9945
3868 5584
1115 6877
9279 1785
1561 5078
5977 520
7503 8845
158 4468
7180 5176
4685 8363
5535 3359
9363 629
6554 439
6276 8606
7832 6209
5833 6781
2133 2708
671 2697
6521 932
8404 5540
5819 2769
4717 3187
3066 2371
526 3800
8210 3812
2098 429
2360 6718
9868 7105
6133 966
6397 702
7866 4443
3101 3225
2091 5816
3607 2696
8445 7713
9652 4670
913 1167
6774 9468
9947 5720
5200 9964
5744 5595
6667 4378
4029 1073
4945 1196
2405 7661
7014 3669
869 1436
7871 4364
3081 8851
5121 4513
261 9435
637 2211
3681 9072
8601 9398
190 593
530 931
8084 6844
491 6432
5482 811
9436 5313
6449 437
4858 3758
7485 5767
1959 725
4329 4029
2198 1560
3542 3853
2533 123
4984 7857
443 1198
7148 5259
5085 6635
9650 3231
1102 4805
6949 9727
4725 7059
8811 7610
2534 6162
4217 8991
5130 9309
5455 523
8118 2262
6342 6640
3821 7633
4923 9922
3990 5853
908 8432
7325 1934
2384 3885
5076 7891
6050 8263
6199 8977
4415 6572
9091 5520
6984 2934
2410 5614
3566 5393
9677 9087
3235 5547
9295 5718
4752 1707
1278 8734
7494 5427
3349 5705
4052 7412
5522 6490
747 6973
8697 326
9259 842
5577 8212
3983 8843
2188 7177
4808 3387
5004 213
8818 8485
6624 7314
9535 4924
3118 9708
7063 1399
4627 8263
1242 6849
9954 6115
8695 7075
7638 1942
7627 490
5709 8059
3410 8268
9454 3123
1124 8068
6261 2121
5197 2719
5479 5218
436 3924
6299 1374
8463 9727
7638 2942
7299 3801
175 7399
5774 1095
8349 8376
696 9907
5304 2966
9644 7667
8484 1260
2127 9564
4144 6960
216 4469
7009 8385
68 3799
687 789
2087 7603
9355 5827
5886 3616
669 3591
5681 3442
3410 1870
9486 7617
3254 5349
9427 9941
4808 6330
6459 8581
8499 6885
6082 7134
1345 6049
4464 3950
6871 6954
7368 2754
4435 4238
2299 9416
56 7463
6080 7070
7459 3081
164 3277
16 6188
1230 9240
8939 6245
2836 7818
9575 3828
9522 5497
3917 8259
212 6738
6042 8818
9296 5961
5814 6230
6952 5977
7646 9465
1765 6952
2226 2144
9037 158
7885 2585
4819 7233
2133 3591
8822 2320
5277 2202
5374 4696
7012 3051
6816 1488
9585 8455
1141 2972
8922 2365
3853 9590
3737 603
6011 9889
7380 455
8098 7179
7019 7359
1013 8170
6749 7541
7697 6498
8915 4456
2930 4308
2666 1426
1672 991
1306 4781
7245 2762
1522 4623
5834 6967
2966 8815
7072 9660
516 7110
7056 5373
5323 6902
6836 2333
5822 7557
6859 8678
7082 3428
3013 8367
1381 8095
5222 2405
2788 3606
5503 1295
8481 1795
2728 9197
6069 675
4081 136
3034 1702
4880 6031
8222 3975
5781 1328
2880 593
6713 4303
5789 870
9922 2417
8066 4804
5338 4705
9285 9990
9584 656
397 7932
1005 4725
2622 2446
6653 1058
6630 183
2646 2346
5991 6388
730 252
5422 3832
4681 774
4524 8055
5647 6144
7946 2228
6166 1918
6591 4692
9908 8859
7831 1631
1466 1476
8539 3555
4890 5678
5277 5117
7722 1185
2746 9491
7585 19
6880 2988
2569 3789
1130 4959
9031 821
8552 840
9500 5082
3892 6249
4389 5416
6285 2946
8815 2555
4603 6063
2460 715
2771 995
8605 7049
1326 1834
6461 1809
2651 5410
6530 5045
6480 4617
9020 2040
2539 4838
4512 5605
484 4145
7990 9845
6675 3679
750 4586
9748 3455
804 5241
8008 8492
2336 3101
5720 3230
4084 2543
3388 6877
8224 2939
1852 3722
8378 40
3268 8869
1249 4669
4790 7273
6739 2053
6791 8332
1580 8758
3505 9644
2366 8404
5216 2531
3356 7751
2414 1482
9509 8962
8832 4529
1349 5594
2277 423
9799 4685
4155 9907
4478 3882
2984 5366
6246 3080
4809 2509
20 1672
8876 1428
9712 6032
6716 7115
4858 354
3000 1588
8815 497
6387 9270
692 4642
5483 3668
8306 2699
7850 5845
3518 4434
3033 7995
603 5440
8301 2252
3368 136
3463 568
2363 5638
547 9781
979 4990
8636 3046
4532 948
6469 2519
2820 101
6475 2107
8197 9610
8755 7083
7570 6219
612 7402
9664 6885
3172 9354
1082 3884
8413 1516
1345 6902
6785 6068
4506 2054
9837 9701
7237 7184
3534 8049
5126 3558
9035 5165
7834 836
7172 9981
5363 7207
1803 3823
5759 9659
7119 991
6829 5392
2545 1709
514 8231
1835 3669
4180 8107
6722 2770
7565 451
2185 9987
3322 2500
1262 9816
7938 9574
1702 8532
8977 2764
2416 3895
1739 1330
7210 9329
9740 6343
1350 7045
1561 4464
3623 8606
7712 6914
8095 1294
7402 2355
4431 1036
8003 2737
2333 5256
9939 9565
5432 4311
9990 5513
8197 9342
1700 9162
7467 173
8526 1178
8617 2759
2299 1111
1359 4106
2323 5316
5215 3083
9833 4464
5291 578
6706 1578
6588 4869
497 8276
9708 6822
4892 8302
8256 1750
6788 4874
2612 6703
4717 5896
5267 2112
4863 1673
6519 695
2870 3162
9798 5322
7926 149
7740 6688
819 8340
1862 8489
9891 4726
8407 4017
960 7493
1324 3678
4048 5164
4222 8875
1118 6794
2346 5891
3585 5044
1211 2523
7941 78
5339 2069
5621 2087
867 5213
8462 5895
6325 8491
4515 599
9091 9151
3914 5695
2297 3291
4903 9599
1260 8120
9789 463
1477 7736
7504 7378
770 5596
7999 4306
2474 9238
6380 1724
8977 216
6107 4373
4642 4733
4194 2754
7725 6351
10 7438
3218 2204
1818 1479
10 4863
7456 5780
6861 1330
1646 3940
4646 4840
6309 2602
1338 7337
1145 2514
7800 3465
3350 6273
4211 3361
2483 3693
9222 3677
8026 2908
898 7520
5580 8494
3916 8739
1610 9400
9027 1838
5544 3543
1353 8269
2820 3059
7468 6333
8628 6030
7053 1391
1006 9740
5359 1383
1450 6847
4360 3459
1847 5953
1271 2808
6727 5655
5811 2111
4653 1890
1516 5517
8010 6081
2662 9736
4709 4588
1888 3621
197 522
6971 6564
141 2214
9541 8905
1136 4149
5695 4519
5740 1839
5185 3719
5305 9880
7800 8721
1261 2167
8715 3131
9232 6645
1498 3673
7248 1886
8851 3230
318 1283
4225 5466
4309 1672
1078 1656
2733 8380
4218 2433
6326 2865
6865 615
8809 3819
5762 1945
5640 1997
5705 8404
9574 6817
4708 7629
5601 7171
2416 9276
945 7052
8560 2900
2938 1727
6196 4341
904 2097
7738 3555
7734 7736
3027 9762
890 2455
8184 924
7565 4265
6817 6714
9211 8177
7553 8436
8512 8051
7022 6095
8103 6939
4507 2687
5279 9849
841 4925
8213 9940
1134 7588
7659 8582
5371 3581
8401 3759
8065 8102
6360 4049
9098 4367
8844 3089
9680 1777
8355 1579
5102 2479
1622 3795
4983 9808
1758 8429
7018 8121
8999 6467
6365 8264
1014 4708
133 8619
6350 2951
9081 1748
4707 7240
5166 2245
8882 6940
9591 3034
5282 8869
1654 3383
781 4168
9530 820
3844 9025
96 8160
7060 8856
3244 5054
1402 7376
4440 4166
2646 6819
5580 9915
7672 8531
6076 7110
623 8700
843 3193
450 1820
5269 1166
6769 4907
4604 3042
9971 3558
5205 7354
8878 7556
5058 9642
2818 4264
6707 4342
3107 6859
8861 7389
8281 6451
7926 5688
6406 8808
4413 1889
7950 1885
817 7569
6397 6189
9798 6467
3361 3732
9577 9163
2514 2986
900 806
7315 8747
3892 8582
8061 3079
2674 8640
4630 4668
303 3242
3861 1189
8431 2704
4936 4325
2373 2124
8282 9193
4511 1782
9183 9408
7512 8476
1563 8613
626 4494
9212 6316
7099 4112
575 6726
9011 5651
465 3363
3992 3192
3415 3912
1543 161
4278 457
9692 2376
2515 801
4779 8971
6368 7623
2176 5578
311 2363
2889 28
2603 4304
8642 7598
4246 15
9079 4735
4392 7439
202 861
2044 2344
6950 9988
7689 5982
1801 7813
6181 2540
8468 9464
1613 221
5381 3691
8147 4247
4647 4835
2761 9503
1117 2160
2148 7628
2885 625
5046 5922
3009 6727
1276 5172
4975 7565
2392 6919
7574 9008
3491 5904
371 1704
5175 8965
6500 9152
814 8106
6452 6553
4899 8762
1166 5331
688 1857
6226 7092
6962 4800
5083 8935
6968 244
9282 7180
1818 3771
9679 8809
9205 8615
1006 9320
6030 4828
862 7779
6546 897
1722 9331
9019 4324
4385 9391
9186 6754
5339 5071
8589 4907
4290 7604
9117 6869
8080 699
3405 442
2498 9876
9845 1381
8917 9052
3379 8832
5724 2775
6277 9824
8378 8325
6790 1348
8406 4123
4912 47
1513 504
5514 3226
6276 321
401 4947
3106 7649
6452 7008
3048 3598
2473 519
5112 3878
1971 9331
8087 1399
5078 7882
2733 492
5269 4012
9714 4641
5516 5214
5939 8310
3981 6785
9646 1809
933 344
9648 9766
4531 7246
3087 3410
4965 1031
4240 7329
1841 2527
7756 7619
2007 9437
6240 6873
9205 8804
3434 4243
1730 7426
342 7796
9952 7902
4099 1907
5251 8368
4452 531
1215 3304
5178 375
3201 1440
9137 6753
3212 4747
9891 362
6900 8167
7441 1263
6882 7975
5574 7670
8033 735
9938 7097
5206 3632
7604 3785
2117 5250
9877 9478
8056 4106
2605 3641
2808 9507
2639 4403
8452 5328
1180 2537
6950 8413
6945 7895
2301 1379
6770 1231
1249 3833
5138 8848
5406 7751
8744 9984
5324 3200
3410 3560
8649 8645
5131 6032
7997 2711
6616 6674
2856 4244
3336 6719
6094 9901
443 1683
4861 8223
189 2983
4447 69
9953 8805
9486 8588
2504 8344
2030 8813
8748 3061
2568 3311
7462 7611
5900 1757
5937 2270
9970 9208
1971 1743
8210 4434
2389 8115
2495 6803
2764 6396
8304 2938
190 4319
7045 2447
6495 5751
4340 9331
9707 6869
5768 3914
899 6255
7387 7903
7884 7531
5527 9823
7255 5849
467 3264
4409 8985
2013 4708
3697 9561
6396 8329
7589 1452
1006 6374
8717 8548
2530 7145
4333 6564
815 6804
4950 7601
4437 4125
1335 6588
6200 7473
8667 4198
5487 4032
7235 9685
7130 6807
6358 6959
6397 4247
6140 6103
4357 7698
8129 5043
9957 6647
3732 9181
6368 6132
7345 4327
2960 6687
2720 9361
2213 6204
8084 88
9100 2311
8604 4655
7722 5607
4912 3613
5066 1734
9890 2990
4308 9305
3859 2887
4491 2836
7820 5099
3035 3469
6695 9671
8882 1794
4494 2098
454 6878
8421 3893
815 7001
4985 2996
6296 507
8372 4740
2349 691
245 9429
4985 108
7981 4942
4575 4379
1429 1168
7996 6334
6845 6619
8184 349
6029 7501
5835 5537
5741 4951
2675 8329
2016 9312
6178 1876
4496 9351
9812 9707
8021 648
1813 8963
9089 759
5337 3467
1095 293
6687 7021
5133 5090
9423 397
7104 845
952 4891
37 9794
692 9024
8077 7716
4307 8251
837 9473
2651 7012
34 9937
6993 5992
8787 3839
4094 1956
8875 3348
5500 4618
1547 26
8811 7288
2579 4932
8718 2287
8670 4316
3380 2517
5388 1213
670 1743
8250 6849
5023 9375
6913 8116
447 8348
9109 6475
5307 8505
396 7312
219 2879
2779 4979
2913 6535
6966 190
9533 2669
8377 9823
5892 4733
727 585
6785 3888
4878 7719
7556 6531
5091 2189
6772 6899
8080 414
1915 1564
8413 284
3576 7290
2722 9296
3555 7373
8332 1728
7463 3821
604 9803
6084 4350
9131 8630
9271 101
1065 8220
8693 967
3737 6583
8569 8448
4830 7191
4024 1064
8280 866
6195 3708
9192 2666
720 5579
9865 5916
6168 7816
3018 7715
5797 739
3723 5185
8356 8321
4405 5796
1182 2581
7668 6389
3862 9954
1201 4402
5571 5501
1607 499
4981 2404
7952 4280
268 1589
7190 9275
8454 2880
7717 2612
2011 747
5591 3436
5381 398
293 2937
7931 9076
8386 9251
617 5895
9089 6747
6821 8264
9737 1785
5852 5295
9660 2233
3803 6464
9739 793
5598 8535
5740 2669
1749 2334
1882 1586
3311 9091
7613 2211
4988 7925
9537 8195
6096 5029
7291 4255
6890 5470
7664 6302
7445 7288
1402 7447
8674 7112
519 9488
3405 4946
2075 955
4949 8066
5399 5724
5371 2142
939 5208
5954 9050
7323 1888
2057 743
9885 475
757 7570
4899 2180
2394 825
3716 2311
5714 6538
3582 9291
8358 8903
7010 927
4043 2321
6441 2710
2661 5464
6040 7074
1137 4931
4505 4033
5632 8504
5150 7456
4772 7623
6250 3665
4897 1489
6707 348
291 7138
277 401
2194 2423
3557 5092
7991 2710
8388 6152
6361 5179
5561 4522
9073 3215
9804 3712
3423 2895
6687 4786
441 6236
5313 8012
8844 2975
6926 3846
4947 1020
759 5131
1729 4251
508 5942
8765 8087
2079 9587
6517 7059
9834 8324
512 6468
25 3055
6533 5414
4491 9150
1885 1258
6941 5923
909 3191
9545 1994
165 7736
9934 8746
9633 1125
9116 6588
7572 8759
551 8656
5465 359
4907 9068
6547 633
7373 7803
6304 7167
9406 1686
3951 2179
4150 1634
9413 2222
927 6697
7205 2942
876 1880
8720 7107
2923 4518
7326 7507
3574 3143
5126 7453
4332 962
6090 7488
9905 1805
7997 5810
106 6139
747 761
7119 3958
8437 3539
1814 7526
5871 563
2539 5868
3895 1420
5583 3977
8747 1608
8626 7542
3281 2910
5339 6540
5668 9470
2720 948
9156 6907
4723 6384
2291 5123
5595 6925
3627 3283
9598 5471
6027 8961
6515 2475
6339 1722
8200 3394
3602 8773
4713 6595
1662 9378
2351 5575
820 3963
8776 6885
8251 1363
661 6729
4244 8851
9321 661
6982 5560
7284 131
7645 4083
1444 7724
7491 4909
6712 3349
1957 9179
1978 981
5336 9795
8914 3908
4566 4556
2977 1999
8423 5263
6860 8739
4263 5656
9388 4668
355 1948
3994 3523
3128 8289
6664 7640
6295 6
4860 1763
3133 3626
6931 6635
1199 766
9991 365
7588 1457
1710 3536
8641 7264
1858 152
3011 8230
7950 1497
5265 841
1794 7129
9069 6645
8085 302
5970 7807
5869 2896
4845 9679
9362 9638
3939 444
8408 8878
6426 1587
8823 3940
3661 7183
660 5676
6030 7341
6622 7645
757 7160
8296 3462
7654 7512
1946 12
4687 4889
800 5681
8084 1626
9552 1836
6799 4380
1750 6867
3875 6744
2748 7759
9717 3299
5303 1738
8903 9046
9766 1351
3816 50
8681 7387
4989 2677
3329 5356
6718 2001
8940 353
469 1046
8067 8885
5645 6163
9739 161
9966 6023
3436 4153
7635 3124
4404 3687
4606 3026
1393 4643
9656 1557
3707 6901
826 7700
5704 8829
3612 3575
2845 1887
6258 137
7253 980
1795 5269
4611 4245
2042 1368
2855 7468
7803 477
4539 735
6021 8732
4047 3705
9234 9115
5491 6801
7242 3181
7614 318
8967 3249
830 4782
1371 6740
8566 1113
9856 5579
7090 8222
9362 739
7013 698
2344 3556
1808 9573
8979 4986
2403 8784
1135 9158
34 3506
3628 8544
5165 7162
7400 420
2399 4316
9828 1577
1931 5343
3295 3131
4730 5518
1884 625
4594 8467
9273 9490
8343 4053
2666 66
8972 7872
6308 5297
8537 8507
7528 5251
5307 7021
835 6041
4418 355
3608 1554
5981 8939
1998 5200
6183 8405
5947 458
2752 1702
7483 414
6403 2922
2188 9818
7443 6533
7824 5180
1858 6190
2765 7981
9573 3739
5929 1208
792 6277
9506 9239
367 8655
8059 3643
8007 2590
5228 223
1012 2324
6400 8250
1207 6892
3826 8011
4872 9184
9397 9566
286 5969
5017 3155
3099 5024
9629 9788
8657 2116
5827 2233
7566 5708
3738 8102
2773 2788
9295 8934
9232 6116
3764 795
5883 3909
3092 8901
4023 3641
3471 6490
7738 7047
5750 3703
7078 4206
4832 9532
2847 3646
4190 6834
8953 5046
9682 1714
5664 6759
2140 1077
3618 225
4407 2380
2030 5082
9051 2395
7076 5270
3152 9372
3502 2611
7764 6081
5860 7741
3908 8744
6050 8677
6490 4959
2487 3310
3487 6583
9532 3093
5193 8197
3189 4457
2539 3407
1733 5287
4589 4341
2122 8770
3080 277
4621 7946
148 9641
5241 9927
3715 1505
9942 3848
7090 6603
9809 5068
7708 7311
3083 910
1354 8073
4700 9955
5829 910
1347 7777
7034 5013
9089 7001
7949 9148
5684 5608
527 1524
7304 374
9418 3527
7767 2799
4242 7908
4794 9002
4030 5310
5782 9415
2123 7536
8230 5855
8958 9306
5795 7138
5551 4857
2418 3312
5625 5963
4691 1921
863 8838
5465 8290
5041 3192
3463 7012
1878 8303
3404 9241
493 1290
6704 5776
9391 178
891 2502
1691 8778
6627 9239
8134 6033
9605 3642
3118 2366
2167 3544
518 1010
2591 7772
7221 3825
1949 1967
1838 5606
1407 1354
8798 8077
9017 2330
8373 7321
2709 1004
9708 3392
9584 2421
4512 1236
7361 7622
4186 1403
5102 2369
4776 1614
8635 8417
9871 8204
2527 6589
5111 3230
304 5059
9286 8295
9276 6688
236 5728
175 9510
8466 464
9983 5343
3514 4765
1919 7182
5251 2273
1027 6840
5805 8482
5448 15
475 4936
1243 842
8583 2087
3403 6689
4300 9087
660 7531
7414 8176
1071 786
545 2205
526 8962
5319 2686
7112 5151
8946 9344
3909 8875
2706 767
5511 4063
4296 8287
1338 3164
9299 7894
9159 9643
3423 8421
6768 5988
4333 7518
5728 3506
3680 8024
6956 1251
2428 3123
4292 4799
6070 6419
3691 6366
2006 1345
8428 4205
9050 9140
328 253
7213 488
5400 8014
6143 8072
891 8685
9256 3005
7796 4283
7974 9918
542 4666
9973 4770
9428 6211
6666 6544
5649 8879
4267 1592
8345 3414
9712 851
9585 3385
1037 6728
6395 9232
9968 3140
1887 5908
2857 1306
9955 9856
2654 1324
4008 7692
7765 2883
4784 3377
4410 4187
2273 27
6550 9511
8286 3317
4295 3012
414 6245
3784 1860
6727 6555
9389 1927
852 1201
5108 2105
5377 1917
3945 5440
5657 4868
6815 510
3041 2134
6840 708
8565 8761
5728 292
6618 4246
1968 5400
692 8723
313 3574
9118 9190
2247 1407
8658 6310
4614 2818
3741 8990
1670 5425
4020 9413
4850 9055
9935 3616
7566 7116
3171 2117
6715 9382
1452 6958
7204 1739
2263 8233
1153 5049
1512 1568
8410 9572
6723 808
9108 612
7759 9135
2526 805
6030 1947
3219 9945
6287 5687
3939 9791
6789 4069
9575 2381
4366 5054
5046 668
9261 8762
1352 5139
8022 3234
3179 4336
8019 8761
3156 4712
3159 5309
1530 4511
4940 6271
3442 8080
56 134
2552 9919
3757 5602
2042 8742
6815 5842
2870 559
1401 9671
7263 3758
6965 8518
723 1583
7128 4363
7720 4740
3499 9515
7596 1596
3112 2829
2142 3373
4578 110
1276 3878
6944 754
2675 9782
858 7206
2315 3047
1469 6484
6915 1630
2084 7959
3682 5089
9819 8137
7008 4928
6364 4543
7964 415
8469 3038
9219 3015
314 768
776 5083
8161 7684
3681 2969
913 9678
3139 3721
5366 2279
2002 4601
9216 6128
1771 8435
7858 6129
1798 4882
6452 9393
7264 6298
67 3282
9664 4756
5220 5819
7089 5230
1721 6334
409 9634
6442 6052
4880 3293
3302 9574
7968 1457
4846 5879
4938 9084
9488 6081
5945 6098
708 4343
9430 9961
1356 8802
60 9763
4689 5797
795 4500
1985 1845
410 9618
4918 6039
814 7652
1108 2543
1300 1930
2391 176
1827 4224
4318 5446
1550 3231
1242 7495
8948 377
9491 7927
2562 6993
3456 2987
1594 1736
4034 6522
4287 7770
1792 6840
1101 8987
3921 8151
9994 6813
374 799
8640 4541
8280 9437
2496 4094
1062 2232
9323 6061
293 9681
5465 5515
5200 5654
2354 9888
2630 7060
750 5638
5933 2879
2749 5122
9870 5622
6437 5332
1323 4058
9841 7381
6375 383
7583 7815
4080 3229
8877 7463
363 8956
574 1246
4387 4542
683 2722
814 5155
8673 6709
3368 3598
6096 3409
6468 9092
1058 4773
7881 9266
1575 9858
9243 9207
3034 2083
7682 4603
8289 6249
6779 4198
6439 3082
8146 9518
475 1161
8238 9797
4604 884
7121 1499
5753 2885
3626 3739
7912 4690
7977 8551
1670 760
756 4638
831 1610
1122 9203
5408 3891
6806 4997
5542 7265
3446 4561
4792 4097
6104 7629
1701 378
2442 3394
8946 9649
9594 3768
6024 1180
5847 168
8671 7137
6462 4367
8170 1975
3547 8862
2378 8189
6852 1572
5812 6170
5001 801
7388 633
7502 6864
2974 6092
6452 1617
6799 8539
5520 1311
2833 6640
7162 989
2804 3275
7053 2317
6653 4717
434 6987
7110 661
4912 4751
3566 5863
8100 266
2923 9015
5269 256
2713 9445
4046 5265
2675 6195
9974 6397
9082 9822
9368 5480
153 9240
9966 576
9170 5304
7453 4418
1164 202
2731 9706
5358 1575
8832 7816
5670 1549
1894 6734
2906 2225
7684 4341
9121 9936
8858 3074
4820 7412
3182 5379
5375 8358
8497 3751
8989 9648
2448 6158
2817 7037
6781 1406
8337 8256
6150 9059
1995 5954
3930 4287
7009 5958
929 8959
5094 8451
3694 17
3310 8268
6725 1293
2539 3942
4263 8728
1081 4067
6454 4294
5156 9605
7280 3524
5946 3073
6014 7345
7816 3201
3531 4042
4874 8824
3154 4786
3871 1762
2237 8123
9417 5879
8020 558
5665 7761
5582 7917
3871 8583
175 8722
570 7975
227 7218
9544 4955
3592 9507
9315 1957
6796 3324
8582 6827
278 624
4165 7410
1280 8570
2623 1136
5357 6541
7827 5554
4494 6180
1682 3993
1648 9672
2361 9967
1329 6306
3844 1215
8888 6513
4452 4969
3284 5959
5951 246
9658 320
8314 7431
63 1600
5290 5307
54 4583
9163 5638
1 367
1736 1440
8065 6866
4641 2181
7941 8936
1105 2481
2134 2342
5372 5955
5203 5490
3881 3052
987 3924
359 6608
3293 2021
58 9526
4883 9896
7991 9840
2489 5551
6621 1764
6020 8583
2017 5681
8609 5735
9640 3175
1505 8870
9541 4579
7392 3145
3423 6726
9904 2584
5062 6863
1103 3913
6828 2194
9310 3726
2744 6169
7274 1234
1183 8820
111 1989
9707 4345
2148 6138
9239 3406
527 8531
272 6725
5796 6235
68 6560
4900 573
7480 9678
5131 3152
4512 9136
9953 8167
5836 1289
2288 8155
2232 460
8653 5593
9116 7352
3465 4762
1914 9096
5654 7951
5527 2331
3589 3950
3527 6098
7098 1508
8504 6582
4289 2059
6025 6674
5414 1493
1649 2811
4256 2633
7636 3395
2711 5135
4887 2119
7731 7524
1725 9394
263 8681
1938 6800
8791 4792
8980 5522
5193 625
3515 1420
8294 5632
745 575
6774 9297
8488 4928
4944 1322
4484 7159
2554 2195
7617 3241
7011 146
3759 4811
8757 5030
7348 5862
7568 2957
3648 6539
4023 1939
4588 8706
1430 3906
484 1834
1866 6633
4580 1054
9778 3106
2370 7006
3695 6601
5599 6698
2985 1840
287 9899
2922 3856
3466 8453
4739 8120
1237 9379
7747 6523
9947 197
3397 7028
5227 3432
2212 1173
2739 7779
7099 5653
6418 6372
9773 6206
7417 3086
4096 6189
1098 1308
1499 2904
8630 7046
2961 8737
5134 1910
8271 925
9737 9732
6170 146
4474 2533
6733 1956
9344 4829
6925 3372
7572 4553
4622 5732
3769 3771
7694 4585
8245 7351
7573 5439
7871 450
7788 7409
4990 9253
2911 1163
6519 1276
5019 7436
3677 4452
4855 4592
1879 6468
7098 3101
3581 3042
6265 3541
2186 1937
8494 1780
3894 4062
5602 5622
6488 7081
7900 8855
669 6917
9186 3205
3560 4013
1418 8396
4623 692
8089 8374
6648 8652
2793 1871
7284 5588
9223 7812
4081 8526
8066 7005
6054 91
3527 4546
7852 3275
8832 3155
5665 8323
7430 7617
9335 2258
4954 5418
3095 7412
6168 5224
7824 9486
1999 5096
2965 6493
7280 5394
827 1121
6041 673
9752 7837
2318 4744
8503 2232
3784 932
2609 876
5212 8879
7759 9816
3560 8385
8235 5195
5042 119
6071 7904
3177 5510
942 7583
7316 1139
5965 7660
7205 3464
1278 6916
7703 2886
7747 4713
5110 4187
6555 8747
6213 1821
1220 6270
5897 2790
9872 889
91 6645
2010 1797
19 2670
9501 2178
1624 9557
5800 7060
8987 1276
872 2394
289 1495
5914 7902
7900 6803
622 4174
830 2968
7555 5151
6691 9458
7825 7356
8216 5243
1921 8351
5812 3021
3140 4397
3565 3477
3223 7129
6333 7668
8933 2729
2903 8787
2972 5455
246 5016
5384 3255
6325 5689
1205 2037
4381 3123
2607 6300
5093 9378
1800 1839
9799 7797
4752 3480
2299 653
5695 4491
6584 8000
4411 553
3569 3512
6838 6627
7578 5767
1885 6651
1518 1180
1650 9128
8967 5563
2437 970
8709 7491
6756 8907
8067 6162
1409 6929
9470 4374
7657 4011
4755 2410
8958 2249
409 8591
5124 3354
9320 883
2160 3036
2203 8273
6 3638
9342 6580
4682 2099
1874 801
4509 8501
6532 8769
2940 6072
2056 3211
6809 9896
2342 1670
3801 4917
7625 5345
5226 552
3007 3385
8949 2353
3808 2410
4178 1364
7177 3413
8727 6620
3168 7974
9683 1854
8828 3310
9004 4541
9276 5879
75 8436
3276 6581
7144 6836
7223 7296
2475 913
4813 1445
1706 7421
3195 1174
4368 9149
3242 4296
8540 7996
6621 2520
2921 9539
1826 1313
8944 5471
4484 3245
4894 6664
8736 1788
8659 9071
3557 1789
6098 7651
5165 448
1956 878
1882 9965
3479 2663
9963 4250
3603 5434
7832 608
9070 7408
2548 1406
8031 8756
1342 5666
8515 6728
3048 2750
7751 9738
28 4528
6129 3034
3009 6293
