6515 4030
2800 2927
6051 7870
7299 9181
5323 6120
4833 796
6694 3778
3843 4145
7227 980
7804 2131
3207 4468
3898 159
6572 6676
6487 5959
9495 2743
1175 6520
4117 3900
1338 4868
5075 7275
8493 7341
3228 3714
4229 7455
875 3393
9053 6687
1913 2615
8715 8447
815 2481
2298 742
7734 4634
4588 7482
8894 1622
9452 4233
2208 4488
308 2597
7599 2728
2407 1142
5744 9690
4557 3949
6429 352
827 2276
6936 9507
9634 3716
9818 4175
446 3197
1979 7338
85 6449
8248 2539
7989 3442
6088 8655
9121 922
5213 2199
3846 589
4137 5464
9463 7037
5491 2125
5878 9418
6292 9095
4045 9861
7775 2917
7361 3966
1203 6046
8646 2706
1431 5299
1679 6415
4773 8325
3973 7476
3841 6715
2037 440
2271 2615
6195 820
9932 6849
6457 8878
5160 1957
7227 8173
6674 5484
9150 9390
3222 7794
7147 7781
8073 6341
7945 1341
4611 3937
6644 1602
3137 6091
8476 5959
8811 9747
1102 909
8604 7108
924 5111
2935 4093
2347 8752
7375 8217
5309 7842
5610 6155
7736 6925
3703 2995
2508 3001
3416 5724
7879 2077
8876 9456
6383 8632
1493 1564
1155 1458
8685 3934
7767 6447
5619 2153
6877 3475
7462 6221
7446 8607
3845 1891
49 2041
8603 743
9449 8066
2807 2377
1682 7966
3878 8125
4369 7522
1816 3868
702 6576
5115 7111
9420 9810
4009 9508
5695 8955
1863 5847
7248 9438
504 231
5542 1748
9015 9989
2959 6020
259 672
5099 8051
6819 5634
2691 2611
149 9275
8639 3104
1693 8644
7534 5082
6113 2396
4489 1266
9505 275
8226 9419
1452 8617
7032 4498
2211 3186
7979 5988
5162 8591
9103 7292
4505 6636
3374 7059
4091 1730
3838 3779
5397 3431
1372 8308
3917 3764
3481 5762
2568 9228
4944 437
4864 8344
5137 6449
6167 8879
3531 5339
9273 9219
1103 3608
2113 1222
6066 7565
5662 9103
3224 1619
9738 981
2345 8729
5744 9232
5003 4875
6260 1349
7498 3987
8712 6126
5497 3587
4966 8275
4766 7337
438 4703
6368 6172
6846 7365
6921 3941
8653 9381
4623 7379
5319 8226
8150 1307
6771 708
3516 4029
793 273
6131 6287
2276 953
529 3708
5565 4310
672 4189
3156 9265
3128 2917
3954 9868
5105 7848
6139 6430
316 6619
4334 9133
87 1111
3713 430
8724 3427
7051 8501
8386 9488
5339 1426
3314 9899
4623 2672
1094 6048
2690 6077
7481 9403
5930 562
8773 9336
7253 4833
1030 4568
3171 9052
2417 8280
7980 4178
6039 9640
5158 389
6352 5842
9924 4411
3005 6603
7399 3664
8097 2622
4203 8989
9960 761
3117 5741
7388 864
2510 1374
868 831
6399 64
7408 9689
169 8059
8201 2965
7919 4151
5732 7939
7140 578
8641 526
1124 4664
6902 8591
6819 6075
6710 6075
7196 3320
5975 8161
7908 6368
9813 2978
6826 4143
7134 8567
8896 7308
3199 4269
359 7750
4666 2170
9226 5552
3436 3361
1677 4280
3624 4016
7782 1162
3580 4516
8128 2061
6294 7391
9402 6631
9821 4719
3065 7700
628 1305
9716 615
5721 5884
235 7846
3699 9658
5277 6301
5699 5250
5103 3809
3293 783
2000 8780
4788 8127
6356 2291
9281 5415
4605 2985
2368 7038
36 563
282 7661
1777 762
9244 9255
6671 2451
6237 2823
3449 9467
3036 9599
6865 4385
4127 7336
2897 9052
6319 7436
5891 5988
3485 1223
7817 886
6885 9396
7532 4123
2708 2457
6146 502
2365 6663
396 3659
1103 7251
6344 1999
2876 5942
3976 6904
5278 5695
5734 3015
8551 8705
211 2514
1923 4621
9198 1936
964 7709
3997 4878
2700 3002
5250 2489
5818 7059
5259 8325
9727 5306
5054 9595
8882 4441
9430 3987
6184 4191
1104 555
8802 2578
3756 6007
1655 3443
6616 4387
9765 6970
7484 7636
5780 4907
5769 5518
1200 3743
5345 386
4426 3662
2794 8802
172 9227
5923 9476
1828 6117
8281 9254
3172 6557
8966 439
9132 3292
2364 4994
5812 9619
9993 4099
1686 4779
5335 5714
7329 8471
6222 2655
6293 9844
1283 9446
5169 3096
4833 8497
8203 6395
166 9626
5957 2823
7267 3999
6359 3855
6844 8655
1212 4386
6504 9165
7788 2405
7169 1183
9610 3122
4940 942
6574 7450
3165 9578
5177 4155
7002 211
683 7806
6662 2661
7184 6428
8075 1541
6038 9811
1818 9186
4265 9335
4546 4410
4476 7060
1007 6363
4841 5474
8535 9562
8123 7206
3175 3464
5715 9122
9072 5132
5242 6164
6256 7194
3426 2776
3449 7589
7016 5916
9748 7882
2939 929
8940 522
7232 9563
2547 3664
9509 1219
204 4907
8194 4068
299 2081
7312 9551
7422 5086
3933 9908
3860 8380
7696 854
8558 7494
635 4861
6646 5535
3389 6355
9686 32
5783 4206
277 2460
2702 9803
2666 253
7343 3128
5468 1838
8061 184
6586 7158
5736 7437
6115 2179
4081 4305
3778 7583
2169 905
9588 2020
5987 6670
6001 9679
8639 3411
6948 3459
9882 3841
1264 6486
3035 4224
5881 5096
1442 595
7545 92
522 2145
7728 4080
9980 7117
418 8069
1341 3039
5850 8926
7161 5497
7833 3893
190 1828
460 6504
2856 7701
6735 3811
3809 1530
4649 6689
5556 8881
4313 5772
6336 3923
3717 3584
47 8652
7568 4229
3839 8769
6253 4796
3704 966
7707 984
7129 7444
8706 5150
1679 9026
4886 8033
762 6944
3971 5795
2213 2849
5410 7188
7930 4134
1881 331
3822 5987
4662 5959
4594 6406
308 311
3508 7213
7491 3735
7239 2999
2313 1623
2115 8539
5724 4539
1059 3776
8184 9258
7376 8864
2594 4541
885 7169
5270 3911
9981 9342
9439 1364
8918 2898
3753 9090
3910 4914
7051 7360
8341 8406
4170 7247
6238 9709
7251 5983
2839 1784
5450 9964
5261 7900
1850 9787
5272 5395
5228 4848
7432 8308
5002 6423
3055 1662
1700 1497
2486 4478
4808 7430
6572 3327
7360 4679
3604 3373
3383 420
8429 1407
2887 2259
6167 7112
2467 3565
7812 2742
1150 8906
5979 7882
6569 9378
5124 8820
4225 1848
5434 6617
1091 2147
4116 5324
6643 4205
9292 7653
6212 5388
6425 5560
7874 9632
7094 8831
8172 9071
6902 1195
1356 4306
3523 6821
9051 5115
3091 4286
6027 3410
940 4042
9350 1940
9511 1362
2824 4339
6305 7920
509 6815
3748 9983
1486 8975
3020 730
2404 2434
5868 2636
8661 3445
4967 5383
7901 9387
3113 3822
7523 4438
3681 9878
9926 9297
1137 7887
4203 8446
6656 491
5088 9864
428 1261
9122 389
8245 9299
3551 6206
7287 3890
6983 4329
4369 9572
7844 6725
2129 7361
101 1762
4097 8651
9538 3470
937 1824
6204 4743
6300 3418
9644 4743
6422 934
8598 4459
5393 9684
5144 440
3429 3331
117 7859
3837 2671
6178 6935
348 9956
2508 4404
9001 6955
7381 5535
452 6123
5377 5416
7466 510
5897 992
5306 4831
4213 9638
1648 9692
8902 2763
4862 9421
8420 9868
5825 6913
7442 1651
4652 1744
655 5393
3515 5811
3382 5135
3567 332
1338 1468
759 4428
5383 5754
6922 1807
4607 414
3250 9834
3512 8155
1124 7341
9303 7787
1293 6506
858 5635
7202 7241
1848 7210
7540 94
7337 4979
3129 23
1542 9601
7615 8510
7067 4174
9387 8139
6620 9208
3904 8322
6038 9963
4221 6303
6285 9289
4602 8288
9522 5272
6530 4729
5719 9289
1656 776
7285 9389
4162 6067
4639 9765
7032 5010
6057 3505
8715 6336
1643 8512
2576 2797
3862 9902
8966 3132
7164 6397
6533 1611
1127 1831
924 3590
5207 1179
9951 2296
3904 5240
557 7437
3085 2468
4388 1105
9264 8791
5739 5896
4757 9254
4816 5739
7634 8597
8515 3104
691 5581
8587 4472
8091 2420
5041 892
1377 8373
8615 4246
2118 8036
8270 2060
7362 5124
6190 8480
7344 9218
2157 2551
4461 27
6877 9956
2244 4150
3186 3768
2456 5290
9377 8522
7230 8941
8980 7327
2160 5394
9520 4688
2508 8051
8915 5616
9476 4680
167 7347
5518 2244
3537 5812
5174 1645
7762 7724
8549 7729
5123 7024
5179 9855
4304 7839
1049 8670
8563 5577
794 321
8789 4464
1707 3008
3580 3855
7493 7172
725 6685
3537 8112
6299 7543
6948 319
3622 5498
3321 7172
369 5504
7612 4781
1535 4235
3681 6742
2557 3662
3519 3751
4425 4457
4019 5418
4293 5241
8646 8093
8658 8157
489 2380
8504 3403
8766 8137
1077 7644
5356 9838
6421 4315
8891 836
8663 8052
1193 9576
1149 9373
8197 9747
4747 7459
1164 2727
5418 1862
889 2360
5829 1143
4690 4944
1946 3312
6124 8865
4472 5721
9573 9195
9147 2668
1895 5900
6725 8789
6961 4591
7475 8994
8014 8655
2903 5253
433 8544
8254 5870
5433 3042
4291 8269
3029 3514
8031 1000
1058 525
4718 5920
4167 7129
9247 652
7354 120
9222 8760
728 5891
9883 9046
912 6821
2756 2916
8296 8525
3536 8734
5028 7998
5892 5866
6502 8422
6535 3332
6765 1896
8992 8656
4639 1789
3437 6043
8932 1742
6794 4823
9319 3768
9552 8398
5564 3012
3557 4893
2701 7371
6544 1661
7755 1759
9124 1674
9369 1920
861 1798
4899 7375
1458 1285
4502 154
3702 6180
7306 4799
3840 137
21 2134
7235 7618
1385 7155
603 9694
4406 7950
9865 7724
6681 2070
4974 6140
8533 7183
5615 5185
8058 2533
3413 6733
4091 327
4041 7139
9664 3419
2068 8146
4345 6038
4039 2566
3260 3989
5482 2887
3134 8885
545 8668
1575 7788
8786 1318
7924 7893
6523 8532
115 1406
8587 3601
24 8235
5192 5746
1660 6948
4549 2734
152 8418
8599 3891
6214 9289
5780 4057
9244 3076
825 5250
1218 6769
7665 7283
323 2264
9249 8990
2159 5475
812 5970
3778 943
261 249
9495 7663
8912 806
3430 3438
5308 5623
4793 1877
6065 6988
4335 2545
6841 1284
9259 9283
2203 9173
2212 8916
7648 4610
6589 4201
6899 2816
5880 5435
1388 6429
8956 8782
6867 2419
8310 600
7169 357
5817 4130
7679 1159
3236 5816
4561 7002
8073 7354
1634 3310
5068 6355
2553 9736
1318 2470
6971 3521
9026 7353
4076 5076
6972 2531
8761 3194
4655 9719
1105 6244
3736 6760
3617 6375
7057 4831
2221 7071
3275 8107
3471 4100
7844 6325
1313 5647
4617 8502
1388 9115
3771 5630
8108 9605
5908 9350
7742 7316
8063 7785
1390 654
7250 4700
6767 7552
4337 8007
2519 1163
411 4486
1723 1063
4858 8172
577 5038
705 243
9307 8157
7110 4008
3705 1295
7158 9184
2762 9818
2249 108
9208 8535
9885 4054
1698 1633
3145 8137
1652 8050
9633 961
4461 2458
5082 4766
4682 1367
2482 8690
4174 5219
1971 4503
7010 2858
206 5753
9392 7132
8383 8852
8366 1953
3960 649
9822 2300
9974 1382
369 3520
4747 8368
3271 8100
9081 5455
3291 9703
5755 9830
2510 4230
6367 64
5561 4349
2797 2792
1842 7822
5842 4246
2492 200
6601 848
8733 7384
1679 3146
4816 3950
4450 9572
9203 9405
4105 9905
5279 2346
6772 1382
1727 9430
9351 2864
3327 6117
7876 230
5538 6465
7688 5291
3257 9078
9967 280
833 9049
679 2251
592 3598
1503 3000
1239 4347
7633 3034
7319 7279
607 4419
7579 577
6417 2494
6522 5710
7343 9871
9890 6732
4392 3378
518 4185
8404 8002
9021 6291
7866 2700
5384 1479
6529 8656
9826 2501
2953 7797
2322 9354
7266 8089
6944 7738
9665 4215
7795 7442
4498 1667
6783 2797
316 9807
8918 3272
6602 4000
82 1438
3734 500
9960 8046
2915 7879
8358 4629
9699 4402
3167 1374
6797 8010
6174 9408
8832 5727
8203 1111
5318 825
2369 9490
4704 1256
9880 819
9327 3074
5493 3340
9750 1510
6660 3157
