5677 4504
3586 9719
8873 3435
1089 5855
4398 4879
5933 2607
8651 5392
8714 9353
1071 4909
2191 9611
2834 1004
7069 2022
2773 7178
9584 9169
9197 4737
3494 5133
9002 3356
7982 2484
8591 6148
1657 8186
9628 6448
7921 505
4780 5078
3818 5253
2038 5408
6931 1825
1830 5765
5154 7312
6714 2955
9295 273
3963 2204
948 3710
6044 4067
2721 6147
6565 4700
3397 6219
9436 2306
3200 6050
7306 7764
6128 7177
4873 4321
8354 760
4380 9532
8027 2359
1339 2047
791 5122
7448 4762
7930 2152
4106 7919
6311 8454
9187 9607
2176 2175
9085 7350
499 9068
2608 3606
4721 9268
9585 1760
1161 9081
9212 7742
6364 270
2925 2177
9512 9840
3750 6204
7848 1057
1832 553
9889 947
9832 3297
400 4597
5542 8395
6485 258
8858 3372
9463 9687
326 7680
1972 2170
6974 9413
3502 8246
1955 4509
1186 4115
3226 8925
6929 8721
1014 4999
5435 4549
2761 8145
8028 3017
1740 9796
6359 4984
1083 752
3691 6043
1464 9543
3333 6256
2356 5218
4011 1720
4459 2541
8785 5804
9148 5011
3281 7953
9687 6185
8361 1997
9560 3183
2460 5388
5543 4978
8305 2960
2709 2580
9424 7796
8555 3737
5075 2401
5243 5916
7114 6804
7790 9152
3252 2277
1466 7511
1839 934
6935 8222
399 2258
2505 8322
681 9841
8066 8136
6075 9176
7544 3510
2135 1217
7480 7982
1646 9606
1632 1743
3280 9886
2915 3687
6098 1143
9462 821
5023 9043
9803 1102
7746 9346
2162 6823
9920 8980
2100 4393
8744 1924
6538 2204
3367 8758
2144 8195
8188 2485
3111 8016
868 8629
7233 5936
3991 7048
238 2363
4376 4987
8588 739
7187 2326
634 5110
1383 1223
6194 9428
1817 4857
331 9506
3989 6499
1526 9024
8073 2381
9149 7731
9278 9065
8474 2653
9644 9282
8358 2264
3718 6556
3590 3079
1680 5063
9411 5426
2819 7850
1444 408
2670 3561
437 8347
6103 6740
7772 5306
1550 775
257 6272
2948 7569
6256 6236
1092 5901
750 265
5879 3980
7944 2407
227 3254
5638 1756
3172 6113
3383 6120
5254 2249
8729 7318
5414 1611
3691 534
9481 9065
6159 2832
679 9095
4152 6951
1445 6786
3082 1195
9417 4782
1746 3673
9314 6223
8419 1332
8432 5679
5567 2198
1611 9097
4842 8182
2135 9096
3300 9634
1133 2784
3573 6772
9732 25
9138 2228
6790 5961
8231 1474
5285 108
2859 9253
5229 474
6270 206
1889 5102
7223 119
4594 4660
8678 5819
2406 753
4237 5842
1690 9191
3343 7546
9382 6844
1721 7164
6066 8868
1837 8133
7413 7698
9281 3911
5301 8234
943 4251
7579 8027
3910 2645
3084 8415
6868 5088
9818 648
6411 7239
9918 9184
6205 5434
6741 6732
2656 920
5762 6910
9112 8808
4385 5761
256 4801
566 2784
1265 9004
5643 7444
2605 2166
5649 6890
4100 7387
3318 3207
826 9141
6254 4903
583 8738
3314 7324
3184 1115
3717 3173
3144 6015
8084 3280
1627 8804
2219 7979
6502 2499
6971 7685
2813 1833
8998 1522
8082 4136
5924 9537
1600 8927
5295 3692
3697 3364
3311 2765
9734 3942
1720 1503
5604 2037
2903 274
5185 979
4196 9669
9827 2107
8098 3036
6968 4996
7891 1751
7274 1588
4440 8119
8452 8727
592 9843
2731 7233
5776 5598
6680 2680
1201 8703
4066 7995
3447 4549
3332 3587
5628 2621
295 8713
8617 8742
5010 6042
6546 4368
4104 2393
5857 6687
2860 1820
9690 1827
2784 7798
387 4201
8111 5549
5291 1046
386 2946
5499 8811
3438 9358
2396 9891
870 9380
7068 9712
3488 7674
6207 4671
2035 1663
1836 5897
386 5235
5969 5698
4255 73
7131 5231
9565 4154
1111 529
8388 2115
8322 299
3933 8853
1867 388
9896 4176
4018 7996
7884 8625
3708 1928
6651 4281
981 5551
7213 7123
143 6376
4949 2095
2970 4560
9525 4120
74 9765
8281 1352
8527 3732
6868 5796
8730 5209
4819 2931
5161 3555
8801 6615
2194 9097
8741 5428
8661 6612
5553 2339
8479 258
4621 2166
8557 3876
5918 8313
1642 9148
8145 2180
7911 9591
4687 677
1654 6311
1866 8439
9091 9905
2871 5642
7469 5999
8558 3446
7716 5533
8221 6284
6248 702
7112 3537
7841 9373
6575 4788
4232 4678
103 4795
7211 671
1351 3284
590 8181
8062 931
8625 1015
6759 6059
9189 3269
2685 6493
7349 4356
216 9931
8823 169
2268 4477
1659 1634
6014 8048
7700 6789
9446 2847
3061 4409
4606 6347
5272 9417
1223 7503
1717 8272
8695 5786
8079 694
1646 8768
8123 1539
8016 5781
5761 5564
1765 411
2421 8872
9658 6490
5376 3718
1207 8545
989 689
1092 7394
9285 5367
8551 2898
550 1873
6577 4102
6491 3888
9929 690
4063 5015
9498 7806
9819 1712
6613 6483
3990 7432
5519 3919
794 2140
6818 6716
8224 6418
6913 5644
1343 4570
4962 2402
5163 9240
3790 5259
6942 4116
8954 305
1201 7062
822 3653
7598 4817
84 6396
6270 2689
5679 1038
499 1815
8572 1386
6867 7446
2672 3156
7343 8254
628 5051
3380 3070
4636 49
2341 7905
9735 5859
8435 3901
9673 3636
1110 8387
8718 8081
598 462
1774 8281
2632 2534
9837 7218
397 8423
5720 6829
7235 3791
1036 6173
960 6469
9522 8004
3128 5684
3761 2452
374 6350
1900 5804
5026 7718
9026 198
6675 4749
4561 5246
4754 652
8005 3769
24 3728
7283 9234
8126 9026
2054 7334
2849 380
8051 1378
7390 9688
6116 3798
6533 9588
5070 6294
4239 7321
5487 3361
8283 798
2800 6851
2211 8105
4593 9099
3545 3938
5978 6456
9074 4251
2051 4202
1843 7120
1249 8766
8485 2819
3272 4378
9856 6122
2566 8854
9582 1451
7471 7446
7381 1706
9077 1998
9618 7331
3463 1185
5393 3344
5855 5
117 7197
3319 6500
1275 3719
4575 5114
3708 9964
5115 9765
7082 1516
7833 3400
5992 6314
7893 5058
8388 1414
4620 7015
7300 9154
5711 7216
6666 5508
5661 2289
9454 8928
447 4363
3091 5523
4448 6158
1922 4795
9306 4379
9894 9551
3414 3639
2322 1246
7853 7421
8070 8327
8931 7958
1103 5490
6784 1553
1042 9334
214 3558
1515 1614
9860 9250
2636 3583
6441 7107
2036 8362
1112 6357
9782 3952
3680 1195
3727 2176
9172 5467
6017 9550
920 2196
4274 9641
9638 9208
6765 1833
6372 1438
978 1456
142 5831
7993 687
3789 2509
4880 7510
9086 7580
8208 5696
7713 9458
6363 5949
7210 5129
9801 5553
9843 469
2068 5240
7505 289
2371 281
7741 7270
605 6022
1554 9488
5019 4469
6426 1297
9797 3334
6720 2245
1463 5407
8260 2970
5112 5099
6979 5042
5151 1119
3567 6790
8604 8238
3434 8575
4715 4144
9145 8817
616 4286
5411 8046
7222 4982
2166 3714
4087 2549
3054 7678
9221 2112
3591 2959
1743 3503
6458 2786
6518 1228
8590 2330
3423 6726
8171 4481
6360 2063
8097 3918
5719 5707
4353 691
6021 3479
8903 625
4246 4329
8142 6289
1033 882
6243 6487
4780 5427
3871 9311
9815 2112
6158 2996
6308 1227
785 5101
6892 9391
4311 8636
5181 2955
9814 956
9787 3555
7005 6393
6028 6172
9352 3148
30 4889
2630 3834
2492 1326
7132 5688
1008 2738
7752 1951
1678 7014
9729 2753
6445 881
9446 5034
1427 4852
3335 6015
258 2442
9642 8679
5835 5600
9298 3491
1901 6038
3222 4793
375 8702
2881 7259
6295 9976
5379 133
630 6172
197 62
2572 5662
6154 1847
3400 5041
5584 1820
7424 6536
7249 4108
4968 3508
1825 2719
1700 1559
9110 4541
3547 4865
3760 8515
6282 2343
5986 6407
6763 5921
8216 4318
7742 9710
2504 7855
6102 6667
938 3361
9072 7437
8593 8493
7256 6296
8006 4531
8684 5965
1457 8693
3351 2969
8592 4866
7949 4641
5565 8721
4978 276
96 2911
2073 4564
3985 9877
1275 4674
8404 1215
5175 361
4135 9381
2477 856
1624 22
1354 9937
4339 7206
6056 1518
1837 4690
1786 4353
8247 1737
7603 9304
3123 7296
4418 7979
1766 1816
4483 3322
9512 6965
1904 3576
6704 7735
8049 9217
2534 741
7592 1825
6218 6138
1445 8481
4284 6547
3486 7840
3144 7463
5902 7968
3560 6202
2390 9467
3445 8658
1023 2253
5778 3682
4098 1504
7594 5951
3998 4644
5707 5853
86 4560
5023 8575
9363 1520
1762 2467
4759 7160
8050 9297
1944 7430
3109 3964
6221 7031
3676 7506
6937 7143
4765 2179
2781 683
2281 3151
1157 4685
880 8662
6231 1636
3916 1463
9884 4419
4794 98
4649 3403
5508 1280
8077 9061
44 881
1442 861
2092 885
4089 9780
968 67
5409 4490
927 7253
711 7199
4629 1349
7118 9499
9505 2791
4412 971
1005 3293
4211 6666
9000 5776
6758 7857
4574 5315
81 3287
8746 4334
1411 806
6109 5039
6030 6471
4318 3554
3578 830
2246 7681
6883 7870
9108 197
9045 9017
6274 9176
2521 3176
5300 9466
1564 9322
3027 7740
401 6917
4309 8599
9752 6292
5746 7346
4317 6420
6489 6459
4726 8513
7476 1609
8569 4899
7456 6879
5329 3262
2217 2286
6379 4882
819 7376
5102 7352
3614 4950
5719 3209
254 389
7651 3468
6625 2002
519 885
1845 7246
7632 4161
4319 5090
6473 2364
945 1806
9652 9465
7750 3305
1557 9387
2974 8492
5135 9984
8187 6643
7474 3515
3325 6320
5218 7344
9621 11
1313 8292
9128 303
9775 7500
955 5529
1008 6335
6466 9708
8311 4889
2209 1594
2276 7590
3178 3426
9358 2556
8243 3150
4889 3440
7954 377
9913 4820
2633 6736
8023 3149
4180 8246
9361 5759
6807 6387
3990 2900
9970 5136
5213 4310
2442 4785
1625 8073
8070 3937
4944 1781
9888 1467
4471 3020
6497 7316
2453 7308
1712 7077
7550 7880
2897 9987
2457 321
6256 3452
6561 5641
2786 645
6608 5321
5711 6335
9417 8067
6163 4237
6608 3281
45 729
5517 3218
2166 2687
9155 5695
1217 5926
6108 7260
8274 6532
6534 6506
7155 1073
1782 6441
554 2722
1094 6895
1819 3357
8223 2669
1968 4941
8679 2502
9110 5128
5854 1254
6031 4316
5153 451
3222 4390
6939 6234
2707 4603
3714 2985
5995 7642
1570 7441
2506 8161
5200 7340
4398 6470
9941 6351
4970 6780
3167 8259
68 5201
2657 3806
1060 4181
6236 3365
2052 5520
8233 1826
1898 5218
5365 7968
9374 2080
2833 8952
410 2671
1082 47
1196 5623
4347 3697
6867 6200
8640 5554
5453 2272
8735 6722
6675 9818
3209 1975
6045 9198
1882 1417
4613 9342
5930 6154
9449 9665
2855 8725
3668 8850
1254 6127
5230 6962
956 4727
4718 9044
5974 6675
9084 2071
2013 9713
8424 7437
6227 3796
3693 9600
4296 8669
8478 6208
8168 321
2437 5244
4868 5278
4964 9217
307 2101
9615 9655
619 5252
6358 726
2391 1283
5278 4230
4500 7108
5594 3385
2773 1507
2700 8290
7168 6079
894 4874
2405 5466
9535 9037
2263 6176
5288 5598
963 7643
6082 5446
4214 5359
2189 5134
2310 4525
288 7158
6461 3209
9916 767
4954 2831
4942 156
4893 3322
6755 4742
247 979
2714 8438
4279 720
1248 8673
8202 7648
4293 3043
1891 5956
4688 938
4440 4440
7039 5587
3026 726
2285 4181
5777 7908
1063 1868
2399 7260
8442 5747
9875 1934
7961 5114
1167 7582
2085 5500
4168 255
7590 6771
4138 5933
7893 263
7488 9158
2721 3064
6588 3099
3931 3112
6508 1617
4216 8501
4948 6872
8174 5112
4549 7113
4012 1884
1468 8883
9406 2244
400 7852
263 1344
5784 915
3315 5244
4909 9804
9754 3876
3288 1307
9820 2042
4323 2826
2996 6482
117 6214
5787 1983
9065 7052
102 5052
2081 9303
