7776 5718
2779 5707
2785 2976
7687 8565
1463 3933
5120 2947
9780 2445
582 4672
7390 5593
7026 8219
2634 3077
8420 168
2720 7136
3299 6137
3586 9501
6664 3139
2590 1649
7350 6921
11 6894
4971 3324
9444 9099
8929 6829
9206 312
4539 6585
8511 9178
2638 6973
6008 4620
4624 9700
4932 3164
7073 7124
5418 9114
9877 6370
2021 2687
3613 6328
4728 1769
1054 5887
3765 9744
3759 627
6116 236
5523 3696
7549 8085
5405 1968
5474 7740
2290 9557
6062 9107
6790 1498
9933 625
5876 5792
4424 3484
5670 1180
1825 4367
8377 3993
7446 7986
5969 1769
6183 6284
5064 7676
7160 4076
2596 7076
726 9740
8714 1729
6340 740
9456 7064
3054 463
8196 8627
8783 1178
1287 3507
3905 3798
5248 3519
9259 662
8158 2340
6368 7062
2759 3005
4592 4655
124 9321
5592 9775
5582 252
101 6669
8743 8605
39 1756
5556 3344
9010 4595
2392 5158
1275 3697
1364 4447
2412 4578
4242 6787
5470 7140
6832 75
1173 9473
3087 4616
886 4626
7745 3556
7925 2272
6815 690
4797 3816
2967 9219
4763 7653
3575 8434
7540 4815
1390 6183
7719 9957
7129 5216
3858 4733
8331 5263
734 3889
7109 6643
1277 6130
8421 5904
4364 3690
6247 4342
9589 3672
2841 9723
243 274
3721 2511
7308 3054
2132 8482
3359 8459
3257 236
7350 8687
3959 8474
9927 3104
5887 2383
7815 9338
3712 7398
6166 1499
5283 9124
3543 7804
4967 638
5793 9453
4970 3922
7853 9688
1680 7740
2348 2657
4956 6374
7716 5545
3789 8896
4201 2347
2988 8558
59 7956
1712 4040
2843 8690
2928 6430
4936 8210
4165 5593
1082 3752
2875 2557
6409 4182
5733 5974
6995 6334
6300 7267
5362 8683
3569 6193
8015 9502
9369 2828
5557 6811
8637 2699
6757 8991
5153 1969
4787 7571
971 4887
3153 6096
8565 3962
8830 4562
5652 7821
2112 8975
9108 7809
7555 9020
5263 9164
9144 5066
8535 1352
9097 5377
6666 8688
2316 2057
1552 1487
6139 8765
4295 6284
8242 5742
9162 5289
6418 1479
6636 709
8811 9680
941 7743
5365 1268
6116 397
9615 7505
3031 2360
2683 4828
1307 180
9962 227
4766 4064
7935 9613
6288 6088
6846 2663
8036 1757
4322 7262
2131 207
9235 1149
7876 5969
9826 5123
8682 4429
9445 1161
7020 4411
6018 1865
6294 6132
5152 1299
8490 241
931 4399
7148 1685
178 2857
6824 3997
8659 7156
6717 625
3165 57
4345 8156
6196 2238
9648 3838
7720 9498
8144 4542
5865 7378
6291 3298
6661 7623
676 6404
4195 5407
5286 9864
5469 3696
6676 530
8019 1806
9566 7546
3706 5146
907 7141
7697 8048
6557 8404
5392 4902
9089 8399
4642 8941
2639 8701
2098 7216
4648 9431
3743 8081
6905 7280
5478 9600
9443 8723
2931 2199
824 4101
4343 9523
887 1933
8534 2179
64 2632
2599 3739
1918 935
5531 9405
3602 6912
7455 5578
5204 1751
2854 2241
2587 5637
8133 9328
3615 2057
1476 1539
492 9493
5721 5586
7828 8002
3734 3491
3751 5030
2576 1386
9394 435
758 217
2932 1624
8076 3650
7260 2403
8613 4866
9245 3239
9897 7477
6790 4352
6743 4104
2348 798
4897 5781
4364 1768
6021 7231
5103 5458
4123 6508
5316 1088
2385 9163
7368 8123
285 1794
2481 9685
2533 7819
4061 2674
3242 501
7790 5173
4302 8936
3427 5356
8278 1275
7150 458
7836 9782
4141 6927
7595 218
8799 1909
3462 7439
7480 9952
7975 1346
9411 6485
3226 2669
6169 790
1757 4800
6862 9648
9275 9830
5859 9592
5258 2990
9787 6189
1216 3816
4524 518
8482 1691
2020 4963
2165 9404
426 7167
9373 4057
4273 4468
3979 4631
9053 951
6439 3787
6919 4262
7117 5926
1724 9039
663 8435
9152 277
7030 1475
8913 3905
5721 3334
664 1443
5420 9295
4751 1203
9751 5048
9275 7864
5254 5425
8261 8716
2863 119
1728 9485
3842 9
7078 7475
2176 2192
5053 3924
9155 2812
7385 9023
2222 9864
8777 5935
5293 3855
9867 6732
6649 5295
5487 5183
2794 7279
956 155
7403 9522
2192 5407
8287 3350
2200 5820
5740 5871
6851 7447
9238 1119
4210 3106
596 3108
4339 6818
2890 8609
8909 5159
929 3047
9359 9019
6005 4501
563 8184
4263 8470
6074 4274
5998 5505
4175 5856
2191 7179
7540 5150
3743 1510
7077 2376
4588 5968
8348 4374
1748 2433
2235 815
8266 350
2332 4381
978 5475
3751 828
9178 2004
6381 1581
9604 794
5185 4443
2877 3638
3336 4497
6498 1081
6090 8838
5215 7668
8930 5120
3956 8604
4984 378
5019 871
8028 2131
2168 8466
524 568
8865 7992
4989 325
2598 8985
2371 8041
2593 7595
9728 4284
8261 3526
42 3130
5001 100
1436 7842
6901 4978
6517 8515
2896 3504
1108 8450
1396 711
3066 1077
9667 4561
5639 7110
120 4980
3573 6881
6825 2387
6599 4032
3497 758
6061 1256
7334 5798
3296 8846
7421 3007
9561 2553
2631 7594
9085 9138
2540 766
3355 400
6024 2736
9923 3288
8298 3280
7760 6238
7804 5270
3863 7271
8302 6143
1537 6722
5703 448
3647 5581
521 1070
9636 1791
6313 2885
7940 6003
7535 7303
9885 8605
8500 469
3728 1392
3708 8282
3429 9886
3771 6089
6298 2305
3028 3590
4709 7605
6797 8955
6083 6570
9240 8406
9702 6073
398 8564
1975 7218
556 2778
5765 6330
5557 7132
9048 4126
2520 2841
7850 6451
6597 4995
5850 9361
1787 7392
9905 7674
8528 1092
4271 1505
910 1130
1633 2133
6516 9558
6688 2791
4617 9648
1369 5029
2324 7206
7618 5479
8263 2496
44 2294
7383 3792
8871 3783
2962 32
2951 8413
2551 9984
3676 8385
4859 8139
9509 9242
3009 891
8971 7469
8698 1273
1683 2243
1722 2323
2517 6309
9918 8365
5034 6304
8798 1357
1346 5366
4042 7372
113 3456
5521 8427
3487 2428
7051 4986
978 7154
4952 265
3228 5159
3864 2768
7148 5783
5767 3558
5887 2625
3090 9075
7518 5698
5082 7280
540 9765
5344 2315
177 5472
3102 5500
3429 7085
8161 3793
2131 275
5547 911
4662 3932
9328 4991
1456 6770
2919 5109
7826 374
2021 7854
3640 1778
6138 6351
7533 8440
526 3432
9007 9186
3592 7762
6532 8055
3758 270
4121 3821
3340 5602
1942 2250
6213 4417
9552 3364
2458 303
4204 9710
9550 7743
132 6673
5658 2532
2307 7846
6375 7952
1416 6259
1419 4963
7307 6484
7229 8459
6097 1533
3659 493
7734 5496
5682 3416
9274 1135
1944 6056
1645 5330
1052 8390
5226 3754
3526 1563
511 2862
6322 8737
3263 5396
1324 5944
6540 8455
8198 1565
3410 9078
4590 9500
9543 5246
8848 3224
4442 9976
3208 6676
3746 5549
4229 8370
6823 1365
6531 9866
8527 6536
7232 888
7951 9464
9125 3748
7543 6049
921 2398
5316 180
5317 9273
1169 6350
6215 9480
4691 8522
7437 6816
9941 2588
7388 8934
1367 7013
4947 2126
8062 8448
492 7458
2890 7330
6791 6827
5604 6334
6620 7099
8010 5859
3357 3862
9719 7216
4991 521
1260 9568
833 1589
5165 9479
1640 2300
7255 2823
4903 6112
98 1968
5985 5656
1639 4854
859 2555
7928 5669
4139 2641
6833 4518
8516 548
8068 9640
4845 6578
3260 5264
8199 275
5225 5683
5066 6327
7401 9246
7408 9291
8701 8623
5026 3522
863 1
4977 1792
2645 2991
9992 8613
9548 3319
1884 6750
4773 6772
9576 9352
3828 6580
7437 8787
2507 6954
5967 7482
3774 4947
3609 347
8376 7327
5693 3423
9048 6439
3451 6173
9676 4230
2363 1467
4345 1582
3968 6148
9668 766
9358 3049
2810 5607
9165 3739
6166 2273
9321 11
9429 7800
8577 2099
209 7814
9317 6703
6730 693
4857 7797
9355 3800
6454 3149
5807 2707
9632 6768
95 6058
1498 4508
7763 675
1644 6684
4748 4387
1635 3896
6516 7418
7092 6962
6940 1357
4553 4920
5541 1161
6916 7574
5942 8834
6564 4796
2842 2130
1067 4151
1103 7507
9284 4327
3453 8072
3828 8720
2157 6400
9655 3450
3576 7724
822 7814
5320 8364
9214 5250
1238 5562
2939 6341
7112 5035
6840 2552
9276 7814
7227 8167
6112 7748
1148 6445
9464 8907
5829 2317
9469 1966
7954 2118
4163 721
1547 841
7188 6082
3356 5871
9593 9358
6815 8736
2820 119
8430 113
31 9593
2560 5021
1467 6286
1856 7654
6605 9960
1681 746
8069 8521
3150 1210
269 2688
2667 7488
3087 9900
1640 3576
563 7332
4889 5935
7772 3039
5863 4943
8531 572
2170 68
5334 3330
5675 2592
2595 5589
7787 917
9603 2663
4651 6821
2361 2574
3053 3764
1469 5605
3265 2932
6120 4952
6706 2746
5225 6366
3906 6616
7967 5566
405 1016
8045 9127
1414 1621
376 6869
6794 9421
5161 4875
7091 5256
9241 3578
232 3556
6543 4364
9960 7148
4326 3313
1421 6184
9109 1038
5877 8000
2219 9487
9299 4465
3962 8105
6251 3084
8789 2944
8095 8224
4771 557
9478 8973
1964 7061
7004 8182
1496 5651
4551 5609
5287 2415
8492 3284
2597 2043
9828 218
1564 6867
3794 4773
8166 5628
4374 285
931 4525
5729 2016
6676 521
2843 5275
5 7237
1769 2734
3155 9513
381 9536
689 2810
8967 6442
2510 646
5665 7451
2751 8765
9449 1571
4026 2481
9475 8770
4033 156
7469 8438
4218 9493
3083 3982
2010 6764
2736 7838
9891 5081
3212 3970
261 3534
9365 936
8477 674
2892 5635
4142 6774
3270 3040
5082 9070
7085 1345
7403 3485
7186 4805
6081 3587
5560 9235
9401 9810
7241 3978
4849 2293
8302 585
3899 4397
1983 2711
3279 5130
9349 866
9862 4299
2433 1125
6885 8214
4086 5299
9772 5401
225 5895
8381 5427
8589 1463
9962 994
8687 1176
9237 1489
428 7764
3933 1242
9299 9980
5305 8892
8258 421
5700 6133
7891 7183
7999 6971
6066 6531
1430 2663
7666 5753
451 5134
6397 1576
5228 5032
2064 3558
8835 3185
636 8845
7723 6315
2849 6870
9722 3128
5429 975
7878 5349
1388 3451
661 1152
7311 5298
8479 3991
4661 3468
4690 3357
9461 5194
1851 1013
2844 9074
1410 4547
184 3568
3231 7224
7570 9809
1294 8584
7213 4798
9670 3653
9512 104
4138 7923
114 1959
9787 3
5390 1665
3858 6653
1007 6240
1949 1739
8595 8769
9629 538
7372 9368
769 6504
5035 4333
4360 7529
5950 8021
5817 6716
5984 1590
1037 2998
9539 2235
5828 4047
7877 4116
230 2360
9971 3449
2873 5043
6293 3451
8314 7278
539 9156
7668 2036
7351 9587
9250 3369
2198 3559
4072 9735
6925 9387
2281 3932
6644 8256
7012 3886
4841 3132
5383 3126
2935 6688
4330 7160
6436 8015
2238 5910
8926 6698
6041 2694
7708 3702
3173 1477
7098 9736
4268 6466
1033 9308
3439 5538
641 9596
6877 1613
7306 7913
729 5903
6074 6742
4153 7964
9444 3767
99 9988
7109 9990
78 406
4068 8191
1165 9221
6437 903
7902 6885
7709 346
8408 6527
8687 8018
7583 2852
9519 1976
4396 5147
3070 5745
6999 2275
5212 2307
3511 4495
7742 4305
6880 2983
1613 2271
3385 9866
2099 4633
7480 248
9110 5509
2398 6665
4644 5704
783 2465
4731 9404
6542 395
1764 3805
6126 9485
2294 5153
8154 4856
2817 8339
845 6256
4232 8645
6368 7170
9362 4637
4150 9433
3802 3065
4081 8259
7982 9490
3629 5232
995 8676
2426 6712
3456 9242
8460 8897
5139 1521
1430 8537
6280 3821
3674 673
7376 333
8443 2999
1031 8274
3250 1472
1818 3091
7651 2677
2061 7398
3187 661
8671 3352
2674 521
6513 2241
143 8577
2855 3758
1423 8629
4007 2840
9520 8881
