6657 5007
5457 6712
247 3016
4562 365
5851 426
8556 9920
7410 4595
6073 4396
2844 9205
9068 159
6154 6805
1144 2751
966 7911
3051 7399
93 547
3565 9228
3348 6138
6483 8220
2744 488
206 5303
6905 1067
9938 6700
6482 202
6268 8130
6059 9748
511 8524
7821 5257
4337 821
7293 3666
3202 6937
3280 8819
3516 704
5342 7627
3252 5307
1061 4551
6824 9169
4835 8900
3429 1583
7833 8488
8056 2229
2500 480
438 9683
5268 8861
5347 7376
3488 5851
1449 1253
9075 6168
8304 7491
9738 4642
844 228
8205 4933
9113 8444
819 8491
3518 1104
5331 3781
7897 7441
1326 3097
5492 9199
4329 4230
6127 6645
5094 8935
252 1510
8187 2926
3413 2884
4185 3960
7255 9812
5658 503
5216 5151
6521 8108
377 7977
8699 7438
2776 4736
800 8952
6307 4606
3667 1372
4958 8284
3407 8735
2077 4930
8334 8712
357 4180
897 7677
2238 9305
9139 9274
9633 2827
4345 9918
5098 1392
4055 4921
1093 5387
6158 5021
8448 6534
5755 1557
7227 606
4575 6537
9949 8146
3090 1149
6846 3402
7953 7950
7345 9172
3326 920
3480 5500
3188 9111
1868 4152
8225 3256
9931 4947
8422 668
1024 4690
2900 9191
8467 8196
4771 6880
2068 1121
7401 7896
3060 3433
9563 6888
7989 7830
4103 7205
4166 3123
5916 182
2483 7236
1352 9345
88 160
191 148
7067 9015
5512 8887
598 17
3102 2635
687 3030
660 9753
6539 5062
5514 2102
8663 2145
6458 9161
7191 2643
6093 6872
2624 3348
335 4300
7124 6280
3471 2212
5591 5812
4713 52
9920 4887
9613 3939
5643 1585
4110 2792
7620 5854
5728 5563
4309 4327
1997 1566
4291 1317
4464 5476
6546 4318
9961 6477
5861 8617
4147 615
4296 4016
1643 1064
1632 2030
5714 821
6842 37
6639 929
9926 9609
8109 7858
5334 5373
2653 904
9729 1010
6288 9833
3138 5437
7394 907
7647 5192
343 9859
4521 1441
1609 8127
1122 9579
6238 9239
4605 8579
8096 483
7854 2482
6850 8770
3156 5926
7951 8953
6101 1683
9392 9643
4148 6923
549 6637
1739 6992
4636 3630
1615 2630
6472 7139
592 1686
2057 2901
3587 3619
9934 1555
4482 3013
4376 464
8075 1869
2127 9457
7869 5291
5793 4976
2194 5238
1027 270
591 3400
7022 2661
1431 3472
310 53
3825 2017
7909 602
4492 2240
2340 4253
3889 5276
1141 8797
4861 8648
3525 2107
5278 3403
6019 6320
3752 2987
2473 9623
410 6041
1859 5405
2936 9673
4680 3821
6129 8732
565 7113
9641 2470
6339 7694
6795 8270
611 7687
5433 3642
4447 2551
3613 3569
3958 9030
18 2057
5594 8038
8481 6317
1092 5674
6079 8936
8183 6694
2834 5507
8585 9514
1068 2929
1146 1804
3869 5184
7035 9391
2615 2001
9474 6425
6910 4018
9228 8130
8746 1895
5476 5382
2240 4456
9532 5957
1922 9530
1271 6692
947 356
9131 8057
9785 1250
4388 2574
4224 5006
9645 2469
6686 8456
4647 1655
7321 1332
8319 6062
7181 1818
2975 9663
5209 1580
1523 9370
3246 788
5883 9066
8658 5748
2482 3420
3071 2148
2780 4966
8269 3013
126 8357
9168 9942
7550 3107
1520 6197
9497 7826
3628 9559
5163 2412
783 7213
1241 3589
7050 8896
3519 6498
4483 6705
8699 9620
9989 4814
4080 4398
5210 5695
6141 811
1896 2813
386 9852
1801 5680
261 2933
2728 2981
5751 6865
2920 1695
4305 1675
6872 7
7592 3817
4121 5993
1509 7577
4988 7547
562 4674
3698 3166
9213 8352
340 8016
6807 1808
730 4061
1338 8976
9246 7185
4843 4327
4917 9607
9231 4054
8640 5572
5169 598
5550 4461
4028 5975
1291 2653
6090 4090
1410 4209
669 9049
2757 3073
9352 9040
3039 2132
8714 5920
9794 7071
5111 7999
9418 8883
8192 7405
6871 2138
7149 242
847 480
294 2899
3036 4449
8038 6110
3007 4686
8041 7791
6729 8639
2239 5008
5274 1181
4704 8332
1064 535
7719 4514
974 8003
5711 8666
7040 1575
3663 5671
6845 1222
545 833
3362 1256
7978 2397
1336 9742
8845 135
976 8947
3664 9328
432 8537
1927 8221
3562 594
5027 452
838 4172
7857 3486
7079 5841
3673 9204
869 6071
1040 1761
1583 3266
1436 2759
5077 3981
477 4437
8848 4256
9378 4971
3770 4608
8452 124
5009 7666
6247 2828
9860 8627
599 5870
3702 5174
6882 7141
8446 2254
8454 6819
9455 2727
7770 5284
2979 1929
4289 4881
9232 1699
3330 9339
5181 1648
3600 4107
8867 9254
8806 5523
8262 4195
9040 2764
6744 8514
7393 8480
462 8176
9691 2620
810 9498
6173 8817
154 3178
1119 8304
7960 9611
379 2955
411 451
9185 7193
4138 5051
9350 2602
9127 7509
4743 5817
8924 7565
6107 3540
7222 6271
852 3647
8874 9485
461 148
7062 189
6510 4713
1089 4035
1334 7333
8817 5185
8701 810
9058 3042
3792 7514
1807 9122
984 427
1883 300
4388 2575
9883 7599
7477 4909
8477 7746
4686 9052
289 9254
6891 7236
5307 9183
929 2096
3192 4870
7067 8476
565 9045
5490 674
3587 2583
4307 4918
652 8536
6442 7928
4774 5591
5778 3435
5194 3070
8983 7284
2008 7480
7318 2887
7515 9591
7456 1181
2092 4942
2260 8190
4949 320
4580 9677
8150 7779
8816 4865
9791 823
377 269
530 8702
4200 5033
7304 6825
327 9901
1253 5926
7432 2287
1233 1496
2197 1009
8649 6238
8919 9716
633 8462
16 5330
9126 1462
4094 1064
7916 3463
9149 131
323 8404
7362 479
5028 8956
7618 2228
9441 3053
1164 2278
6594 5597
8495 9749
5978 7986
6623 4311
9746 7702
5422 6413
9795 2569
2415 3210
3675 4279
403 1130
9546 7446
9075 8321
4738 4458
1551 8794
1019 6671
9557 231
6794 3708
1509 840
8206 8316
2193 6347
9841 7387
7261 5132
1029 459
1743 8138
9379 4645
2602 1711
4417 3715
2560 2293
2567 7403
434 3048
9342 140
7116 2941
2791 5212
590 7325
640 4103
9986 1441
7190 4846
4976 6666
7872 9373
6203 9643
1971 5917
4635 5986
1359 7841
182 5078
4623 4479
1979 5848
544 2088
7790 6145
7522 9478
9806 9205
3294 4599
9243 8963
9897 5770
8130 8712
7977 9334
8575 5741
759 8165
4555 8103
9306 4211
9115 6477
8231 6400
3970 1936
1639 795
7079 8054
4546 3744
6649 5021
2513 7342
2959 1086
708 4517
3622 4105
2373 2174
2922 5951
5101 7786
3794 3244
1296 6922
9170 7980
1073 4471
5736 2484
6198 4891
2549 5196
4848 2615
4863 9170
2807 9726
940 4354
1866 2490
6109 6562
338 6588
9469 2335
9881 6064
7313 9513
9556 2592
5999 753
2670 9614
7504 1474
355 7170
982 4723
4580 4710
2712 3552
5083 9813
2250 7249
9711 9125
7443 4612
9673 270
4269 677
311 456
2888 7991
1706 7362
8580 1730
6448 6657
2225 9379
8729 6959
1220 6878
8334 5455
2170 1651
54 1200
9778 2428
9710 6946
5682 2382
7644 8729
8354 5953
5420 712
4656 4327
5455 5938
9363 7461
5490 3803
9887 3077
7803 1295
3072 2896
8508 5684
4811 5047
4450 2465
503 1773
3359 6350
69 5136
9807 8908
1435 6724
6223 4277
2571 1717
4901 4525
5522 2302
665 9453
3373 8595
7538 6163
3470 6854
1314 7637
7910 731
3269 5899
7007 6419
8670 981
8838 5184
5384 7773
6318 2020
6532 8854
6090 2626
8575 3566
8997 2731
3304 6722
3633 4692
9213 5077
7966 7608
4061 874
1320 3119
4628 6554
914 4804
4739 2513
4048 5961
5326 3454
6107 5752
2088 1411
7752 6395
3339 7142
3880 1511
308 7375
7022 8770
437 3088
7004 9912
7064 658
2382 9957
3189 8686
2608 3005
9205 2501
7395 1808
6586 2148
775 1582
9095 5665
8480 1937
2274 2887
4036 3606
1907 6919
5942 8770
4984 2823
4779 2304
740 341
8677 92
4724 2106
6657 704
4304 360
8739 9844
2329 677
8258 974
9530 8348
5407 4606
6555 9995
8604 150
9235 5078
4581 7921
8115 7456
305 8829
4199 3426
531 6055
5941 3084
4807 534
1006 9348
4399 4801
9722 2680
7886 6444
6910 5453
1368 3814
1096 5183
1235 2415
6406 2848
1323 3853
9651 4217
9272 1622
1460 8
1062 6038
3767 8232
904 6406
9816 4956
33 2416
5852 7681
7094 472
1682 9442
5070 9346
2988 8341
5092 5678
5594 7137
1584 8159
1108 9248
369 2000
429 5523
4657 2133
588 548
4864 543
8792 7403
6385 7155
379 9109
6464 1891
3049 2646
5627 1673
8556 3444
4507 9921
5966 9522
1918 8780
7132 6976
1422 1565
9346 8557
9541 714
9048 367
343 4198
2844 3979
1397 9692
3603 9692
1409 2985
8217 5091
9263 1119
8799 2110
9455 6721
9131 6834
9590 365
3614 6925
5766 4697
16 1521
1004 3733
9379 3136
2643 8934
3167 8856
509 7336
7393 1042
3353 5544
7449 5202
6443 5763
6376 6442
1644 4201
698 5746
1850 6474
1894 7946
3788 1505
7260 385
66 9983
2164 74
9651 9467
9717 2240
1436 2766
7514 5178
7961 7376
5745 8548
1338 550
3852 201
4918 7443
6208 9283
2463 3403
3180 6979
6426 6383
2705 6484
5458 9225
8309 1381
5126 9002
8299 1584
1923 8643
8530 6634
6970 4029
5980 7402
156 674
7508 1796
4132 2578
5097 6763
4809 55
1557 3303
4176 6662
2409 2531
1812 4594
5640 6165
8780 1644
118 9881
7937 1757
5310 8021
2865 4704
5373 8407
3100 1947
1226 4358
9037 4056
1889 3536
1962 6133
4224 1006
5867 4794
1909 1229
298 6498
5696 2371
4911 4188
2576 1932
5492 7637
1282 8177
797 770
2521 1091
6809 7362
4159 1485
8669 4317
8553 9419
3746 4190
4786 2458
1163 2261
7971 5330
3645 5176
1742 9717
3431 327
9301 3968
8784 5974
9651 562
1808 8850
9630 3475
6303 8655
3870 2357
1246 6959
2297 1143
4469 82
880 8876
4133 878
2110 247
3194 501
5256 208
7421 415
4621 7315
3512 3934
1327 7435
7394 8508
1292 4177
9957 3722
7120 1486
9404 4931
1636 2458
175 9382
5280 2423
6233 6214
3758 1067
8935 8598
6121 8469
6208 9713
9265 6909
7516 9831
4647 7327
3615 3047
5900 941
7209 4969
4056 3040
8338 9341
7257 8804
5919 8479
4360 9371
3007 3644
9651 9497
3420 8245
8628 183
1757 7926
5849 4548
438 8650
4446 4422
431 3802
4988 9448
3628 9269
699 5415
8296 376
975 7618
2381 1775
8870 680
9534 9203
1971 3795
4612 8800
255 1751
7408 1940
3838 1476
2774 3345
5453 2824
301 7410
5908 8588
5426 1208
2583 1346
7811 376
9913 7887
2295 2330
5925 8695
4008 5525
7720 3898
1848 4981
6721 1194
4153 4595
4522 7157
4377 9593
8106 108
672 835
1683 4151
688 2527
8234 4148
5829 9620
1030 7254
5674 2894
7015 2315
8539 8878
8270 9440
7658 4779
3986 8008
6962 6151
525 3349
1338 5313
8073 4207
5783 2100
6994 695
4617 8396
5823 1756
4545 9676
6061 3131
4249 7690
2700 5455
653 1166
5167 8104
9749 6286
2551 5530
2921 3312
8424 7366
1945 8196
2253 1574
7185 1351
3369 4009
9541 3664
3291 3061
6211 4994
8551 5585
4963 3493
9614 3894
9882 4826
9849 751
3086 8863
4762 4331
9017 7542
7913 9575
6179 8559
3936 5955
8970 705
7197 1698
1897 5638
3105 9283
7574 9230
4905 5249
1556 3338
5601 1063
3450 7766
1166 8859
5408 2556
2944 6615
6439 9217
8687 5816
5549 7302
8877 8951
7410 7496
6214 6835
842 4720
1799 4942
2331 3386
3092 1808
667 7381
7007 4778
4025 6223
5970 6898
5933 9570
9413 9027
8920 5362
283 1240
4785 8595
1013 5308
