2748 2126
1989 4767
9407 1564
2263 6046
1993 8530
862 877
5484 7932
6893 8883
9217 6999
7823 8550
174 568
8123 5938
7220 9978
4366 1787
346 5892
4540 3957
6587 94
9583 639
3710 3817
7957 5028
2611 442
7732 6947
6310 7002
3562 3055
3304 4070
819 7586
7838 205
5401 5864
6446 8418
404 8241
4164 5879
4351 4487
4490 6355
2165 5581
7235 7903
6688 5382
7615 2024
1270 4251
2826 1713
4971 7219
4111 1312
8800 1204
6608 6636
9176 559
8878 7620
7411 1750
6474 4412
8845 4232
6230 1371
7828 2813
3892 6661
4883 8065
6794 8284
7551 6371
820 6155
2562 6853
5000 816
4475 5518
3284 2000
923 4983
383 59
8887 4802
524 673
186 628
6566 7374
9222 5244
6707 7490
1371 5659
7844 7926
2599 327
8763 6486
2348 4594
6817 3721
9723 1944
8024 8638
7799 6227
3737 6917
4994 3252
1688 1458
6068 2758
9463 1617
3478 6999
9528 4246
1608 6019
3737 6019
3527 6440
6067 2579
6916 6799
9777 1845
4147 1267
930 831
180 8027
2522 7945
7285 2397
4496 3452
5430 9385
5428 735
6611 930
4850 1504
7376 1899
9013 3831
2189 8452
3868 4634
2429 1034
9548 8398
1959 8333
7260 3691
7510 385
9286 8323
9463 703
8720 995
9339 7199
5722 9788
2509 5441
6717 480
8591 3785
7520 751
1677 9627
5344 4747
4759 8220
6798 1627
7441 9363
8074 1242
9186 7221
3868 5430
7114 3038
3707 1391
9359 7896
953 3477
8907 2826
3529 2460
833 3674
7431 4711
3725 4789
573 8860
5036 4356
6082 7933
412 2090
4021 7238
413 7249
8162 1133
1533 4332
6387 5568
3869 1665
7266 6918
6388 4635
5302 3204
3122 8752
6081 6685
3708 7760
5912 7033
2621 348
1873 6775
1104 5623
2432 7999
3561 1441
5196 10000
8792 3672
6327 2924
4849 8934
1728 2216
5090 1713
2940 3628
668 7170
9287 2983
9118 4588
8534 4511
9921 1339
7857 8583
8841 2782
5757 9717
2915 1668
8388 738
8072 3097
654 1352
4583 706
4655 723
6694 4336
9497 8333
812 6900
2904 5250
7490 2211
2369 4553
4694 3612
8769 8338
1948 7108
6640 3726
7152 8852
6693 7895
1999 7384
8148 9984
484 8709
6479 4196
8893 3487
7181 104
8314 5909
5110 9871
8257 7848
5062 7281
7449 3329
6575 5439
8606 666
1130 8517
2836 8597
6202 2969
4702 8999
7101 3801
2953 9292
5121 1818
4824 8044
5942 6777
8085 1921
2920 9470
5174 5598
414 5536
8990 753
8307 8210
79 1256
9948 7186
7454 7037
3561 8182
5378 8429
3816 1535
7196 7133
3827 1495
2959 7040
7754 6408
4907 282
133 4813
6294 8229
1764 8092
780 4762
5257 5896
246 5342
1141 247
3725 7826
1444 4455
9243 5309
133 8159
7791 678
5688 5178
7331 6720
5245 1269
6637 3873
2506 4270
6710 2712
3728 2762
8960 4738
2800 553
4555 6640
318 9301
1531 5103
4160 2726
4240 476
2629 4795
5400 1659
6354 9873
7529 3649
3276 8369
6880 4769
1541 3138
2931 4961
3941 7917
7536 8290
4841 2949
7346 8586
4794 4983
8050 7162
5830 8656
6000 4071
3263 5811
1597 8801
615 9004
4710 458
9562 5961
3792 5526
3872 6799
8761 6482
4727 9108
5986 879
2395 80
9231 4922
1859 8892
8208 557
1394 279
1952 3374
7624 4340
999 207
5169 8006
3491 972
1570 9952
2325 3454
2006 3452
6769 4693
6472 846
2967 3570
1629 7731
5463 9263
6179 8507
928 8882
5262 7119
7162 7995
7913 4559
7486 4221
4608 4635
5716 8094
394 2309
2095 7485
6725 7000
647 6288
6017 6328
1501 309
1112 9690
913 4892
9880 430
9987 7188
1597 5369
214 9394
8608 7545
9602 5863
4881 4475
5847 2033
3331 494
5474 5963
8947 8156
3739 393
968 4821
7628 9032
4676 8109
3891 3361
8998 7440
4879 5499
8255 5451
3620 5149
9501 3749
8445 5154
7755 374
7328 4722
8391 914
5333 1082
8367 7237
400 4493
2735 2910
4659 8310
302 2909
9783 5191
7113 1328
8109 2964
7200 534
9657 909
6367 8831
762 4505
4683 3427
2103 8685
989 5296
7880 8320
8833 6167
6217 3565
6370 9397
5098 9789
5714 6833
3861 4575
996 9289
7821 6221
3219 4715
8006 6461
7681 1503
9825 3586
7875 6642
4181 3891
2707 407
2009 691
9964 3057
2611 616
2591 8596
3224 8694
1127 1431
8521 3280
4110 4445
44 3142
2164 8729
8269 542
6671 5526
5765 4482
2209 7931
4126 3035
6569 2825
6369 1963
7036 9044
3388 4480
6001 2960
69 1656
9314 9827
1663 3470
9117 5380
7373 5674
9208 8438
6377 2984
2824 9913
2337 4446
296 2398
2459 8963
9931 6105
7788 3721
3740 1505
5026 2267
9128 6593
9139 2024
7073 2566
2819 5557
5432 9813
2443 8345
9025 380
6881 8671
9041 713
8552 2000
731 3616
4105 2402
6751 8095
686 3273
6514 6805
9964 2004
4533 4468
6643 5293
7863 7683
3510 2460
8240 2988
3489 8834
9113 2917
6701 1941
6970 7972
3215 8595
6236 5720
4796 5309
4121 1079
7030 2257
4307 6743
6691 8153
2458 3110
6630 549
5800 7849
4017 6875
7793 2663
336 6482
3172 857
4911 1079
4056 1631
9882 1230
127 450
789 2889
4879 1973
3608 2614
3254 7499
8839 5648
7732 4562
900 4155
2092 2404
1526 3787
4637 4238
9310 4166
7367 2119
7602 3467
9291 2760
6954 2357
6788 9013
542 9924
3094 4988
4754 2425
4785 7658
5113 1380
687 6408
601 4539
7599 2481
4436 1803
1433 1586
880 7544
5032 5001
1152 3497
706 3767
1986 1569
7585 2153
259 746
9275 780
2011 5377
2127 2702
5682 3894
5750 5539
3149 9886
9666 6403
2186 5426
7779 5045
2937 4449
8055 4085
2124 5152
1099 6984
1136 7523
7885 7751
2212 6017
362 9897
4135 4989
3962 8422
6455 3831
8283 6177
4831 8159
3695 996
2307 9497
8377 5575
765 8016
1148 3127
9687 3063
3976 7277
458 353
2191 8659
8982 6561
7632 4591
7475 5229
3707 8027
3926 3054
9387 9972
6031 799
9450 3397
6629 1392
6733 7106
2699 372
6554 300
9483 7661
8248 3316
7314 8996
9060 900
2390 4916
5408 3923
3079 1483
8828 4585
2583 5398
8940 8840
982 8378
7982 5992
8397 9455
1516 1122
2318 1383
3564 4302
6121 7224
7767 6306
3694 2619
4190 818
8740 8579
8345 6767
1180 948
2313 8836
6832 4949
2621 7787
1935 5662
4336 1045
7808 9606
2154 4202
5163 1510
2228 7490
3485 2435
9949 1928
6001 258
3149 25
2806 1190
3774 3946
818 8591
2680 8223
6395 4003
6580 6381
4590 1407
6353 3418
5769 9699
7739 8139
2762 6245
2281 3592
9635 1520
1546 4442
670 7220
4485 1730
4888 4313
569 6408
3741 690
7618 1837
6138 5159
57 9425
9772 1371
9351 7579
8192 6064
1063 4707
6888 2062
2939 4878
9062 758
3184 8927
6093 5825
2581 6107
1028 3460
7876 3900
7722 3861
9258 8071
4502 3814
5750 1627
5789 8350
9532 2251
7296 8722
6546 2846
1869 2516
7598 4945
4879 7111
6916 5060
4875 9385
5081 7947
4920 5077
6484 5827
584 3562
106 1565
8666 755
3823 4352
2204 1817
6407 8485
696 2144
1472 7460
1922 1605
3590 2071
4548 3566
7410 8393
1411 6255
2695 4849
2779 1314
1097 9935
3048 5813
2443 6986
3150 8708
9862 2893
4385 1890
2334 1905
4190 3443
6118 3257
3661 1100
9980 7838
8050 2677
3614 3935
2807 6044
3685 6087
2893 4750
4228 9496
4361 8236
5079 4506
5980 609
4094 7670
7019 5194
5405 1733
8101 7731
5931 1196
8615 3386
2988 4259
2632 9845
7896 9304
7918 2321
6655 2872
3598 9382
9936 6612
9677 5487
4107 1697
1989 141
5410 5338
9753 5717
5817 5558
9373 6043
3842 101
1652 1401
8099 6389
9078 4924
869 3767
8732 661
3638 560
2323 1067
8841 3259
8935 6366
19 815
1531 9262
4627 9840
2795 2674
2880 9852
873 6338
7776 4923
370 8640
7122 6516
4305 1862
7037 7226
5743 7247
6613 8933
4908 6647
6959 450
3568 9130
6502 4141
6893 432
2768 2196
9530 3255
5657 5273
8976 9477
6377 9583
7187 3779
2625 6342
6046 3135
5277 9262
9797 8425
9760 1208
6578 7258
6174 5005
3963 4362
986 8356
4614 7324
6278 6171
9542 2430
9068 7047
9241 5588
5930 5065
7839 5879
2040 834
1502 149
191 688
9196 1878
775 6684
6844 3416
5315 1596
8429 3769
4270 1137
9922 4176
8939 8342
9317 8957
4231 6576
4429 7513
7970 6415
5796 318
7179 4827
5844 8392
3889 9900
747 4696
365 3818
5908 5569
3707 857
6219 6530
9888 351
5876 9298
5766 2144
4694 7603
4443 6904
6755 6826
1080 4610
2279 9162
4890 3104
1077 3565
2672 5739
1535 2000
86 7480
441 3866
8118 408
3026 2214
3212 6644
5320 6210
3595 2242
877 1536
4613 1097
9611 9428
1224 6540
2959 4182
5522 4952
3776 5845
8126 4409
2851 4651
1750 572
1496 7858
626 6060
3728 9969
318 4000
650 5547
5423 4011
7188 4018
3834 1103
6486 9458
3077 8002
202 1837
977 1088
4404 4299
4674 4381
1098 5807
7320 8155
5396 1248
466 2367
527 8159
4439 8201
5401 289
930 8213
2441 1720
3309 5998
7941 7028
3409 7593
5079 3333
7928 7629
6560 5687
918 3223
2520 9463
6541 5212
4260 7922
5859 1125
4397 2709
6219 9498
9818 75
4944 797
5195 8971
2193 952
1564 5275
9460 5889
5181 2883
9568 6484
4777 4275
8312 4946
9162 5887
2155 2436
4216 6950
6445 1119
2144 9614
8557 8881
8920 4000
5131 5277
5235 8863
6528 7782
2127 9059
5118 7170
2259 6706
7165 9620
3987 1705
5229 7477
4120 4636
1332 3360
9165 222
2930 3359
9213 8078
5250 48
9494 367
7946 92
8585 6314
1580 1744
737 8165
7438 6636
4244 984
8928 7837
60 3408
2656 2067
5455 2414
8135 8231
9428 6776
1274 9558
7197 1385
1559 2912
5029 4667
3654 1373
1141 5025
2793 9329
4981 5977
832 3867
1417 4003
5945 4130
9545 9118
6534 122
5453 275
797 2029
5303 2105
9158 6312
7256 856
2925 9550
8847 1523
5474 8352
5748 2303
6551 1599
6815 9486
9647 2658
579 8919
3765 478
9208 1865
1171 4834
1640 6279
4046 9079
4951 6679
8871 8846
3469 6858
4478 9018
1357 7405
4141 7642
2782 2739
9086 8310
8612 9266
892 9866
813 4685
5903 6947
4372 5857
3972 1410
3639 6157
6921 7469
2174 1951
1603 5349
1465 1326
5582 4368
6574 4223
3880 6694
3901 429
7395 6685
6761 7752
2811 8647
9171 2051
5810 6720
2027 4778
4862 2290
8854 9909
4874 8414
5489 2737
8689 1266
547 5311
1456 85
1748 9580
6084 3768
2355 7300
7376 5702
3069 5372
9436 498
4130 1981
1754 3400
740 877
6168 4312
1207 8247
8788 3568
5308 3355
2862 6321
6578 8551
9455 4792
8359 5601
6173 5858
8597 5463
5712 644
3284 6962
3607 3422
2953 1380
4212 9003
9798 9685
6006 7641
1400 5247
2477 8459
8577 3464
6442 9929
6864 8113
9427 8820
7215 6340
2822 2877
729 2341
9285 2097
6231 8863
5404 6512
1820 213
6954 7511
489 2074
7174 4571
2310 8001
1132 7882
2716 5718
6949 9425
6864 6881
2064 5219
9205 1206
2306 6631
1405 1820
8136 3287
7963 6317
5338 9082
2814 3312
5318 6144
423 4525
3096 7235
2010 2316
7795 8805
685 3933
4946 3998
8134 4367
3343 8759
6296 4422
9568 4285
5340 7663
4392 92
8222 8856
1699 2013
1332 7232
9258 7850
6152 4974
4560 8036
1177 1878
1066 5167
5490 4003
4993 2244
7961 5367
1360 63
3693 7526
8313 9778
9485 561
