4873 2470
2290 2232
6152 2349
9635 563
6571 377
267 2228
9017 3737
7073 4305
1293 5198
9104 8435
9277 4047
9797 3454
4635 6390
7158 3202
6824 1443
9354 6689
3284 9
3139 3158
1996 9188
7615 2803
4984 8419
4833 4447
2335 4726
1055 1054
660 3325
7940 9065
5802 4536
1503 625
9769 2107
2692 6029
4699 3091
7902 344
6912 4440
4148 1569
9460 1237
2974 2396
7555 6598
7542 4402
6121 6621
2088 8816
6423 7293
1681 761
2039 8493
9399 8327
5227 9278
2729 4615
4095 2939
2407 9428
2527 7041
1107 4061
9375 2683
7701 6936
2158 9791
8380 8721
2777 6200
5213 6832
3528 5621
3810 365
5638 3524
9140 1334
5918 9618
1114 1057
7861 4878
7062 396
988 1889
2415 5337
3082 8164
5773 9877
8505 7962
6076 156
2593 4002
3468 2770
7345 6005
1692 4608
8199 9325
16 936
253 399
4294 7307
6370 714
3922 5642
7034 8988
9979 4377
5930 410
7071 1125
6125 6062
6473 4276
5869 1071
3874 2972
7923 2734
5314 6392
7349 4133
8663 1856
7653 2343
671 3261
8153 4161
1424 4073
7595 1928
563 6167
3439 3468
9291 7338
8895 1718
6003 7567
9649 5519
7689 588
3453 624
7062 9781
558 2324
6452 8193
3765 282
883 666
3150 8818
6419 8864
6351 9293
1400 5690
557 9319
293 4436
5759 8829
3786 8474
7005 3908
2009 3334
7717 3353
9378 967
6299 9776
4404 9949
5793 3763
9059 7030
6263 1385
6915 291
4685 6952
9080 1262
3357 1004
8518 8798
5309 6382
3331 527
9307 9904
8409 900
6353 9341
7630 3540
1076 8524
2324 5059
9230 9873
1765 6270
860 395
9139 6836
8258 7630
776 9260
7221 2081
5288 7784
7693 2320
1908 4324
30 3116
3398 6297
2075 15
2642 5574
5773 9070
1504 8396
260 3108
3800 4728
3166 9828
7913 9861
6419 2584
2414 3837
9082 667
889 1140
1396 7837
8753 6983
6577 7536
9546 2497
9532 2912
8181 7080
7155 9148
1356 5522
3786 5710
7856 4889
7130 3099
6704 8517
6366 101
9181 580
4071 7545
8582 8979
6227 2862
6780 631
5834 5571
5483 2114
7795 1249
4073 1023
3427 1429
7253 262
8728 2273
1065 8571
1924 1016
6016 9092
858 6967
6741 5325
1874 5286
5719 5081
6918 7524
1778 6954
9148 5966
2235 3773
2676 8003
5987 5337
672 1641
2579 5587
7384 9192
7343 6309
6586 4195
3316 3639
6241 1142
5854 2756
1986 9392
8593 1697
9050 217
2196 226
3753 4159
2262 4973
1729 978
5672 2844
3563 5032
1661 5276
2203 2408
4687 3406
169 4320
904 8154
7438 2584
5066 7044
6558 2720
4936 898
789 6206
1952 5451
6015 9416
3893 5877
5477 5279
2697 4150
5870 1234
3141 8303
9610 107
8769 7780
2017 4216
3240 9801
9928 5750
4051 348
7944 3284
1037 4168
1155 7430
8671 8369
3187 5124
1996 6853
5233 4589
273 9752
6811 7832
5937 266
4106 9268
8573 872
4590 9073
1228 3288
7281 2481
1147 5917
67 6076
2626 1834
142 7169
6156 453
2299 3711
184 1077
2397 6390
3981 2217
8033 7027
5464 4078
9817 9675
3656 9937
4347 9600
1223 8627
9427 8280
2390 6431
4435 4798
9355 8922
3521 1375
1881 2814
2073 438
1256 607
8101 6932
1036 9196
2243 867
1323 2736
8842 8288
6741 8626
5924 3861
4451 5016
3412 1053
2410 4149
8347 8146
5953 5527
4205 5755
1532 2256
5868 1530
6716 6380
9665 7132
5619 9672
112 2669
3535 448
7694 7845
4926 6908
4167 9747
5052 1888
3685 8737
8926 7234
9613 1884
5209 7222
6463 9896
1375 7655
6740 208
7501 3591
3853 9200
9961 7853
7976 7359
1503 6136
4107 3462
5581 5006
9258 3638
1134 1336
1013 6873
1250 3492
3924 3571
1296 2737
3663 8556
3796 786
1187 2404
473 7521
9511 1584
8599 2685
1781 9002
3281 6806
6344 7950
1751 4545
131 1198
9852 2671
6864 6776
8878 4259
7153 24
4016 3135
6443 7418
2533 537
176 1187
470 3699
759 4637
9384 9652
9985 2560
8267 5689
330 1150
6849 5077
7460 6944
1490 7337
8210 8463
4605 1898
3686 4939
8372 1165
9399 283
1222 7632
928 5037
3899 8576
548 747
2280 1095
3226 6211
5515 3225
1507 4405
5682 9067
9282 4495
2650 4408
7432 7203
2790 3354
4732 700
7129 8363
9603 570
3435 1056
957 5990
4931 2482
7035 9227
6482 4957
7199 7958
3989 2576
6069 5661
5736 7333
4257 275
6854 57
2036 7205
745 5575
539 3386
3358 8097
368 2728
7742 7287
3781 4026
3848 1970
9154 9395
3019 9567
6868 8194
866 5596
634 6562
8560 1974
5396 3102
4764 3029
5374 9199
5900 6673
9847 9139
3489 7759
6112 1749
7294 7958
1651 1039
5240 8895
3016 4508
8732 9853
2162 1639
7924 2731
9840 8852
2018 5491
6721 8264
9933 6853
4295 7572
5542 157
6601 4471
6236 9910
4756 6862
2625 8204
1865 9872
6795 6385
5149 5678
590 2701
8606 3442
7621 8740
5833 7672
9658 4077
9414 6311
1482 5946
8169 2032
7454 9091
4726 5133
6120 6726
7867 3092
4390 8863
7150 6630
4485 562
4823 5387
2022 5265
5223 7709
1297 8389
8878 6530
1792 3452
1479 3222
6743 6966
4527 301
845 4745
7004 1761
9012 4278
1410 7904
6801 9273
5997 7675
6816 1849
9471 8441
9246 9317
6389 633
6289 562
9526 8614
1097 4459
9991 6656
6930 8815
6550 2132
6601 6543
9729 6951
3975 8107
5588 6241
453 6488
355 6712
1678 9134
8270 1056
7196 4792
7339 5822
1552 617
9058 1063
1545 4567
977 1525
1040 5282
532 961
7242 3696
1848 6761
5509 3824
1226 6753
5952 2623
8896 2920
1888 1474
9720 5168
152 9342
9212 8890
4841 6100
1428 3597
250 786
6425 4273
335 7134
1767 1130
3886 2758
6911 9395
6028 9406
5604 7010
6722 5217
5619 1682
8148 6003
1169 7214
2725 2888
8498 8929
5929 6570
2777 1075
4541 6071
9496 5698
4567 1003
7871 4824
1051 6344
9519 9949
3441 9945
9659 4526
1152 7973
8804 859
2757 4073
2086 5121
237 1874
6142 1897
2816 1609
6869 7819
7704 8323
4405 2361
9491 5994
4749 5631
5936 8081
6802 9479
2732 7855
6937 3895
5260 8730
7104 9648
8956 6281
7523 7663
3024 5048
8574 9481
1598 1178
536 8921
1010 6770
8425 7506
9043 7790
5863 2209
7543 1112
765 3157
3249 9002
461 3348
8115 4684
9632 338
4930 6975
1620 1960
8328 9888
7959 9371
6363 7597
6523 9011
5164 493
7395 3597
1306 8943
2507 8374
8365 3690
9482 7849
2563 1343
5381 446
4 3087
8054 4002
8041 387
6390 5287
1172 7123
8871 6329
3827 3014
3268 6440
2731 146
3506 1611
4125 1657
826 2858
6355 6215
7085 3195
5031 3422
903 1510
6176 6333
280 9521
9670 8878
1008 7476
9994 7727
6153 1358
5663 8190
3525 7946
1850 2602
383 6643
7222 3416
9792 754
7935 9455
710 9388
3787 1367
901 4675
2283 2620
6731 2125
5915 1659
1286 815
9587 2939
4689 5360
4203 8260
161 2248
8571 1791
4160 396
39 166
3354 6814
199 8210
6240 699
214 8415
4983 6189
9060 3022
8309 3152
9158 3257
6377 6706
9990 5680
6767 1289
7429 1595
7056 920
7734 9807
2788 678
5666 3624
2085 738
7395 1839
1669 4240
7304 2733
8739 4445
8437 8778
3888 5239
5446 5939
8736 6965
2137 9924
3421 2743
172 5840
274 7198
9242 4767
3806 8178
1830 7699
5250 7059
9510 6934
5359 1023
5297 2259
5849 3069
3089 5765
9183 2828
1396 4224
9373 5426
8596 534
9323 6688
7489 1656
8548 1155
493 5336
1470 9019
1822 9311
4401 579
603 96
6234 3213
2474 1627
2156 2963
910 6394
8397 9107
716 6603
7823 3737
3431 8067
8012 5262
5155 4724
4778 8291
800 4704
8771 2426
2189 8964
985 4559
6328 6450
6968 5355
8985 8782
6073 8713
3197 5011
5155 9025
6017 5675
8923 7653
4612 533
3560 888
6028 4170
6245 7068
5804 3618
5335 3397
5642 432
3190 4409
4423 534
4666 8718
2426 9939
831 6178
4767 1848
1012 6573
4769 5077
3652 7317
9320 6970
6611 5148
7868 9842
5787 4193
6436 9235
9722 2647
8217 1086
1557 6745
7881 5726
3249 9482
3250 5474
7708 5766
6263 4389
4531 6146
8092 3840
5885 8274
5158 7372
1832 469
4289 4887
6487 4440
1156 1035
4425 5355
2333 7764
7009 1400
9279 3188
6283 6034
3156 6583
7470 3936
4987 1822
7654 8781
27 202
822 4158
4305 1223
1472 3429
6994 416
6146 3399
304 6871
2541 9305
4299 6334
4098 7903
9520 168
9570 2556
2968 3230
7051 1154
9813 4675
395 2490
5692 8551
3329 869
9547 9016
890 3395
3397 9745
7474 3635
578 381
4460 4507
5222 9290
5442 743
5752 4065
4929 2413
9056 9874
2077 7301
2786 6611
3117 8040
2882 4295
1024 5703
1203 6608
5967 5734
4734 6957
229 7751
8378 2191
2308 7839
6488 709
2663 4514
2473 4649
5831 7815
646 9617
5774 9437
659 6446
928 4810
3341 9993
3788 7525
2533 2472
6210 1637
9337 2718
7060 5321
3590 4460
161 9660
3226 2404
3606 1325
2334 1113
666 2194
8286 1741
5013 2796
6901 2282
6041 325
6025 7363
7635 9352
4350 3041
8603 5106
4355 6465
7626 1698
2619 1634
5869 7800
7560 8879
7749 593
241 585
4159 9762
7576 121
1483 6043
7467 3684
4396 9947
4033 9165
8954 3545
7762 421
878 3200
8213 9994
6340 4753
823 1246
2601 8393
6800 9207
5396 5522
4071 9299
7507 2853
6570 4406
5693 7961
5489 8882
1552 6957
7917 7587
8727 2564
979 678
5507 123
6921 302
8022 9136
6131 5114
4146 5924
5129 7110
8792 7644
4284 694
4059 90
1122 4263
4143 8702
6620 2736
1208 7922
7845 584
218 2397
5041 5090
8787 9981
5911 1272
4232 8719
6223 2320
880 1463
3943 3323
5723 1616
7849 2591
1210 4641
4638 3243
9625 9627
4951 3673
4793 9427
251 1535
257 8218
5961 1874
9470 6396
3388 9210
1911 5104
5996 9759
7591 5174
4228 4079
7127 3124
5072 6043
9279 6490
50 4366
2199 1578
8154 8573
5978 8809
2809 8933
7059 105
4679 9886
8018 3542
1464 9717
4292 5972
1858 6187
5401 2259
443 1076
9876 224
7906 137
4390 2168
5489 4508
2940 42
6821 578
1012 8171
4206 179
142 3156
659 7361
363 3773
2969 56
7607 5439
8035 3901
5332 6088
4884 7081
2183 1233
9135 720
7168 5317
36 5949
5831 1818
6807 4328
5390 7652
1601 9495
8902 8013
4508 7316
3984 2998
3221 6763
3163 7954
6077 9338
7472 752
9604 3671
3999 9487
3364 1379
9359 5015
2353 9939
4910 6727
7754 4742
100 2450
6873 2689
7364 5664
2249 8979
3984 2674
2546 9197
9527 6028
6081 1841
8351 2016
3394 6104
9059 6258
4790 4253
6331 4712
2498 2649
3685 4764
5406 5796
2808 7680
7417 8562
6866 543
9218 6421
3138 9721
2834 1081
4129 2836
6006 6219
5284 3751
8280 1043
9226 9208
2669 3078
5146 4831
3911 6211
5275 9868
8294 7536
9994 1854
7835 5735
2649 6065
745 9683
2257 4648
7777 2505
4319 5976
6907 1667
3324 1381
5963 6779
8948 4176
6063 838
8391 7971
7742 7881
8557 491
5949 8426
6735 42
6863 6545
3938 6378
9100 3753
1572 9492
928 3297
6651 5884
6363 9743
9712 7462
7346 8598
3381 3331
3380 6719
8889 2422
9731 4349
9046 6749
849 9672
7088 7280
7334 9830
3068 6316
5579 1099
6441 8782
8545 1718
5602 8539
4889 4223
3784 7017
5764 9315
3171 8227
3277 3328
7672 4493
6781 7662
5452 1568
3791 2454
2256 5590
6918 7089
