8462 9321
379 7351
5084 7154
258 7342
3478 5069
1011 5536
9072 1782
6101 2364
4296 7083
3153 8287
5766 2859
495 9955
887 2962
2234 3060
6038 4082
4318 332
9539 2171
9176 9570
9451 8604
6323 4839
7723 3159
516 7351
9016 2341
6029 9250
5743 3217
8598 7128
3652 9837
1057 8482
1890 4600
6923 9831
2471 8344
1098 511
2863 1793
3893 5907
2222 4117
407 3239
6853 129
4102 4853
221 587
5867 4692
2122 3948
602 9021
3917 4348
7542 8966
7213 7341
7971 1579
9347 1680
8243 67
1792 7279
67 8770
2129 6410
7712 9326
2383 1941
6753 9757
7728 7634
4645 3198
4703 2487
9291 6308
6042 4249
1284 4119
8218 5589
2061 5016
3737 9525
6539 5956
7533 4340
6067 6546
5569 380
3483 1101
2744 3354
4500 6501
6912 9346
542 792
8235 5231
8204 765
5751 6797
9545 8572
5608 6914
4084 8379
5151 4855
4174 5723
5226 4518
2656 7866
6660 9823
1087 3013
6023 3044
7211 6809
3442 7893
4225 5485
1499 1666
6004 5331
1766 2233
6934 1839
3200 6456
9338 8919
2310 7979
8732 3014
5439 9326
3523 5856
3208 9610
297 717
3410 7989
9890 5187
9056 1469
6878 7482
1501 9144
638 4083
9678 331
9315 1258
3881 4549
860 9385
4112 7291
9524 9537
9721 7172
1925 4730
1152 3211
1866 9412
455 7761
4428 6499
6733 3235
5078 5877
8648 4667
3197 9542
9151 2953
3386 1522
1672 9917
7442 2906
2938 3326
2174 329
2351 4070
5799 7632
897 9575
8546 5468
8132 1581
2853 3071
2848 4192
9342 2862
7408 3888
2474 1916
3641 5596
1254 7640
2816 5294
9927 4753
1634 4888
3991 2337
8800 8187
1818 4134
5438 4095
6540 89
1459 6827
4998 1506
5378 1355
1413 8015
5687 4628
1237 336
7058 6295
1607 7343
6138 1676
3348 9165
127 3334
6870 1237
2280 6385
2126 5965
260 1151
4210 4571
2405 9884
2943 2423
8758 8277
1152 9498
7242 9372
3891 8643
1721 9565
971 1452
4125 9964
403 8944
8650 1218
5706 6196
7728 1125
9705 8311
3888 6769
8686 5476
5757 2535
5465 7843
6892 6093
4716 619
5853 1803
4573 4363
6316 1326
5430 5417
3043 7055
2593 6207
7543 9777
9069 8655
7512 738
2890 922
4572 6401
5633 236
2611 498
1824 7494
2321 1199
1936 4740
7670 6402
2167 8191
9084 9908
1767 6025
9924 112
7216 6737
5902 8792
4596 7539
8826 983
9536 3931
1328 8472
2844 3170
4289 4982
4926 6469
1260 7255
1853 589
3330 3017
971 7397
7594 902
9404 8651
788 523
9255 1559
6697 4765
1853 6602
910 4941
9578 6520
7614 5967
4624 5087
1848 4650
9709 9043
8077 8146
5283 3620
276 9378
9016 9090
2568 7788
2650 3124
2022 4098
7579 6974
366 9674
3399 7805
7205 6042
2889 8543
9583 3666
6291 5042
3873 8497
1895 8135
4472 4169
9331 2535
5780 878
2751 4545
8120 9505
8401 5646
4242 6925
1489 8239
469 4044
6605 2476
6244 7720
3642 1740
8099 9737
3718 4130
5753 7971
2012 4066
456 4744
5434 7011
2684 5140
5428 2048
345 5884
2905 56
9101 4574
7547 6233
900 5728
4216 3889
9139 6719
5352 5613
7647 9667
5080 7846
6657 8255
9364 3512
9558 5942
5126 5184
5986 8698
6881 6163
1645 6533
6533 1168
7481 8835
7035 2341
5756 6530
7113 6341
2913 2569
3532 9064
7858 9539
420 4664
4654 2911
4373 1917
6719 4370
8629 7666
8472 3344
6213 8412
8412 9816
4249 6466
5439 3784
3372 7628
6702 8900
7922 7962
6048 6313
3756 1915
711 3069
5097 2251
7483 6043
9355 907
7170 3118
3935 520
3749 7806
510 51
8872 1423
2829 5331
5304 7107
1112 7563
2780 1266
9471 1115
8069 6784
7626 8671
4405 8157
5796 6946
1849 5428
6955 6841
127 8787
6871 4986
5001 132
1002 6435
5423 8468
5850 7288
8120 1184
7001 342
6299 6351
1824 155
5751 8658
1207 8897
2062 9189
7398 8874
2770 9829
5853 9145
703 7845
8756 8939
8250 4622
4551 2635
2984 2050
8341 9263
7939 8354
2986 183
1214 5480
8954 3615
7173 3542
9633 1106
9776 2767
2967 7026
1322 2204
7993 9920
4172 4895
4361 5735
712 8198
122 6780
2523 4157
750 2881
2899 5031
7205 5710
8863 7335
9280 8847
7743 8029
5388 9768
4035 2921
3225 5556
9932 472
4858 8129
3684 5618
2301 4958
2511 2051
2261 9093
6419 566
9901 8299
892 2134
71 6769
2674 6512
6386 7732
9933 7943
1716 7685
8154 5995
2996 8104
7842 1378
4810 3015
6698 9143
7117 6139
8434 6037
4675 2430
9561 6767
1540 9815
1490 4829
2565 422
6153 3688
5604 2708
3805 3250
8871 9233
9988 482
7678 8813
8545 3983
6836 8909
3195 679
2933 5985
9681 2473
3122 2329
4830 2523
8475 7472
4632 7402
1438 3421
6558 5746
4566 796
7510 2162
1043 5735
2436 5556
6387 7170
5150 9711
462 9065
9362 2709
928 2414
8023 3910
2436 3553
40 4469
8074 3501
5224 8003
5360 6749
9143 3275
880 3742
6070 9404
6482 4379
985 8231
1241 5730
1012 9647
201 6437
9147 7322
5593 7667
2037 2525
5466 547
9515 2484
1211 9428
8833 4798
133 8190
7512 9587
889 3553
395 6017
1911 1546
5603 3879
292 8542
1736 1712
6192 4658
1520 7865
895 1031
8713 6903
2019 4555
3521 3659
3712 9327
9532 8298
1979 4809
5669 2327
9925 3451
3132 538
1954 3097
3564 661
695 8345
2918 8524
6804 4582
3653 2635
8571 206
1215 9265
8732 8021
1016 3079
8945 3222
8130 1898
5025 7166
6002 1632
5553 3177
2730 4186
1431 6233
7829 8982
7477 4455
4672 4269
5553 7954
254 7523
7851 3459
6488 4678
5838 2872
3264 9348
9227 9141
5227 6813
9166 2070
7488 7585
7029 7405
2800 1675
1389 6005
6 7102
407 7876
7212 3638
9367 143
1885 1623
1224 4730
9769 2551
2970 4454
7538 3856
663 9241
7542 1573
6349 434
8309 6723
772 8884
8625 397
7598 7254
684 2499
580 4723
7541 2253
5646 3689
6408 5234
8646 8038
766 6376
4283 4595
4908 8153
4924 9376
5501 7559
2857 4281
5781 494
3364 1310
8708 9958
3087 5992
9727 9088
9219 5811
1694 6185
8740 9643
3642 9828
5437 1659
9553 8002
5333 5399
4591 3013
8100 9392
1184 6999
3100 1712
5108 2773
2090 4781
226 8846
7578 3926
9213 9529
7354 383
7821 6721
6704 9052
9295 6742
6887 6704
7564 9419
6602 1163
9046 4367
1524 9844
5855 3015
3892 3180
6323 5854
6274 9031
5347 8599
5554 3590
7085 1956
6218 3915
2221 778
9928 9757
1107 3310
3045 9693
2662 5262
2092 8695
7438 7037
9433 2906
4802 1200
5808 7006
4560 8099
9696 3942
8566 9780
7536 6881
1727 904
6158 1382
6852 9851
923 9650
7990 2388
4797 3648
6367 4137
5404 7674
1473 3329
4114 9846
5424 9082
3529 5243
9794 6498
3411 9633
9314 7661
9157 6893
5618 3203
2614 1062
4187 4561
8439 216
6582 7588
647 1423
2865 5069
8075 4665
8646 5393
606 106
9696 239
7497 6511
890 2220
3625 93
1798 13
5541 7106
3831 3886
2253 3716
701 4152
3518 9724
8941 1648
9583 5992
8386 5355
458 4772
2400 7229
3960 5201
3173 8490
9091 4097
8482 1931
6130 883
918 1557
5169 4826
5618 2345
7130 769
3755 3513
7489 4919
4933 1853
1506 8459
9431 3846
1790 2430
2743 9804
4265 9021
3850 5758
7485 7359
5342 7745
8680 4512
9710 4970
1815 4047
2416 3146
2310 2542
358 8491
3502 290
6134 1466
5206 1908
6586 4409
2441 4781
3913 6972
1054 8020
477 9216
3487 5309
2611 637
2518 4049
2226 6530
2555 3863
6327 6259
1125 3951
3857 1163
3697 613
3919 4614
2890 1215
4786 9061
3909 5189
8911 8177
9509 3737
8861 4030
5700 5636
6854 3669
9727 6065
3250 5118
8513 3698
5853 5771
7174 1334
2117 2494
7966 8701
9530 1893
7107 1683
4686 4808
8297 2167
913 6347
2845 2669
4496 912
7348 8836
2483 3797
7787 7388
4983 917
9431 7453
7555 4647
2501 2690
1867 8943
7531 1349
8276 5697
3082 8064
2110 4674
3659 5247
9816 8532
7377 2189
7414 1667
7661 9471
6863 1382
7214 6625
1322 5505
313 2496
8336 746
1280 7967
735 936
1341 771
7766 3053
3713 9619
3855 4847
4741 5414
8024 4266
8084 6674
4496 8285
8586 3941
5796 3169
9420 6136
6686 6523
2224 3179
4544 64
7578 9061
8195 416
1362 4688
9193 4820
8410 6174
9489 1358
9449 2062
1568 7337
9888 6941
5299 2670
196 8365
9447 2104
4452 9496
6759 6671
9964 7526
7421 1991
5758 2802
1042 4525
3433 1380
5800 1157
2138 1160
7692 2023
4338 1879
7008 3229
4933 2550
9957 1001
8494 1837
2733 8776
148 971
8453 5604
4265 1476
9171 6855
6480 7876
4629 7392
1133 9770
5957 6063
9906 9072
8008 7659
3448 2548
2847 3996
4172 3249
5081 6025
2378 7550
190 7677
2462 698
3068 6328
5632 4143
9964 8051
3034 2876
6014 6201
5252 111
9583 8764
6211 7790
1606 4087
4064 9324
9249 4992
2166 3931
5832 4622
9947 855
4038 8033
8554 3974
4071 3713
6095 946
8013 37
6717 5223
1372 8897
3058 7110
2357 3673
505 414
1011 8055
8362 7748
5172 9655
5480 3724
4138 6373
3942 9373
415 7771
3493 7039
1714 3854
4555 2921
7125 1817
8776 1075
5256 5551
795 7534
7915 2443
609 8472
7950 9205
9789 9817
6021 8838
8616 3244
6470 9806
3896 590
2090 9082
1008 1780
3570 9791
3378 3390
3657 8495
5303 3507
3404 8129
3907 3019
4162 4436
6850 6446
350 8591
8581 7088
8915 6368
9993 9825
6488 7348
3672 4439
6259 5395
1958 1506
3656 4351
6409 6960
1319 9831
7061 806
1972 7975
3454 2724
5762 9946
3173 416
808 434
6163 8941
2361 2894
9064 3163
1293 5665
8357 3890
2563 90
894 9531
6963 4253
3997 6366
1028 9813
7922 1656
6641 624
5247 8151
5490 2202
3145 5516
7285 4468
1849 2150
8138 6271
2522 7189
1422 8991
6341 1132
9120 2134
9880 5334
5941 5915
7843 3868
2545 7989
4370 818
2210 194
4888 3918
1051 4194
4123 6768
2691 118
3833 2492
1063 648
273 4994
1839 5882
1227 1584
8468 5441
4042 2875
7317 994
5118 5189
9878 5047
8949 9145
5542 713
2390 6556
8324 7551
1650 6337
8425 8520
7451 4167
7262 9001
7528 792
1286 1869
1697 7029
7791 263
6840 3473
3460 9089
7469 9104
1363 7169
8272 9093
1002 5327
4225 3868
9620 8651
9891 2155
8991 896
8866 5246
1795 4128
1084 757
8855 4093
3632 6625
2677 7506
7181 3332
3611 9708
6119 7617
6633 5232
7753 2314
3317 91
8850 2804
747 4805
2485 6975
2271 300
5969 487
6490 1242
4325 8486
2130 6780
5002 7452
3728 9634
3994 5723
4127 671
691 2558
200 9346
1604 5406
8429 9069
6282 3328
3289 7690
5903 3985
706 5465
5777 3419
689 7139
3071 3861
3615 2281
2600 6498
3448 2102
2489 9905
9577 7559
6982 1241
3379 6393
80 4969
9389 8117
6322 1262
7125 388
4587 8872
1146 8757
7176 1480
2012 4132
8854 1312
8645 5203
6640 7057
3687 3368
2544 1206
2895 1493
6916 7680
176 471
1341 4465
7920 5026
9064 5012
6206 9896
6211 2766
1115 7445
8501 6014
2297 5714
5616 8170
4661 297
3856 7826
6391 7478
2164 2329
7385 8239
7004 9250
7121 1399
1920 1296
6470 4563
8625 7377
4898 9009
1235 4271
3764 1016
3331 3094
6515 6633
6782 3640
6636 2909
3041 9659
6321 4389
2631 6448
9945 8544
6009 3525
9716 3900
902 52
6555 2357
6298 9363
684 7107
145 697
