4088 71
8292 3943
364 4119
8545 215
7918 2342
4964 2893
9303 4598
5498 6617
6745 142
7065 2333
4924 4577
7656 2545
9372 811
7433 479
8880 6022
7872 9805
5480 5819
644 6660
1126 8832
8976 6726
9563 8308
4255 1372
5471 5180
3599 8275
928 8254
6259 6504
3856 6800
6466 9563
5125 4891
4752 1722
3743 4835
7 6680
633 1570
8709 6723
8767 228
4730 3785
7911 9068
1715 603
5994 8931
7266 1837
1053 9562
3431 2095
7134 9619
4074 1525
1473 2761
4581 6571
4786 7736
5761 2806
1200 4547
2702 6041
575 6060
2071 103
5112 1017
476 7440
805 505
9616 1456
2387 6007
8704 8541
9592 6151
3492 4558
7119 3741
497 2795
8977 9277
2047 5586
5147 3513
7651 4903
7579 4817
2465 7026
8721 7847
1065 3426
234 2153
5655 7870
3976 4399
6884 2734
8838 4352
7780 6407
7196 689
5794 6064
3085 1950
2376 4373
7486 1945
4609 4885
5570 7693
5339 5280
6910 5811
8970 240
5341 1988
4015 5698
1877 8766
6590 4601
5971 4769
2361 8397
3856 8836
2891 3906
1494 4658
1655 2128
3391 8413
5307 6315
6270 5973
8967 298
2139 109
4126 2242
4000 5450
9578 3731
641 9072
3449 6969
3327 7352
2768 6629
1490 7798
4468 1635
1272 1628
8709 2160
2069 3354
5258 6199
7414 6285
2203 3259
3251 8955
4700 5338
1992 8553
5977 8174
4026 3945
6607 6662
5640 489
1516 1626
5896 9995
7065 1304
1874 7546
7304 1860
3417 2560
303 5706
525 4208
1305 4940
2718 7567
9657 5412
7872 5205
8873 5437
3432 7618
2474 526
4284 3845
7312 7049
7209 3896
8807 4401
925 3742
3735 9025
4693 413
3352 2232
2965 1263
3925 6341
9556 136
3814 8323
1188 8327
110 6674
7868 5228
7300 8487
4420 4297
3660 7202
6238 3527
3926 8119
2527 1919
2941 6350
4078 1419
3917 1185
3979 9968
9143 6385
6978 7036
9625 1071
6510 13
2313 2299
7048 9901
8033 4993
9677 9388
479 3238
1432 4308
9934 9836
8735 9638
140 2445
2141 5081
2121 5882
2733 160
9218 852
8027 3440
378 8460
756 4286
4535 5287
302 2535
192 2589
678 9457
3162 5980
8055 2608
4731 5700
7378 8099
2364 6019
8552 4324
1265 8814
2059 9005
5290 3489
8629 518
3128 6186
261 8590
7926 7411
4197 4921
6853 199
988 4544
618 2057
5309 1467
9407 8423
3913 7901
2420 8752
6185 4374
9436 9190
5764 2009
3147 219
784 5122
6916 6074
6729 1799
6779 5264
8599 4394
4585 2542
7988 3901
5984 6914
3376 9087
5373 3954
8173 4277
5319 4529
6793 4492
7825 9955
397 7682
9140 695
7943 1533
486 5938
971 7336
3625 1267
6903 2130
5629 7396
8103 2678
2992 4355
3591 8144
1131 2662
135 4100
6729 8495
9399 8537
6089 3239
9614 775
1630 3209
4018 109
5627 7438
6564 7156
5754 3415
1622 6229
8743 6439
6665 4725
2993 6866
9717 2335
7151 3439
9275 4253
9111 7273
4581 6058
232 8093
8880 8568
1489 4333
3639 8362
4076 4148
590 6124
6529 6457
7339 1483
6208 3725
9508 4773
3031 9600
8921 9183
4638 5003
1783 1346
4861 6099
1816 1863
6677 4532
7576 6584
3953 6787
7110 2492
4122 6767
8003 1410
1925 309
2618 2983
6624 1708
5730 418
1180 152
9672 2128
8052 4788
4256 9890
6572 725
9106 6923
1925 1756
977 9081
3369 7619
4777 1107
8895 7987
2097 9837
4222 7214
7257 3777
1375 7669
390 5425
2847 1476
2211 8017
171 780
17 9469
3800 1785
4075 8639
7938 852
467 2879
4447 2341
2922 8519
7880 2601
2372 9763
1395 5572
7294 2623
5750 3615
482 6858
7927 6770
8128 207
2666 8451
6332 5036
9607 6776
6591 2607
6728 9151
9230 758
8212 9533
4902 4964
5788 3143
3674 4636
9365 8203
5470 1666
1677 6045
4608 5656
8921 2056
3064 8868
6974 4161
2542 1735
267 5381
7924 8751
9516 6543
3079 8403
3863 2892
2566 1781
2046 6560
6764 9797
8366 7787
5290 1112
6412 8142
4460 4382
1768 3723
423 7456
5310 4226
3429 2892
6866 6457
6556 9039
5153 5733
3001 7532
7318 3829
3061 7241
8374 2772
7000 786
4392 4001
3213 4754
1679 1159
5586 3181
2750 7882
315 6506
8567 1342
5586 5996
1201 2382
3732 9122
2856 2277
3633 7437
5771 7089
8036 8298
1471 51
4560 24
7461 780
3390 1015
9529 9828
9445 1909
3816 863
1164 6454
4802 5812
2159 6406
7798 2743
5765 6754
1628 2070
4412 2849
2901 9271
9771 7899
2880 6229
1046 8718
6576 1719
3776 8350
1615 6742
9229 126
5428 1061
7873 8896
8430 880
9621 718
2991 1578
7608 4011
5386 9174
9878 3936
2309 8179
1870 4139
616 2041
8977 4756
103 9431
8831 6564
9843 7149
2967 3674
7158 8569
6121 6870
9990 8914
510 9352
2168 7273
8504 6059
6655 5976
7323 8894
3173 5020
8886 4391
6360 8895
7933 3196
9484 9389
7978 7257
2123 7022
5900 4369
9657 2627
4865 8685
6028 3040
539 6505
3346 7609
6928 2845
7166 2904
8764 4051
1100 2711
9276 1486
2401 82
3193 7984
3625 5408
2951 2604
6112 5559
2657 5689
8475 1441
6421 7835
4676 3148
4081 4267
9569 8629
26 1485
7948 6909
9566 6700
4620 8880
224 1953
6688 5636
3317 1222
1501 364
9048 7215
9676 1295
1736 8266
8031 7204
2616 5008
2157 6868
7154 8163
2603 6786
4446 5029
6043 6083
4001 3803
9856 9075
9095 9494
9783 9014
5368 4958
4613 4954
8902 4137
7716 9176
8223 199
6329 7973
7425 7769
9306 8320
1527 8137
4706 2290
2707 2814
7844 5143
6205 3855
7646 6034
6882 2773
7086 2592
7129 7635
1307 8773
8256 2819
2541 8240
1088 7684
1465 6378
51 2350
3177 6938
3464 472
7623 5728
1408 8402
1151 7145
4667 9324
271 5402
6296 5305
6308 4489
9630 3279
3846 3028
7993 1972
5658 4465
3008 1758
2585 2757
1946 6225
194 332
2360 7391
1400 4396
9436 5571
3569 1712
799 2849
8671 3577
8386 3228
1704 4434
2083 9050
7633 3347
1874 4801
2877 1564
4261 8694
3192 5576
3604 7640
8729 8448
8675 177
4399 3855
6369 9171
956 4934
4840 149
3524 9143
4809 7436
209 7435
4348 7636
6700 6486
5058 6186
7887 7767
5435 6703
3795 3541
8453 4973
1174 3826
9918 8807
9167 159
8417 2215
9004 9945
8384 7057
797 1595
3006 3
5388 1724
3584 4768
1710 1371
3261 2428
6006 7496
9318 418
326 5304
4135 6618
9706 2183
8793 5493
997 8636
4298 478
9030 867
7737 4376
5815 5103
9339 5071
2405 9490
5849 3967
2170 5505
3602 7300
3800 8180
3673 2013
6676 176
3643 3256
6633 5806
9617 425
3751 3058
8109 2000
2167 9211
3652 3293
2778 5415
5470 9036
9377 6976
1166 8585
6745 6013
2728 6073
3904 9645
6996 8921
6982 536
858 7155
4113 8116
6359 8899
3146 6546
6400 2355
276 8376
8707 9717
5153 8753
4702 9787
2600 8905
1039 4540
5506 2507
3185 2140
3611 2049
9829 2337
4343 9659
7985 7188
8774 1865
5920 4656
5258 1570
4351 9217
6197 2736
9566 4224
9396 7860
1083 6777
9037 8089
2037 1414
9323 816
6722 4687
9537 572
2813 9889
9474 7030
675 8841
8578 9564
7082 3293
8328 5479
1581 2881
5552 4960
1763 6334
6283 1268
7983 2166
5405 2931
8581 8154
3323 2987
1646 4765
194 530
1902 6621
7097 2381
3499 3860
288 8281
4702 9635
5519 3367
7134 534
573 573
3988 2464
1792 963
4527 99
8184 977
2489 9594
7176 4037
9668 7164
1333 4348
6509 7931
7648 8398
5716 3134
8066 5480
4969 4533
8470 7515
4129 9216
4431 4738
9865 565
6144 1578
8590 3018
9277 435
447 4049
2350 6495
2953 9261
1490 9968
6913 314
1645 4090
5050 3862
6006 6713
858 2419
7212 1783
7595 447
7632 8197
2513 2838
563 5846
7518 4882
7081 7219
7897 2805
1917 9666
2532 3158
2689 7288
3577 8461
5892 921
4152 518
4661 8383
9670 7078
7843 5782
3210 7512
881 8289
3315 7590
5894 7295
7595 4880
961 4640
1118 2704
7403 1839
8373 1382
948 3034
8549 6661
1154 7963
3972 1181
3944 1742
8408 4923
4592 4487
252 6677
7147 4067
927 5613
3578 4009
9253 8139
4538 2648
4403 6519
3696 8007
8454 1516
8431 6867
3919 354
9712 6795
559 587
319 9584
4957 6921
8653 4669
9139 3789
2655 9536
3180 603
5184 227
4585 5956
9677 2150
2848 7042
4742 6491
1486 7790
5640 8942
1353 9913
7484 1058
6265 3138
671 2714
4174 7172
3483 5082
3538 1112
1703 5121
914 9239
6633 1894
6544 122
5243 6448
7612 9767
9435 3052
3483 7165
2155 4316
6717 529
8548 596
3996 5267
8331 8690
2589 737
4724 7912
8125 5216
4541 4764
4766 2267
9269 1550
6364 7637
5618 4175
8301 1490
9312 179
4010 3364
8979 4214
2787 6743
2553 2233
2679 1352
5369 2656
2942 6575
4496 7787
9664 9676
9242 1320
3965 4346
3953 5747
5310 3470
1046 8987
274 7449
5303 2826
6369 8941
6021 8533
4953 7396
7780 4536
182 9940
1162 5818
7387 4906
4179 9420
2814 3395
6972 7818
6559 4954
317 4920
187 6150
9595 8278
1768 8583
779 3440
1448 8
1914 7085
1681 1241
6045 7362
9492 1833
7581 550
4638 1858
3585 9727
6561 7311
5488 1297
2841 8121
2060 9804
2207 6993
2503 1987
6739 1784
6513 2354
8729 9196
8566 7976
6390 837
1158 9101
5977 7537
4908 4573
5840 1283
7579 1523
3102 1023
494 6416
5239 2438
7053 6899
7482 361
3155 1176
1095 3322
5512 4588
4409 7322
270 8780
6855 6557
7948 1579
621 2132
7604 186
8198 3707
3781 6550
7775 2574
7933 8680
989 660
8835 2278
8840 2430
2567 1140
5839 7409
7368 6165
4490 8678
2747 6970
2030 6622
2360 9141
6306 1601
1889 8490
9088 2778
6347 7088
7329 6156
9307 7440
6949 1365
4058 7466
6854 9073
1310 7763
6067 393
634 5711
3692 2487
4280 9742
7547 9099
7297 578
9451 617
3525 4485
5487 8669
6389 6479
4564 123
1514 8197
2749 8545
6017 6223
7760 3243
6038 2564
3037 5140
4290 2833
9091 5845
7514 6309
7647 115
5084 5480
7576 9136
3193 9849
8730 3536
4377 842
147 6407
5908 3634
659 4289
5195 5102
8839 2139
6267 8811
3977 9230
6938 510
5702 5436
5958 490
5904 5200
779 7928
5913 1795
6413 625
3759 2593
767 7515
31 8190
9006 6427
9943 975
7262 3288
7839 2305
7085 4310
5707 7452
3273 795
5671 8146
5012 7687
6176 765
4357 4125
9973 5079
8406 1734
2987 8723
1834 1507
852 3162
7532 5197
2677 9144
4903 2644
4292 6424
4959 9869
2001 2809
7644 6817
8961 3960
1222 2780
1849 8429
681 8042
9076 2290
4239 9729
8056 2732
3493 9535
5346 1251
2554 3903
7393 7303
8901 8853
2320 9532
9795 8172
1902 3320
5008 1212
1511 9477
3344 3620
9095 3223
9302 4975
8347 4719
5538 4353
9281 6719
1474 8010
1449 7096
7254 6661
8616 6360
3563 2614
5438 8581
1615 9659
2571 2375
7599 3189
7602 5977
8873 5413
3552 7624
8749 8412
4469 7046
8781 627
4088 1063
8516 4313
3188 4221
4023 3808
1725 3215
1078 9029
9020 5133
3265 3732
517 7757
3622 5198
8335 5419
1781 6265
2504 827
6518 3669
5705 328
571 209
9887 8886
9019 7674
535 9670
9651 6008
4021 6760
6798 6253
8612 948
97 9218
1750 4580
3290 2695
7956 5923
4258 2096
5168 4650
1994 9087
1472 7318
6679 3523
3780 846
7130 6929
5669 8455
801 2256
7579 5826
3171 2989
6610 3949
7603 6312
970 812
2014 6126
