9490 6129
890 3799
799 8509
4425 3711
5713 661
8766 8659
461 5995
542 3313
9699 61
9415 3663
3885 9448
2148 6205
4807 381
3264 7192
8265 8516
6524 4518
5045 3343
8474 6447
3532 9443
4349 5562
9889 2296
7748 5785
132 3250
730 7034
4516 4822
6914 5045
8610 4256
8229 8605
602 792
9751 2073
9598 9481
4320 8253
4986 1423
5106 959
3370 4926
3464 5497
8182 1442
9992 8362
9346 158
9547 5059
45 6438
7280 4975
1774 77
8647 9147
5855 5289
6434 4650
1681 6946
8967 3046
3120 9120
2457 8083
925 9851
6680 5573
6995 2311
3507 5617
5995 2637
4876 1657
7329 6956
2257 7587
5 85
4900 960
5045 6853
2520 7115
2977 1656
9289 1485
3340 4486
3763 7102
8518 75
1067 5465
9216 7566
8305 6263
9619 9693
8155 1889
9519 7184
4235 9020
9590 6347
1950 275
5607 6560
9930 6404
6711 2040
8565 3504
5279 8515
5763 7346
2290 3109
1297 702
3424 7999
8761 8081
1669 770
2746 8820
7876 5656
9754 2482
1584 1987
7736 3715
2368 4297
10000 1148
2698 1588
7642 3668
6853 3565
8858 5403
5122 8511
3137 2331
4849 6721
5410 401
5100 9427
8482 5047
8381 7498
2724 685
9152 979
6234 1529
5663 7584
7730 8441
767 7142
6882 2052
1070 5143
3485 6008
9432 263
1007 3608
5240 6964
4794 1103
3382 2932
1721 5510
9593 7075
3265 241
396 6412
4398 7366
6067 1610
1442 903
8714 5178
2294 3635
7755 6872
7420 5364
3738 6347
9607 4439
1258 5424
2271 6877
6828 395
9987 4627
3972 6014
4240 6956
8911 353
2875 4075
9784 1381
7026 2521
3241 805
2561 7997
5797 2280
2067 9725
9835 1367
468 959
2990 6286
4654 7125
5908 6680
7365 3610
6669 3722
6478 8174
9623 3683
2542 975
5879 3134
262 2710
5190 3919
8921 1863
3372 2797
4954 7785
4070 3006
6521 7094
720 6373
7442 2905
351 7952
6853 3591
1495 1925
7821 5042
3718 7165
8302 3337
8655 6231
2227 2756
8773 8648
1744 5685
259 9463
98 1288
9565 2151
106 7904
455 385
9807 1463
7544 9241
77 1204
2709 15
5311 5652
9232 6823
8218 4384
2096 8389
7959 1230
8729 9721
9574 5953
5322 5275
9584 3042
546 349
7494 8163
6368 3866
2206 5128
7928 729
4905 3037
1751 9381
6613 8143
3291 1843
8979 8122
1643 8527
7905 1747
5968 4090
3140 725
7544 8588
426 8960
9127 2629
4851 9931
4428 4045
7502 7634
5488 6559
3393 2239
8929 8646
7578 4442
5096 2972
9826 9930
5488 3404
9122 7627
1667 1325
5983 2372
1918 7900
1359 562
4007 8647
9858 2115
5117 8733
6720 2530
5688 8951
9768 1780
6427 3176
5077 9926
481 6471
4735 4412
2656 9626
2182 6996
5864 4906
5662 1202
5340 7618
8766 6870
3805 1839
9377 1813
9053 9766
6056 2677
7785 4400
5550 1126
293 420
1373 8575
5632 4098
2010 5837
6653 4203
2497 7435
2338 4864
5987 5352
5797 620
7568 7794
3512 2778
4000 9071
3029 4983
7314 2548
1241 2422
4667 9757
7939 9612
881 1590
8041 2915
8881 9626
227 3098
5380 3385
95 1988
5505 9217
5919 865
648 4107
1655 4161
8607 368
1240 1324
4848 6043
6637 5124
373 3522
8942 7395
4094 5248
1555 9386
4884 9970
1140 1371
2335 7469
7057 8210
9135 1742
1237 5245
7313 5231
4850 5270
1870 2395
8127 527
2010 4558
9805 8994
7146 48
5019 7457
5813 1634
9883 7254
6986 6423
4289 6221
4194 4606
3845 2107
6849 1221
7440 8332
4652 736
9141 9115
1401 2219
5320 4409
9848 3567
1328 6553
2676 2516
9049 5937
322 6735
1985 6116
7304 2477
7965 3758
4144 5206
2959 8870
790 7956
2065 4248
4615 2775
1057 3520
6421 6725
4212 9426
2117 2813
3646 310
4784 9635
6333 1666
4489 7079
4635 9216
902 9368
1950 9555
7294 1620
3147 2954
3462 5275
9898 2209
7384 7475
9034 6167
4612 3770
6316 8665
4937 7135
8373 9958
7676 1780
9971 2688
1489 8087
3659 5845
984 5345
9366 8793
4780 4041
6134 1384
3644 919
4442 5346
9344 7369
8085 1878
282 9755
9484 5192
7289 6695
9166 3439
4857 3064
6857 7805
3539 6589
5188 1881
1113 7971
8315 5828
8925 4664
5332 6383
6283 2552
90 4964
7441 6929
6565 8550
4730 2444
2046 1398
8773 376
6270 4242
51 8935
2047 6197
2880 4966
5489 3251
37 8091
2660 8073
7427 6043
9542 1581
3625 4311
1122 6983
8564 4127
324 3311
1631 6353
7303 4722
1945 6669
3163 9539
2491 9206
7451 9459
1524 5857
5051 829
3088 4531
5417 8980
4181 9543
8595 2591
3112 5687
3276 9038
8969 8712
6099 2925
9314 6222
618 7567
6051 4178
4642 5637
6638 755
3551 461
9233 8149
2003 5118
9827 569
3763 6796
2574 6247
8224 3851
2820 9424
8171 9563
4691 670
5574 9411
7333 1453
6464 1889
4518 3903
2247 6966
3674 1085
8550 5984
3960 176
9401 8656
312 6316
1168 7578
7241 9062
7897 1670
3291 7288
6668 7042
7378 8388
9247 6373
2338 7912
125 1924
992 2104
1747 8865
9498 3026
8683 4506
7907 4749
9618 8474
5658 885
7144 7786
9995 3274
5138 4211
2919 4793
4523 3230
3323 7678
3144 1945
9151 5236
2135 7545
5898 7295
9182 959
7755 7850
3869 494
2161 9684
58 154
270 1191
7241 4366
850 6508
2615 1273
6886 6453
666 8057
6198 1885
4258 3694
698 1901
733 5808
7110 1140
1760 9637
3129 8841
7196 6460
6859 7716
292 9026
1142 1925
9263 9841
374 4353
8070 3725
8223 1334
6989 972
6313 9160
4289 6860
5925 3168
7402 2277
8179 9452
7772 252
5117 4164
340 8592
7202 9487
4209 7548
4489 9378
9746 9485
5779 2688
5260 1904
8160 5297
7527 2159
5715 3395
1345 9290
5082 7281
3561 5875
344 4513
429 5641
498 4355
7032 8803
9653 7038
7890 5970
5441 2831
728 2922
6686 4804
2030 6712
1387 1077
182 2150
4992 4681
4421 972
7148 7523
952 3657
4579 4925
8503 1621
5554 6179
1956 9859
7076 700
6138 916
4743 5160
4245 6903
6431 2578
5840 9707
2229 1667
3554 4575
250 5305
160 3423
7924 9319
3210 9670
508 279
4144 8051
514 5249
8635 8356
5306 698
8842 2969
6511 1838
3082 9611
7464 5814
3542 8342
2157 3616
6933 9542
6052 4289
7677 9994
3061 639
4864 5026
5855 9935
3766 871
104 2987
2134 5220
1764 8405
7316 7610
2394 3806
2535 9607
1453 7224
9051 6802
7518 2169
6182 7866
3608 4184
2637 2941
4585 2050
6655 1178
8001 5422
1222 5359
6020 8597
5382 5191
4400 1455
4059 9113
7682 3276
8877 3501
243 7602
2073 9038
8795 6136
4090 3420
9061 5440
1448 9327
3078 1544
9703 7107
7419 6780
7736 3591
5910 7607
4299 8243
3625 147
7514 907
6973 8067
6034 8840
3251 427
4570 575
2013 9734
6961 916
4516 3079
1244 4516
1365 9182
2732 6435
1010 8701
7328 6878
9928 173
2443 4190
6823 7806
183 5410
4304 4674
4047 5890
5007 4523
9155 9131
820 1551
5843 2048
1598 8688
839 3610
4620 9679
4140 8863
6994 4758
4951 1001
5039 3842
8533 7256
5024 1375
5135 4509
8706 1596
6175 8164
2385 5607
9309 5235
4640 7625
9748 4035
2628 2289
9516 8958
7915 3900
4551 4514
4588 111
3917 4057
8767 99
3148 5037
6567 9922
4674 5139
1963 3805
9305 1356
747 1641
7055 270
1038 7553
2770 6430
2603 1928
1482 8289
6040 2026
4397 6996
5229 8868
4069 6161
6281 4603
6375 6806
1001 286
2137 6346
1992 3753
3750 824
6538 8849
5810 4654
1784 5077
1514 2877
1169 3235
1303 3669
1143 8243
7368 875
5086 5845
8599 3286
7647 4844
3298 9569
2196 5177
9399 2237
8399 3040
9493 3432
8582 118
8882 6199
4027 4390
8074 9927
5049 3382
8569 7438
7044 8074
2529 3534
3107 8641
1509 5114
9336 557
2340 523
9002 2045
9236 6268
9539 3881
6936 4621
1628 858
7267 4482
5558 4396
3718 8443
2903 3977
4211 4876
3848 8505
7129 1164
6155 3594
4507 2167
1601 7480
250 2519
6401 8239
1463 9202
4427 6164
6751 1038
8161 5676
7560 5794
5473 4132
9862 9789
7357 4020
2661 1683
5815 5889
365 5210
6730 7331
5918 751
9894 6615
9254 2675
8306 2875
6640 7234
7548 8689
5832 6687
4778 609
7239 8540
91 2938
8298 4708
2591 4021
863 8888
8560 6161
2186 25
6171 3158
7075 5329
2488 2010
1217 199
7151 6417
1541 7439
1699 6111
4032 5805
33 4916
5889 3808
449 7601
7607 3148
193 9411
8326 1990
6273 8290
2364 6091
9320 2942
4249 4020
9104 2670
6799 8878
4712 7332
1441 9039
2964 1255
486 5192
8793 6541
7895 8825
8400 1105
8871 7431
1434 4797
3550 2387
1940 8712
5465 8957
2653 4283
8095 8952
5874 7586
5209 8908
5585 3806
8301 6474
1850 7524
7912 2480
346 5107
6026 6254
116 8645
3602 4344
5408 5593
2557 1008
8910 8671
3501 3739
9543 1025
9098 9004
3846 4048
8 3239
1268 4459
3854 2814
2951 1021
653 3986
3992 684
5124 6612
7867 3251
4387 6091
9422 3105
413 6139
2536 6793
344 3939
6427 1827
4790 3892
7257 4573
373 4080
924 3194
391 2332
4918 7499
2030 552
4155 9416
688 8433
586 6950
2739 500
9900 2496
6715 5476
6811 5396
1992 2192
2382 4944
5343 9993
7284 2051
2275 3958
6395 1568
5105 2107
8056 5645
8241 4984
9805 7004
7077 9531
4398 3418
747 6840
1037 7214
4853 4245
6830 255
920 1614
2500 3156
1767 2337
2610 7101
9006 3936
342 419
9718 7920
8471 9126
2458 7265
6622 2454
202 6376
2706 6962
7011 8142
8524 1368
2566 8863
3096 6044
9 9832
8830 6015
9018 1514
526 274
607 3348
1311 8382
59 8569
2151 2212
1498 3915
5638 6365
1178 1965
4205 5596
7728 6595
8314 8812
3759 2079
2963 4992
5915 1122
6879 6642
5014 6255
8376 5343
3388 7737
9811 1462
8882 6861
7971 9509
766 8203
2734 6138
2868 1402
5529 1566
7647 958
7958 3727
9374 9205
2847 6793
9259 9085
1496 4377
7028 1822
2527 128
2892 9242
9657 3565
4897 9816
6498 7626
9106 9742
7582 5785
8940 8797
5169 2534
3850 3368
3296 5382
1152 3542
9537 5814
1529 5932
3372 8620
2836 5484
8425 3371
1811 7272
7463 381
6878 164
8842 5720
3730 2740
4891 8683
60 3354
8510 6361
2510 378
9076 8343
8329 5844
4404 9863
2197 5063
9241 4686
5405 877
1973 3090
1536 6459
9366 2671
9286 4858
1262 8644
9699 3447
6742 3090
8670 9842
605 5401
3083 5948
7177 8186
2620 3218
8427 9785
6780 9625
1902 124
8436 9055
4839 8417
8003 7685
2033 3590
5379 2055
1709 5958
5035 9559
9416 2317
861 93
9622 4267
1282 9947
1674 6926
8909 1930
7064 8702
5891 5485
4827 5025
5424 7752
8748 2989
8381 8493
4058 7974
2084 1737
1636 3372
8598 4081
2634 9925
3230 7949
8765 130
9840 7412
67 6472
9300 69
1676 2864
1870 9428
8286 26
8459 5713
743 7930
3788 8153
6000 8693
7631 5632
2068 3915
2152 6379
6437 2167
6610 2317
9470 7912
3708 1556
9439 7477
4294 4690
9840 6200
6412 6266
9975 1551
565 2723
5814 5172
3885 7865
4550 7824
4899 9019
8329 6315
1796 299
2994 9529
8877 9632
3470 7428
1470 144
9532 1811
9272 7070
3164 4060
1651 8615
6730 7532
3815 607
5523 8184
9692 7803
6421 2597
9070 3693
8226 5810
6999 6360
6933 5459
6155 6344
2646 4619
2138 5282
3431 4486
5232 9278
609 8789
3990 3932
3202 802
9296 4311
6355 8291
