6671 324
9761 5897
421 2835
1486 598
9006 540
1806 7852
7024 6515
3461 30
4052 2191
8643 6988
5458 4279
2045 9515
5591 3474
3845 1088
61 8135
5609 2971
3970 8301
3945 1071
7303 8502
6089 1969
5454 1624
7813 693
7564 9790
3979 6932
7651 8595
1415 7285
5350 8982
6353 8665
979 9791
7680 569
6766 3613
853 7558
8658 6712
3918 9522
4551 5637
120 4933
5273 6573
4344 2456
4585 3117
8650 9648
3321 8458
2990 7206
6683 8443
9769 6804
790 156
1769 915
6763 7432
685 3876
5821 4508
8409 589
7372 3055
9477 3435
8817 3738
268 8797
2312 8877
7676 8201
5926 9642
6964 1626
4136 1668
2437 1694
9873 2926
6078 5042
2171 8112
8541 3781
4536 5639
949 1080
6642 8146
7755 6842
3686 3987
3284 3620
2669 5229
5677 1639
6049 216
5501 2671
8228 2063
8351 3721
8162 2632
9272 3633
6331 9587
9202 9951
3805 19
4155 9722
9127 4558
1154 8265
2506 5604
4077 481
3105 1155
6470 1098
6150 4436
149 1076
9259 6752
5238 1609
4134 1754
5609 3386
1020 5530
4145 8283
9607 9453
5213 8372
7119 2664
3926 4909
899 6792
5214 5179
4097 2258
4273 5293
6148 1482
4550 4829
450 754
791 6208
491 7788
2322 7814
2075 4594
4516 7320
9777 5760
7851 298
4977 9522
6319 888
6499 7212
1071 5944
2723 511
3247 4652
7104 8748
703 539
2856 7128
3727 8580
1788 5885
738 214
2296 9651
309 7437
1786 7059
6363 7395
3508 3
9189 821
5466 281
2505 3423
6600 7017
415 9218
1368 449
2022 5022
956 8785
198 2174
387 1414
9810 5456
2929 2925
900 2516
2252 1049
9560 4790
5948 5310
6547 790
1968 5863
2356 3383
7094 4349
1469 7140
476 8498
6532 6170
2228 6124
9757 1215
1555 9534
7499 5146
5440 7363
9894 9326
7680 2577
6228 4690
1961 2066
6990 3739
8082 3506
6007 3675
2215 3877
4616 8857
8830 3485
3230 2748
8344 1348
7311 4723
2169 6565
757 2984
8307 9373
9038 9240
4053 8795
7712 7398
5140 1979
1931 5488
2156 3575
1173 3592
6717 3437
6458 395
5846 6559
18 3492
9884 8959
3802 5382
8459 4279
4881 3822
2118 8897
2086 7311
2781 5387
2420 7749
4723 6982
6048 253
2253 8109
2091 6290
2778 9765
5571 1054
5309 6837
1346 6434
1129 701
8058 72
821 2136
3725 7728
7859 9313
3371 1790
5025 1444
1973 5182
2644 6878
7613 9035
2028 7212
6000 6109
3766 3328
7462 9809
2555 8438
4883 9113
6335 1395
5809 1478
5431 9129
5674 6787
2895 4200
6031 7715
1529 7922
8788 9088
5141 3133
9095 6881
4736 572
7645 3099
37 3498
5013 9807
9956 7050
4091 7996
3878 9317
2806 1725
8360 9301
4887 8633
1621 1594
9153 6273
4943 2042
5734 6325
4852 2019
7125 6865
6243 2919
1799 2231
7076 1209
3677 9942
7240 9994
6482 2749
9876 4982
4121 3539
5281 1510
241 6633
9621 4359
2858 8375
6508 948
1515 1916
7280 3307
3290 276
3545 3925
1252 5064
9749 5421
4520 1248
3643 3030
8841 1591
3874 4296
7991 1865
5870 3733
878 3610
7166 7523
8147 3795
2735 5630
4853 9064
4963 3157
9839 6513
1119 2380
818 6750
6913 4940
6960 5031
5821 5870
5142 8985
8212 8678
2641 8422
2322 4088
618 5162
7023 6375
3934 1338
5202 8329
7033 5571
1465 8700
1165 6345
2654 7212
3029 6979
3710 4538
3058 4956
9821 8035
8020 5986
1448 6655
6427 7747
9535 1694
9943 9882
8085 8337
807 2097
879 8557
8860 5129
7937 8887
2810 7396
5820 6917
1542 612
5942 9109
7169 62
4079 1600
2805 8233
1966 9719
3367 5256
1268 4832
6024 4641
4723 1942
9017 4321
2510 3945
1100 8223
4735 5777
7911 2379
2275 4943
4080 2831
496 4240
3853 7303
4952 2330
2156 5074
1116 3202
8761 6369
8293 6654
3859 3088
9316 3210
4305 7510
284 3217
2451 1172
1080 2987
6419 5295
1681 1186
5744 8737
1562 5978
3459 841
71 6363
3866 6413
7865 6473
9877 3453
3060 6152
7890 9153
4605 8022
9133 8453
5953 8069
4023 8827
9696 4269
7428 680
454 6400
4362 4498
9013 151
7798 1679
8410 5073
7746 2565
6102 1338
317 521
5603 1473
4502 9224
2520 6378
8098 667
3165 1044
2666 8087
273 8185
5372 8762
1980 9310
7401 406
8424 5184
2602 6105
7936 8264
3265 9578
5161 2764
230 1655
7539 604
9652 5818
5269 8341
2337 2052
8124 9799
5934 9471
4428 8557
9651 2778
4409 2384
1769 8312
8342 3865
5940 3682
6793 1075
5360 6676
8819 6450
3891 2690
4409 5660
667 308
8853 7017
2954 7417
2517 2448
3821 3428
8267 5742
6050 2902
6144 2542
4781 3472
3985 9286
4055 2197
2092 3051
6018 487
3123 2390
7063 845
1168 8261
1119 2737
9342 4927
2353 4501
3595 6786
7592 606
1032 2637
6270 3357
6347 8505
9189 8312
2025 8642
6460 2008
5619 6917
8403 8013
6396 3458
3037 8195
10000 6
7160 4764
1006 7610
2769 6646
2693 9772
2159 3013
8450 7348
9849 541
2488 1307
62 2290
533 4188
4530 8674
2900 9711
9753 5562
5415 3013
8877 7561
4161 1307
6799 9809
7889 1304
7308 9095
4859 8334
3012 9993
6235 5841
9981 3655
5427 8684
3562 7962
5656 5071
9479 9113
4499 1365
8211 7578
6625 7008
3812 6080
5396 3429
3849 7813
7029 1810
2704 1957
3370 8878
3307 6563
9166 9384
5674 793
4076 4508
4575 7342
2732 9953
2502 9572
9040 6536
9180 2430
4139 325
276 9988
5266 5545
907 4319
568 2281
9954 4189
5684 6015
1317 6100
7726 3551
3192 4976
7891 7319
6278 5182
9529 5233
5370 842
5095 6989
74 4817
3124 8742
7744 4690
7678 3937
6293 4963
2502 724
35 2138
3421 5265
1771 1370
4513 4079
8221 359
4057 2761
6731 5726
6287 4139
8572 8341
5542 2446
8532 2282
1199 9384
1546 2779
5935 2571
4773 8386
830 3039
5089 1982
2289 7521
3347 4789
6093 5196
7947 1120
9735 7090
7945 6781
8556 4264
6925 1056
4729 9334
1998 6099
3086 7539
7134 4692
7197 9911
9875 7828
8993 4471
847 9451
794 2437
9116 243
7356 5499
4640 6747
3300 5468
996 7995
8833 4521
7554 570
9606 1557
5371 6854
883 9067
7920 9317
2782 7687
4178 2276
750 9867
6472 2622
5479 7048
7221 7323
3434 9931
3033 8203
9864 129
3450 8895
7320 9017
210 7466
6985 5652
4252 3498
5013 5080
2311 7041
8141 6324
9219 3869
4696 8487
9358 5936
8673 9140
1781 8853
2904 4999
5662 9419
9220 5832
8216 8102
6398 927
7153 8904
5039 4933
3816 4390
1483 2519
437 687
8970 2187
608 8834
2884 20
4092 4167
7316 5741
1760 3727
2635 8710
6939 3568
2883 9623
2358 8685
8150 8892
4887 7073
9414 5517
9265 3829
5085 7048
6931 2809
567 2192
7132 2928
9208 4546
7752 5045
1910 2599
9438 8995
9254 8359
9808 8604
4029 8311
7880 276
8279 5543
8328 7638
6669 5611
9924 3782
5800 9829
8581 5119
322 4849
5504 5166
9004 273
4520 7166
9174 396
2666 6026
2331 769
3738 113
9676 2311
9874 6595
7218 3019
303 6616
8670 1050
9742 4058
5921 6562
2575 5073
6428 5199
6647 9481
2895 4179
4100 8267
2615 2900
8282 7236
9670 9459
144 512
2083 1934
5366 163
444 3828
7642 7640
4562 3021
7608 2127
588 9067
2667 4829
2446 4579
3522 1597
9413 7846
4461 6625
5639 3892
1180 4505
9947 9904
6392 1775
8215 4672
4110 3714
9539 2876
986 8063
8210 6292
4270 8681
797 7546
6057 5488
6151 87
1133 8924
3301 9123
4283 8847
1269 6918
749 3924
4622 3130
753 7350
2486 7806
1360 4247
9767 8371
7793 8377
920 4061
299 6751
3821 6472
2193 6110
7256 801
657 7832
1969 7601
8692 4682
1180 4192
9740 1708
2965 8986
4372 6068
5983 2477
8247 1120
5331 2086
1137 7584
8121 1849
1973 5409
6532 572
5351 6402
6412 1324
3297 1426
3878 6146
678 6078
5351 6390
8363 3004
2464 581
2304 1177
3615 4628
600 1686
4655 2623
3535 2701
9916 9435
5645 62
1340 646
7384 2968
3805 5542
3519 7968
8674 9845
7218 5827
7490 2486
2261 8177
4798 4842
3917 5623
8586 5663
2246 6073
5417 7073
9527 1708
5906 3648
7153 330
8125 7678
3653 848
927 8683
3048 1652
7840 3016
3943 3858
6303 8424
3863 4479
1361 6683
6518 9856
6087 9963
5387 6856
7589 7636
8160 5907
2923 6381
2366 8390
7621 2122
5505 7780
3740 2383
2482 4528
6036 94
1862 4329
3311 6673
2155 2331
5967 1463
5036 229
2065 9482
3838 6622
2486 4460
3642 1251
6877 7228
3049 1408
8951 4786
3769 2095
3654 734
9637 6679
5690 7057
1269 4756
1402 2400
3477 8414
3884 5585
1673 1809
5464 4007
6698 4687
628 8452
8519 7804
2375 4729
1205 2813
9452 3455
1904 5008
268 2575
4330 9762
3590 5975
4593 8698
1863 8239
9638 6400
9454 1855
8077 4506
6222 8283
9898 419
3098 9811
8920 3871
5886 3122
3199 773
7750 7942
9706 904
8139 2810
7269 886
5983 3546
3445 2324
2456 3624
2063 2108
1660 9237
3453 8470
4017 8642
1035 8563
6564 8650
7767 3296
2974 5533
2010 2390
9233 4216
1779 6211
9804 8385
6122 8716
1953 6525
142 8389
4954 4133
6334 3320
2715 3685
9585 4317
5526 6532
3053 336
6661 7776
1851 2983
6658 6285
7411 9803
8301 876
6934 8478
6576 4285
2018 5223
6378 7201
6637 9085
1254 2005
900 6259
8985 4497
9472 2336
6055 5223
3960 18
5201 324
4688 5982
9011 3851
4938 7881
3381 9041
7370 7833
6816 8111
1621 2595
2706 4947
9821 3406
6499 3494
5510 8876
325 321
723 46
7673 5207
9833 1945
6923 4668
9450 2203
4389 5748
8608 1449
699 1343
1660 3833
9115 8950
4074 4845
1636 3941
9979 6119
4506 8342
4389 1055
3710 8982
1300 9023
3990 5711
5454 5969
8333 9787
9078 3716
8021 5443
8605 1040
5949 5892
793 6313
2955 9427
894 6958
966 1313
8661 3938
6097 9019
9259 449
149 6543
3296 5839
9389 1216
7828 7240
8372 1384
9815 2620
1295 9793
538 6775
8356 4500
7402 8588
3614 5067
5368 7173
1447 9405
5916 8004
3407 6509
9739 2702
8165 4830
4349 7727
9989 1386
4778 5590
5229 3325
9057 1477
8130 6803
2414 4413
2383 9944
9703 6730
4732 8769
8878 7548
4347 4838
3132 6486
9955 6349
9269 1739
2075 8486
962 1205
382 4420
4474 7002
9004 6748
8858 7360
9794 6190
9277 3616
3704 1701
492 4172
9946 6746
5575 8594
6155 2448
6020 3040
5448 4423
8314 2218
6677 254
6452 4867
9680 3797
7917 8340
5840 9043
2339 8779
7479 7678
4163 3814
3841 8750
4185 1622
3133 7933
4654 2489
4266 5222
3879 2272
2608 1920
4148 4497
4406 8393
6083 9713
3235 7730
1509 4482
2066 8358
4141 7684
9360 4874
5890 7442
9337 3792
288 232
4622 5190
1508 9549
5226 2495
8765 6246
5153 3814
3723 5114
4444 1243
3559 3269
5613 8897
396 2806
4434 5158
7376 2012
6804 9712
1439 1941
1786 6994
3985 2393
9175 7013
2397 9336
8292 5259
6303 5996
7540 342
66 703
114 9334
4969 3086
3775 7682
3663 5959
9996 8742
6755 2734
6407 8510
8574 1793
3482 2681
9293 5211
2376 8438
4349 8337
7534 4224
2931 4977
1910 9852
7110 2301
1732 4564
198 7288
5788 1493
887 4214
560 2276
8304 3432
5966 8057
6300 4136
6601 6370
7801 8316
3102 6530
4404 8303
5392 5223
5984 1484
3233 178
6035 4715
3968 230
5352 849
1793 8435
815 5351
4257 6504
4956 9562
